#DEIMOS_Z
#DEIMOS Z band https://www2.keck.hawaii.edu/inst/deimos/filter_list.html
7953.19 0.00671759
7953.8 0.00677755
7954.42 0.00683794
7955.04 0.00689876
7955.67 0.00695915
7956.28 0.00701911
7956.9 0.00707955
7957.53 0.00714037
7958.14 0.00720034
7958.76 0.00726078
7959.39 0.00732165
7960.0 0.00738162
7960.62 0.00744206
7961.24 0.00750251
7961.87 0.00756338
7962.49 0.00762345
7963.11 0.0076839
7963.73 0.00774435
7964.35 0.00780485
7964.97 0.0078653
7965.59 0.0079258
7966.21 0.0079863
7966.83 0.0080468
7967.45 0.0081073
7968.07 0.0081678
7968.69 0.00822831
7969.32 0.00828881
7969.94 0.00834932
7970.56 0.00840987
7971.18 0.00847038
7971.8 0.00853093
7972.42 0.00859149
7973.04 0.00865205
7973.67 0.00871261
7974.29 0.00877317
7974.91 0.00883373
7975.53 0.00889429
7976.15 0.00895485
7976.77 0.00901546
7977.4 0.00907607
7978.02 0.00913664
7978.64 0.00919725
7979.26 0.00925786
7979.88 0.00931848
7980.51 0.00937909
7981.13 0.00943971
7981.75 0.00950033
7982.37 0.00956099
7982.99 0.00962119
7983.62 0.00968228
7984.24 0.0097429
7984.86 0.00980314
7985.48 0.00986424
7986.11 0.00992491
7986.73 0.00998559
7987.35 0.0100458
7987.98 0.0101069
7988.6 0.0101677
7989.22 0.0102279
7989.84 0.0102886
7990.47 0.0103497
7991.08 0.01041
7991.71 0.0104708
7992.34 0.0105319
7992.96 0.0105926
7993.58 0.0106529
7994.2 0.0107137
7994.83 0.0107748
7995.44 0.0108348
7996.07 0.0108959
7996.69 0.0109567
7997.31 0.011017
7997.94 0.0110778
7998.56 0.0111391
7999.19 0.0112003
7999.81 0.0112602
8000.44 0.0114416
8001.06 0.0116747
8001.68 0.0119064
8002.3 0.0121394
8002.93 0.0123742
8003.55 0.0126057
8004.17 0.0128386
8004.8 0.0130733
8005.42 0.0133047
8006.05 0.0135379
8006.67 0.0137709
8007.3 0.0140055
8007.92 0.0142369
8008.54 0.0144698
8009.17 0.0147028
8009.79 0.0149356
8010.42 0.0151685
8011.04 0.0154015
8011.67 0.0156343
8012.29 0.0158672
8012.91 0.0161002
8013.54 0.0163329
8014.16 0.0165657
8014.79 0.0167986
8015.41 0.0170312
8016.04 0.0172641
8016.66 0.0174968
8017.29 0.0177296
8017.91 0.0179623
8018.54 0.018195
8019.16 0.0184276
8019.79 0.0186604
8020.41 0.018893
8021.04 0.0191257
8021.66 0.0193582
8022.29 0.0195909
8022.92 0.0198235
8023.54 0.0200561
8024.17 0.0202886
8024.79 0.0205212
8025.42 0.0207536
8026.04 0.0209861
8026.67 0.0212187
8027.29 0.0214511
8027.92 0.0216836
8028.54 0.0219144
8029.17 0.0221485
8029.8 0.0223808
8030.42 0.0226115
8031.04 0.0228441
8031.67 0.023078
8032.3 0.0233103
8032.92 0.0235411
8033.55 0.0237749
8034.18 0.0240073
8034.8 0.0242378
8035.43 0.0244701
8036.06 0.024704
8036.68 0.024933
8037.31 0.0251668
8037.94 0.0254007
8038.56 0.0256329
8039.19 0.0258633
8039.81 0.0260955
8040.44 0.0263292
8041.06 0.0265581
8041.69 0.0267918
8042.32 0.0270239
8042.94 0.0272544
8043.57 0.0274864
8044.2 0.02772
8044.83 0.0279537
8045.45 0.0281824
8046.08 0.0284159
8046.71 0.0286479
8047.33 0.0288783
8047.96 0.0291103
8048.59 0.0293438
8049.22 0.0295741
8049.84 0.029806
8050.47 0.0300378
8051.1 0.0302712
8051.73 0.0305015
8052.35 0.0307332
8052.99 0.0309667
8053.61 0.0311967
8054.24 0.0314285
8054.87 0.0316603
8055.49 0.031892
8056.12 0.0321237
8056.75 0.0323555
8057.38 0.0325887
8058.01 0.0328187
8058.63 0.0330504
8059.26 0.0332821
8059.89 0.0335136
8060.52 0.0337452
8061.15 0.0339768
8061.78 0.0342084
8062.4 0.0344399
8063.03 0.0346714
8063.66 0.034903
8064.29 0.0351344
8064.92 0.035366
8065.55 0.0355973
8066.18 0.0358288
8066.81 0.0360603
8067.43 0.0362917
8068.06 0.0365231
8068.69 0.0367544
8069.32 0.0369857
8069.95 0.0372172
8070.58 0.0374484
8071.21 0.0376796
8071.84 0.037911
8072.47 0.0381423
8073.1 0.0383736
8073.73 0.0386048
8074.35 0.0388344
8074.98 0.0390672
8075.61 0.0392984
8076.24 0.0395295
8076.87 0.0397591
8077.5 0.0399918
8078.13 0.040223
8078.76 0.0404525
8079.39 0.0406852
8080.02 0.0409163
8080.65 0.0411456
8081.28 0.0413768
8081.91 0.0416093
8082.54 0.0418403
8083.17 0.0420698
8083.8 0.0423006
8084.43 0.0425332
8085.06 0.0427626
8085.69 0.0429934
8086.32 0.0432259
8086.94 0.0434536
8087.58 0.0436862
8088.21 0.043917
8088.85 0.0441494
8089.47 0.044377
8090.1 0.0446093
8090.74 0.0448418
8091.36 0.0450692
8091.99 0.0453016
8092.62 0.0455323
8093.25 0.0457614
8093.88 0.0459921
8094.52 0.0462245
8095.15 0.0464551
8095.77 0.0466842
8096.41 0.0469147
8097.04 0.047147
8097.67 0.0473759
8098.3 0.0476065
8098.94 0.0478386
8099.56 0.0480676
8100.19 0.0484364
8100.83 0.0491157
8101.46 0.0497948
8102.09 0.0504744
8102.72 0.0511534
8103.36 0.0518375
8103.98 0.052512
8104.62 0.0531907
8105.25 0.0538697
8105.88 0.0545492
8106.51 0.0552281
8107.14 0.0559069
8107.77 0.0565855
8108.41 0.0572646
8109.04 0.057943
8109.67 0.0586219
8110.3 0.0593007
8110.94 0.0599793
8111.57 0.0606579
8112.2 0.0613364
8112.83 0.0620147
8113.46 0.062693
8114.1 0.0633717
8114.73 0.0640497
8115.36 0.0647282
8116.0 0.065406
8116.63 0.0660843
8117.26 0.0667624
8117.89 0.0674405
8118.53 0.0681185
8119.16 0.0687963
8119.79 0.0694746
8120.42 0.0701475
8121.06 0.0708298
8121.69 0.0715078
8122.33 0.0721856
8122.95 0.0728581
8123.59 0.0735405
8124.23 0.074218
8124.85 0.0748908
8125.49 0.0755733
8126.12 0.0762506
8126.75 0.076923
8127.39 0.0776006
8128.03 0.0782827
8128.66 0.0789596
8129.29 0.0796321
8129.92 0.0803093
8130.56 0.080991
8131.19 0.0816632
8131.82 0.08234
8132.46 0.083022
8133.09 0.0836892
8133.73 0.0843704
8134.36 0.0850474
8135.0 0.0857289
8135.62 0.0863957
8136.26 0.0870771
8136.9 0.0877588
8137.53 0.0884253
8138.17 0.0891068
8138.8 0.089783
8139.43 0.0904545
8140.06 0.091131
8140.7 0.0918121
8141.34 0.0924879
8141.97 0.0931594
8142.6 0.0938355
8143.24 0.0945162
8143.87 0.0951875
8144.51 0.0958633
8145.15 0.0965441
8145.78 0.0972151
8146.41 0.0978911
8147.05 0.0985665
8147.69 0.0992469
8148.32 0.099918
8148.95 0.100594
8149.59 0.101269
8150.22 0.101944
8150.86 0.10262
8151.5 0.103295
8152.13 0.10397
8152.77 0.104646
8153.4 0.105321
8154.04 0.105996
8154.67 0.106671
8155.31 0.107346
8155.94 0.108021
8156.58 0.108696
8157.21 0.109371
8157.85 0.110046
8158.49 0.110721
8159.12 0.111396
8159.76 0.112071
8160.4 0.112745
8161.03 0.113419
8161.67 0.114094
8162.3 0.114768
8162.94 0.115443
8163.58 0.116117
8164.21 0.116792
8164.85 0.117466
8165.49 0.11814
8166.12 0.118814
8166.76 0.119489
8167.4 0.120162
8168.03 0.120836
8168.67 0.121511
8169.3 0.12218
8169.94 0.122858
8170.58 0.123532
8171.21 0.124201
8171.85 0.12488
8172.49 0.125553
8173.13 0.126227
8173.76 0.126896
8174.4 0.127574
8175.04 0.128247
8175.67 0.128916
8176.31 0.129589
8176.95 0.130267
8177.58 0.130936
8178.22 0.131609
8178.87 0.132287
8179.5 0.13296
8180.13 0.133628
8180.77 0.134301
8181.42 0.134979
8182.04 0.135642
8182.69 0.13632
8183.33 0.136993
8183.96 0.137661
8184.6 0.138338
8185.24 0.13901
8185.88 0.139688
8186.51 0.140351
8187.15 0.141028
8187.79 0.1417
8188.42 0.142368
8189.06 0.14304
8189.71 0.143718
8190.34 0.144385
8190.98 0.145057
8191.62 0.145734
8192.26 0.146406
8192.89 0.147073
8193.53 0.147745
8194.18 0.148422
8194.81 0.149088
8195.45 0.14976
8196.09 0.150432
8196.73 0.151104
8197.37 0.151775
8198.01 0.152447
8198.65 0.153123
8199.28 0.15379
8199.92 0.154461
8200.56 0.155508
8201.2 0.156604
8201.84 0.157701
8202.48 0.158799
8203.12 0.159896
8203.76 0.160993
8204.4 0.162088
8205.04 0.163185
8205.68 0.164281
8206.32 0.165377
8206.96 0.166475
8207.6 0.167571
8208.24 0.168667
8208.88 0.169763
8209.52 0.170858
8210.16 0.171955
8210.8 0.17305
8211.44 0.174147
8212.08 0.175242
8212.72 0.176338
8213.36 0.177433
8214.0 0.178529
8214.64 0.179624
8215.28 0.180718
8215.92 0.181807
8216.56 0.182909
8217.2 0.184004
8217.84 0.185091
8218.48 0.186194
8219.12 0.187288
8219.76 0.188383
8220.4 0.18947
8221.04 0.190573
8221.69 0.191667
8222.32 0.192754
8222.96 0.193847
8223.61 0.194949
8224.25 0.196036
8224.89 0.19713
8225.53 0.198232
8226.17 0.199324
8226.81 0.20041
8227.45 0.201504
8228.1 0.202606
8228.73 0.203683
8229.38 0.204785
8230.02 0.205878
8230.65 0.206963
8231.3 0.208065
8231.94 0.209157
8232.59 0.210258
8233.22 0.211334
8233.87 0.212435
8234.51 0.213529
8235.15 0.214612
8235.79 0.215706
8236.44 0.216806
8237.07 0.217891
8237.71 0.218982
8238.36 0.220075
8239.0 0.221174
8239.64 0.222258
8240.28 0.22335
8240.93 0.22445
8241.57 0.225534
8242.21 0.226626
8242.85 0.227717
8243.5 0.228809
8244.14 0.2299
8244.78 0.230991
8245.43 0.23209
8246.07 0.233172
8246.71 0.234265
8247.35 0.235355
8248.0 0.236445
8248.64 0.237537
8249.28 0.238627
8249.93 0.239718
8250.57 0.240807
8251.21 0.241898
8251.86 0.242989
8252.5 0.244078
8253.14 0.245169
8253.79 0.246259
8254.43 0.247349
8255.07 0.248439
8255.72 0.249528
8256.36 0.250618
8257.0 0.251707
8257.65 0.252797
8258.29 0.253886
8258.93 0.254975
8259.58 0.256065
8260.22 0.257154
8260.87 0.258244
8261.51 0.259332
8262.15 0.260421
8262.79 0.261501
8263.44 0.262599
8264.09 0.263686
8264.73 0.264775
8265.38 0.265864
8266.02 0.266953
8266.66 0.268041
8267.3 0.269121
8267.95 0.270216
8268.6 0.271304
8269.24 0.272385
8269.88 0.273472
8270.53 0.274568
8271.18 0.275655
8271.82 0.276736
8272.46 0.277823
8273.11 0.278917
8273.75 0.279997
8274.4 0.281084
8275.05 0.28218
8275.68 0.283251
8276.33 0.284345
8276.98 0.285432
8277.63 0.286526
8278.26 0.287598
8278.91 0.288692
8279.56 0.289787
8280.2 0.290857
8280.85 0.291951
8281.49 0.293037
8282.14 0.294116
8282.78 0.295202
8283.43 0.296296
8284.08 0.297381
8284.72 0.298458
8285.36 0.299545
8286.01 0.300638
8286.66 0.301716
8287.3 0.302801
8287.95 0.303894
8288.59 0.304971
8289.24 0.306057
8289.89 0.307142
8290.54 0.308234
8291.18 0.309311
8291.83 0.310396
8292.48 0.311489
8293.12 0.312565
8293.76 0.31365
8294.41 0.314734
8295.06 0.315818
8295.71 0.316904
8296.35 0.317987
8297.0 0.319071
8297.64 0.320154
8298.29 0.321239
8298.94 0.322322
8299.59 0.323407
8300.23 0.324487
8300.88 0.325563
8301.53 0.32664
8302.17 0.327714
8302.82 0.328791
8303.47 0.329867
8304.12 0.330942
8304.76 0.332018
8305.41 0.333093
8306.06 0.334169
8306.71 0.335244
8307.35 0.336319
8308.0 0.337394
8308.65 0.338468
8309.3 0.339543
8309.94 0.34061
8310.59 0.341693
8311.24 0.342768
8311.89 0.343842
8312.54 0.344917
8313.18 0.34599
8313.83 0.347065
8314.48 0.348132
8315.13 0.349212
8315.78 0.350287
8316.42 0.351353
8317.07 0.352427
8317.72 0.353509
8318.37 0.354582
8319.01 0.355648
8319.66 0.356721
8320.32 0.357802
8320.96 0.358867
8321.61 0.359941
8322.26 0.361022
8322.9 0.36208
8323.55 0.36316
8324.2 0.364232
8324.86 0.365312
8325.5 0.36637
8326.15 0.36745
8326.8 0.368529
8327.44 0.369588
8328.1 0.370667
8328.75 0.371739
8329.39 0.372803
8330.04 0.373875
8330.7 0.374955
8331.34 0.376027
8331.99 0.37709
8332.64 0.378162
8333.29 0.379241
8333.94 0.380306
8334.59 0.381376
8335.24 0.382455
8335.89 0.383519
8336.54 0.38459
8337.19 0.385661
8337.84 0.386739
8338.49 0.387803
8339.14 0.388874
8339.79 0.389951
8340.44 0.391014
8341.09 0.392085
8341.74 0.393155
8342.39 0.394226
8343.04 0.395296
8343.69 0.396366
8344.34 0.397436
8344.99 0.398505
8345.64 0.399575
8346.29 0.400644
8346.94 0.401713
8347.59 0.402784
8348.24 0.403852
8348.89 0.404922
8349.54 0.405991
8350.2 0.407061
8350.85 0.408129
8351.5 0.409198
8352.15 0.410266
8352.8 0.411335
8353.45 0.412404
8354.1 0.413473
8354.75 0.414541
8355.41 0.41561
8356.06 0.416678
8356.71 0.417746
8357.36 0.418814
8358.01 0.419882
8358.66 0.420949
8359.31 0.422018
8359.97 0.423086
8360.62 0.424152
8361.27 0.425221
8361.92 0.42628
8362.57 0.427356
8363.22 0.428422
8363.88 0.42949
8364.52 0.430549
8365.18 0.431623
8365.83 0.43269
8366.48 0.433749
8367.13 0.434816
8367.79 0.435891
8368.44 0.436949
8369.09 0.438016
8369.75 0.43909
8370.4 0.440156
8371.05 0.441213
8371.7 0.442281
8372.36 0.443354
8373.0 0.444405
8373.66 0.445478
8374.31 0.446543
8374.96 0.447601
8375.62 0.448674
8376.27 0.44974
8376.93 0.450812
8377.57 0.451863
8378.23 0.452935
8378.88 0.454
8379.53 0.455057
8380.18 0.456122
8380.84 0.457195
8381.49 0.458252
8382.14 0.459316
8382.8 0.460388
8383.46 0.461452
8384.1 0.46251
8384.76 0.463573
8385.42 0.464645
8386.07 0.465702
8386.72 0.466765
8387.37 0.467829
8388.03 0.468892
8388.68 0.469956
8389.33 0.47102
8389.99 0.47209
8390.64 0.473146
8391.3 0.47421
8391.95 0.475273
8392.61 0.476336
8393.26 0.477399
8393.91 0.478462
8394.57 0.479524
8395.22 0.480587
8395.88 0.481649
8396.53 0.482711
8397.19 0.483774
8397.84 0.484836
8398.5 0.485898
8399.15 0.486961
8399.8 0.488022
8400.46 0.488838
8401.11 0.489549
8401.77 0.490261
8402.42 0.490973
8403.08 0.491683
8403.73 0.492395
8404.39 0.493106
8405.04 0.493817
8405.7 0.494528
8406.36 0.495239
8407.01 0.49595
8407.66 0.496656
8408.32 0.497371
8408.98 0.498083
8409.63 0.498788
8410.29 0.499503
8410.94 0.500215
8411.6 0.500924
8412.25 0.50163
8412.91 0.502345
8413.57 0.503056
8414.22 0.503761
8414.87 0.50447
8415.54 0.505186
8416.19 0.505891
8416.84 0.506601
8417.5 0.507315
8418.16 0.508025
8418.81 0.50873
8419.47 0.50944
8420.13 0.510154
8420.78 0.510853
8421.44 0.511568
8422.09 0.512277
8422.75 0.512982
8423.41 0.513696
8424.06 0.514405
8424.72 0.515119
8425.37 0.515818
8426.03 0.516532
8426.69 0.517241
8427.34 0.517945
8428.0 0.518654
8428.66 0.519367
8429.31 0.520071
8429.97 0.520779
8430.63 0.521493
8431.29 0.522202
8431.94 0.522905
8432.6 0.523613
8433.26 0.524326
8433.92 0.52503
8434.57 0.525738
8435.23 0.526446
8435.89 0.527154
8436.54 0.527861
8437.2 0.52857
8437.87 0.529282
8438.52 0.529985
8439.18 0.530692
8439.83 0.5314
8440.49 0.532108
8441.15 0.532816
8441.81 0.533522
8442.47 0.534229
8443.12 0.534937
8443.78 0.535644
8444.44 0.536351
8445.1 0.537058
8445.76 0.537766
8446.42 0.538472
8447.07 0.539179
8447.73 0.539885
8448.39 0.540593
8449.05 0.541299
8449.71 0.542006
8450.37 0.542712
8451.03 0.543419
8451.68 0.544124
8452.34 0.544831
8453.0 0.545537
8453.66 0.546244
8454.32 0.54695
8454.98 0.547655
8455.63 0.548357
8456.3 0.549067
8456.96 0.549773
8457.62 0.550479
8458.28 0.551185
8458.94 0.55189
8459.59 0.552595
8460.25 0.553296
8460.91 0.554007
8461.57 0.554711
8462.23 0.555412
8462.89 0.556117
8463.55 0.556827
8464.21 0.557533
8464.87 0.558232
8465.53 0.558942
8466.19 0.559647
8466.85 0.560347
8467.51 0.561052
8468.17 0.561761
8468.82 0.562456
8469.49 0.563165
8470.15 0.56387
8470.81 0.564579
8471.47 0.565278
8472.13 0.565983
8472.79 0.566692
8473.45 0.567385
8474.11 0.568095
8474.77 0.568799
8475.43 0.569498
8476.09 0.570202
8476.75 0.57091
8477.42 0.571619
8478.07 0.572313
8478.73 0.573016
8479.4 0.573725
8480.05 0.574423
8480.71 0.575126
8481.38 0.575835
8482.04 0.576533
8482.7 0.577236
8483.36 0.577939
8484.03 0.578646
8484.68 0.579345
8485.34 0.580047
8486.01 0.580755
8486.67 0.581453
8487.33 0.582156
8487.99 0.582858
8488.65 0.583561
8489.31 0.584263
8489.98 0.584966
8490.64 0.585668
8491.3 0.586371
8491.96 0.587072
8492.62 0.587774
8493.29 0.588476
8493.95 0.589178
8494.61 0.58988
8495.27 0.590582
8495.93 0.591284
8496.6 0.591986
8497.26 0.592687
8497.92 0.593388
8498.58 0.594091
8499.25 0.594791
8499.91 0.595493
8500.57 0.595937
8501.23 0.59634
8501.9 0.596743
8502.56 0.597145
8503.22 0.597548
8503.89 0.59795
8504.55 0.598352
8505.21 0.598754
8505.88 0.599155
8506.54 0.599557
8507.2 0.599958
8507.86 0.600359
8508.52 0.600757
8509.19 0.601161
8509.85 0.601561
8510.51 0.601959
8511.18 0.602359
8511.84 0.602763
8512.51 0.603162
8513.17 0.603559
8513.83 0.603962
8514.5 0.604361
8515.16 0.604757
8515.82 0.605157
8516.49 0.605558
8517.14 0.605951
8517.81 0.606352
8518.48 0.606751
8519.15 0.607152
8519.81 0.607547
8520.47 0.607944
8521.14 0.608345
8521.79 0.608737
8522.46 0.609137
8523.13 0.609534
8523.79 0.609928
8524.45 0.610324
8525.12 0.610724
8525.79 0.61112
8526.45 0.611514
8527.11 0.61191
8527.78 0.612308
8528.44 0.612701
8529.1 0.613097
8529.77 0.613495
8530.43 0.613887
8531.1 0.614282
8531.76 0.614677
8532.43 0.615074
8533.09 0.615466
8533.76 0.61586
8534.43 0.616257
8535.09 0.616648
8535.76 0.617042
8536.42 0.617435
8537.09 0.617828
8537.75 0.618221
8538.42 0.618615
8539.08 0.619008
8539.75 0.6194
8540.42 0.619792
8541.08 0.620185
8541.75 0.620577
8542.41 0.620968
8543.08 0.62136
8543.74 0.621752
8544.41 0.622143
8545.08 0.622535
8545.74 0.622926
8546.41 0.623316
8547.08 0.623707
8547.74 0.624097
8548.41 0.624488
8549.07 0.624878
8549.74 0.625268
8550.41 0.625657
8551.07 0.626047
8551.74 0.626436
8552.41 0.626826
8553.07 0.627215
8553.74 0.627604
8554.41 0.627992
8555.07 0.62838
8555.74 0.628769
8556.41 0.629157
8557.07 0.629542
8557.74 0.629933
8558.41 0.630321
8559.08 0.630708
8559.74 0.631092
8560.41 0.631482
8561.08 0.631869
8561.74 0.632253
8562.41 0.632643
8563.08 0.633029
8563.74 0.633412
8564.41 0.633798
8565.08 0.634187
8565.75 0.634572
8566.42 0.634955
8567.08 0.63534
8567.75 0.635728
8568.42 0.63611
8569.09 0.636495
8569.76 0.636882
8570.42 0.637261
8571.09 0.637648
8571.76 0.638032
8572.43 0.638418
8573.09 0.638797
8573.76 0.639183
8574.43 0.639566
8575.1 0.639946
8575.76 0.640329
8576.44 0.640715
8577.1 0.641095
8577.77 0.641477
8578.44 0.641862
8579.11 0.642244
8579.78 0.642623
8580.45 0.643004
8581.12 0.643389
8581.78 0.643767
8582.45 0.644148
8583.12 0.644529
8583.79 0.64491
8584.46 0.645291
8585.13 0.645671
8585.8 0.646054
8586.47 0.646431
8587.14 0.646811
8587.81 0.647191
8588.48 0.64757
8589.15 0.647949
8589.81 0.648328
8590.48 0.648707
8591.15 0.649086
8591.82 0.649465
8592.49 0.649843
8593.16 0.650221
8593.83 0.650599
8594.5 0.650977
8595.17 0.651355
8595.84 0.651732
8596.51 0.652109
8597.18 0.652486
8597.85 0.652863
8598.52 0.65324
8599.19 0.653616
8599.87 0.653993
8600.54 0.654169
8601.21 0.654295
8601.88 0.654421
8602.55 0.654547
8603.22 0.654673
8603.89 0.654798
8604.56 0.654924
8605.23 0.655049
8605.9 0.655175
8606.57 0.6553
8607.24 0.655425
8607.91 0.65555
8608.58 0.655674
8609.26 0.6558
8609.93 0.655924
8610.59 0.656048
8611.26 0.656173
8611.94 0.656298
8612.61 0.656422
8613.28 0.656546
8613.96 0.656671
8614.63 0.656795
8615.29 0.656918
8615.96 0.657042
8616.64 0.657166
8617.3 0.657288
8617.98 0.657413
8618.65 0.657536
8619.32 0.657659
8620.0 0.657783
8620.67 0.657906
8621.34 0.65803
8622.01 0.658151
8622.68 0.658275
8623.36 0.658397
8624.02 0.658519
8624.7 0.658642
8625.37 0.658765
8626.04 0.658886
8626.71 0.659009
8627.39 0.659132
8628.06 0.659254
8628.73 0.659375
8629.4 0.659497
8630.08 0.659619
8630.75 0.65974
8631.42 0.659861
8632.09 0.659983
8632.77 0.660105
8633.44 0.660226
8634.11 0.660347
8634.79 0.660469
8635.46 0.660589
8636.13 0.66071
8636.81 0.66083
8637.48 0.660951
8638.15 0.661071
8638.83 0.661192
8639.5 0.661312
8640.17 0.661433
8640.85 0.661553
8641.52 0.661673
8642.19 0.661793
8642.87 0.661913
8643.54 0.662032
8644.22 0.662152
8644.89 0.662271
8645.56 0.662391
8646.24 0.66251
8646.91 0.662629
8647.59 0.662749
8648.26 0.662868
8648.93 0.662987
8649.61 0.663105
8650.28 0.663224
8650.96 0.663343
8651.63 0.663461
8652.31 0.66358
8652.98 0.663697
8653.66 0.663816
8654.33 0.663935
8655.0 0.664052
8655.68 0.664171
8656.35 0.664288
8657.03 0.664406
8657.7 0.664523
8658.38 0.664641
8659.05 0.664759
8659.72 0.664875
8660.4 0.664993
8661.08 0.66511
8661.75 0.665227
8662.42 0.665343
8663.1 0.665461
8663.78 0.665578
8664.45 0.665694
8665.13 0.66581
8665.81 0.665928
8666.47 0.666042
8667.15 0.666159
8667.83 0.666275
8668.51 0.666392
8669.18 0.666507
8669.86 0.666623
8670.54 0.66674
8671.2 0.666853
8671.88 0.66697
8672.56 0.667085
8673.23 0.6672
8673.91 0.667315
8674.59 0.667431
8675.27 0.667547
8675.94 0.66766
8676.62 0.667776
8677.29 0.66789
8677.97 0.668004
8678.64 0.668118
8679.32 0.668234
8680.0 0.668347
8680.67 0.668461
8681.35 0.668576
8682.03 0.66869
8682.7 0.668803
8683.38 0.668917
8684.06 0.669032
8684.73 0.669144
8685.41 0.669258
8686.09 0.669371
8686.76 0.669485
8687.44 0.669598
8688.12 0.669711
8688.8 0.669824
8689.47 0.669937
8690.15 0.670049
8690.83 0.670162
8691.51 0.670275
8692.18 0.670387
8692.86 0.6705
8693.54 0.670612
8694.22 0.670724
8694.89 0.670836
8695.57 0.670948
8696.25 0.67106
8696.93 0.671171
8697.61 0.671283
8698.28 0.671395
8698.96 0.671506
8699.64 0.671617
8700.32 0.671669
8701.0 0.671653
8701.67 0.671637
8702.35 0.671622
8703.03 0.671606
8703.71 0.67159
8704.39 0.671574
8705.07 0.671557
8705.75 0.671541
8706.42 0.671525
8707.1 0.671509
8707.78 0.671493
8708.46 0.671476
8709.14 0.67146
8709.81 0.671443
8710.5 0.671427
8711.18 0.67141
8711.85 0.671394
8712.54 0.671377
8713.21 0.67136
8713.89 0.671343
8714.57 0.671326
8715.25 0.671309
8715.93 0.671292
8716.61 0.671275
8717.29 0.671258
8717.97 0.671241
8718.65 0.671224
8719.33 0.671206
8720.01 0.671189
8720.68 0.671172
8721.36 0.671154
8722.04 0.671136
8722.72 0.671119
8723.4 0.671101
8724.08 0.671084
8724.76 0.671066
8725.44 0.671048
8726.12 0.67103
8726.8 0.671012
8727.48 0.670994
8728.16 0.670976
8728.85 0.670958
8729.52 0.67094
8730.2 0.670922
8730.88 0.670903
8731.57 0.670885
8732.24 0.670866
8732.92 0.670848
8733.61 0.670829
8734.29 0.670811
8734.97 0.670792
8735.65 0.670774
8736.33 0.670755
8737.01 0.670736
8737.69 0.670717
8738.37 0.670698
8739.05 0.670679
8739.74 0.67066
8740.42 0.670641
8741.1 0.670622
8741.78 0.670603
8742.46 0.670583
8743.14 0.670564
8743.82 0.670545
8744.51 0.670525
8745.19 0.670506
8745.87 0.670486
8746.55 0.670466
8747.23 0.670447
8747.92 0.670427
8748.6 0.670407
8749.28 0.670388
8749.96 0.670368
8750.64 0.670348
8751.33 0.670327
8752.01 0.670307
8752.69 0.670287
8753.37 0.670267
8754.05 0.670247
8754.74 0.670227
8755.42 0.670206
8756.1 0.670186
8756.78 0.670165
8757.47 0.670145
8758.15 0.670124
8758.83 0.670103
8759.51 0.670083
8760.2 0.670062
8760.88 0.670041
8761.56 0.67002
8762.25 0.669999
8762.93 0.669978
8763.61 0.669957
8764.29 0.669936
8764.98 0.669914
8765.66 0.669893
8766.34 0.669872
8767.03 0.669851
8767.71 0.669829
8768.39 0.669808
8769.08 0.669786
8769.76 0.669765
8770.44 0.669743
8771.13 0.669721
8771.81 0.669699
8772.5 0.669677
8773.17 0.669656
8773.86 0.669634
8774.55 0.669612
8775.23 0.66959
8775.91 0.669567
8776.6 0.669545
8777.28 0.669523
8777.96 0.669501
8778.65 0.669478
8779.34 0.669456
8780.02 0.669433
8780.7 0.669411
8781.39 0.669388
8782.07 0.669366
8782.75 0.669343
8783.44 0.66932
8784.12 0.669297
8784.81 0.669274
8785.49 0.669251
8786.18 0.669228
8786.86 0.669205
8787.55 0.669182
8788.23 0.669159
8788.92 0.669136
8789.6 0.669112
8790.29 0.669089
8790.97 0.669065
8791.66 0.669042
8792.34 0.669018
8793.03 0.668995
8793.71 0.668971
8794.4 0.668947
8795.09 0.668923
8795.77 0.6689
8796.46 0.668876
8797.14 0.668852
8797.83 0.668828
8798.51 0.668804
8799.2 0.668779
8799.89 0.668755
8800.57 0.668678
8801.26 0.668591
8801.95 0.668503
8802.63 0.668416
8803.32 0.668328
8804.0 0.66824
8804.69 0.668153
8805.38 0.668065
8806.06 0.667978
8806.75 0.66789
8807.44 0.667802
8808.12 0.667714
8808.81 0.667626
8809.49 0.667539
8810.18 0.66745
8810.87 0.667363
8811.55 0.667275
8812.24 0.667187
8812.93 0.667099
8813.62 0.66701
8814.3 0.666923
8814.99 0.666834
8815.68 0.666746
8816.36 0.666658
8817.05 0.66657
8817.74 0.666481
8818.42 0.666393
8819.11 0.666305
8819.8 0.666216
8820.49 0.666127
8821.17 0.666039
8821.86 0.665951
8822.55 0.665862
8823.23 0.665775
8823.92 0.665685
8824.61 0.665596
8825.3 0.665508
8825.99 0.665419
8826.68 0.66533
8827.37 0.665241
8828.05 0.665153
8828.74 0.665064
8829.43 0.664975
8830.11 0.664886
8830.81 0.664797
8831.49 0.664708
8832.18 0.664619
8832.87 0.66453
8833.56 0.664441
8834.24 0.664352
8834.93 0.664262
8835.62 0.664173
8836.31 0.664083
8837.0 0.663995
8837.69 0.663905
8838.38 0.663815
8839.07 0.663727
8839.75 0.663637
8840.44 0.663548
8841.13 0.663458
8841.82 0.663369
8842.51 0.663279
8843.2 0.663189
8843.89 0.663099
8844.58 0.66301
8845.27 0.66292
8845.96 0.66283
8846.65 0.66274
8847.34 0.662651
8848.03 0.662561
8848.72 0.662471
8849.41 0.662381
8850.1 0.662291
8850.79 0.662201
8851.48 0.662111
8852.17 0.662021
8852.86 0.66193
8853.55 0.66184
8854.24 0.66175
8854.92 0.66166
8855.62 0.661569
8856.31 0.661479
8857.0 0.661389
8857.68 0.661299
8858.38 0.661208
8859.07 0.661117
8859.76 0.661027
8860.45 0.660936
8861.14 0.660846
8861.83 0.660755
8862.52 0.660665
8863.22 0.660573
8863.91 0.660483
8864.59 0.660393
8865.28 0.660302
8865.98 0.66021
8866.67 0.66012
8867.36 0.660029
8868.05 0.659938
8868.74 0.659847
8869.43 0.659756
8870.12 0.659665
8870.82 0.659573
8871.51 0.659483
8872.2 0.659392
8872.89 0.659301
8873.58 0.659209
8874.27 0.659118
8874.96 0.659027
8875.65 0.658936
8876.35 0.658844
8877.04 0.658753
8877.73 0.658661
8878.42 0.65857
8879.12 0.658478
8879.81 0.658386
8880.5 0.658295
8881.19 0.658203
8881.89 0.658112
8882.57 0.65802
8883.27 0.657929
8883.96 0.657836
8884.66 0.657744
8885.34 0.657653
8886.04 0.657561
8886.73 0.657469
8887.42 0.657377
8888.11 0.657285
8888.81 0.657193
8889.5 0.657101
8890.19 0.657009
8890.89 0.656917
8891.58 0.656824
8892.27 0.656732
8892.97 0.65664
8893.66 0.656548
8894.35 0.656456
8895.05 0.656363
8895.74 0.656271
8896.43 0.656178
8897.13 0.656086
8897.82 0.655993
8898.51 0.655901
8899.21 0.655808
8899.9 0.655715
8900.59 0.655569
8901.29 0.655414
8901.98 0.655259
8902.68 0.655104
8903.37 0.654949
8904.06 0.654794
8904.76 0.654638
8905.45 0.654483
8906.15 0.654328
8906.84 0.654173
8907.54 0.654018
8908.23 0.653863
8908.92 0.653707
8909.62 0.653552
8910.31 0.653398
8911.01 0.653241
8911.7 0.653086
8912.4 0.652931
8913.09 0.652776
8913.79 0.65262
8914.48 0.652465
8915.17 0.65231
8915.87 0.652155
8916.57 0.651999
8917.26 0.651844
8917.95 0.651689
8918.65 0.651532
8919.35 0.651377
8920.04 0.651223
8920.73 0.651067
8921.43 0.650911
8922.12 0.650756
8922.82 0.650601
8923.52 0.650445
8924.21 0.65029
8924.91 0.650135
8925.6 0.649979
8926.3 0.649822
8927.0 0.649668
8927.69 0.649512
8928.39 0.649357
8929.08 0.649202
8929.78 0.649045
8930.48 0.64889
8931.17 0.648736
8931.87 0.648579
8932.56 0.648423
8933.26 0.648267
8933.95 0.648113
8934.65 0.647956
8935.35 0.6478
8936.04 0.647646
8936.74 0.64749
8937.44 0.647333
8938.13 0.647178
8938.83 0.647023
8939.53 0.646867
8940.22 0.646711
8940.92 0.646555
8941.62 0.646399
8942.32 0.646242
8943.01 0.646088
8943.71 0.645932
8944.4 0.645776
8945.1 0.64562
8945.8 0.645464
8946.5 0.645308
8947.19 0.645153
8947.89 0.644997
8948.59 0.644841
8949.29 0.644685
8949.98 0.644529
8950.68 0.644373
8951.38 0.644217
8952.08 0.644061
8952.78 0.643905
8953.47 0.643749
8954.17 0.643593
8954.87 0.643437
8955.57 0.643281
8956.27 0.643125
8956.96 0.642969
8957.66 0.642813
8958.36 0.642657
8959.05 0.642502
8959.76 0.642344
8960.46 0.642188
8961.15 0.642033
8961.85 0.641876
8962.55 0.64172
8963.25 0.641563
8963.94 0.641408
8964.65 0.641251
8965.35 0.641095
8966.04 0.64094
8966.74 0.640783
8967.44 0.640626
8968.14 0.640471
8968.84 0.640315
8969.54 0.640157
8970.24 0.640001
8970.93 0.639846
8971.63 0.63969
8972.34 0.639532
8973.03 0.639377
8973.73 0.63922
8974.43 0.639064
8975.13 0.638909
8975.83 0.638751
8976.53 0.638595
8977.24 0.638437
8977.93 0.638282
8978.63 0.638125
8979.33 0.637969
8980.03 0.637814
8980.73 0.637656
8981.43 0.6375
8982.13 0.637344
8982.83 0.637187
8983.53 0.63703
8984.23 0.636873
8984.93 0.636718
8985.63 0.63656
8986.33 0.636404
8987.03 0.636248
8987.73 0.636092
8988.44 0.635934
8989.13 0.635778
8989.83 0.635622
8990.53 0.635465
8991.24 0.635307
8991.93 0.635152
8992.64 0.634995
8993.34 0.634837
8994.04 0.634682
8994.74 0.634525
8995.44 0.634368
8996.14 0.634211
8996.84 0.634054
8997.54 0.633898
8998.25 0.633741
8998.95 0.633584
8999.65 0.633427
9000.35 0.633255
9001.05 0.633068
9001.75 0.632881
9002.46 0.632694
9003.16 0.632506
9003.86 0.632319
9004.56 0.632131
9005.26 0.631944
9005.96 0.631756
9006.67 0.631568
9007.37 0.63138
9008.07 0.631193
9008.77 0.631005
9009.48 0.630817
9010.17 0.63063
9010.88 0.630441
9011.58 0.630253
9012.29 0.630065
9012.99 0.629876
9013.69 0.629688
9014.39 0.629499
9015.09 0.629313
9015.8 0.629123
9016.5 0.628934
9017.2 0.628747
9017.9 0.628558
9018.61 0.628368
9019.31 0.628179
9020.01 0.627992
9020.72 0.627801
9021.42 0.627612
9022.12 0.627424
9022.83 0.627235
9023.53 0.627045
9024.23 0.626857
9024.94 0.626668
9025.64 0.626478
9026.35 0.626288
9027.05 0.626099
9027.75 0.62591
9028.45 0.62572
9029.16 0.62553
9029.86 0.625341
9030.57 0.625151
9031.26 0.624962
9031.97 0.624771
9032.68 0.624581
9033.38 0.624391
9034.08 0.624202
9034.79 0.624011
9035.49 0.62382
9036.19 0.623631
9036.9 0.623439
9037.61 0.623249
9038.31 0.62306
9039.01 0.622869
9039.72 0.622677
9040.43 0.622486
9041.13 0.622297
9041.83 0.622106
9042.54 0.621914
9043.24 0.621724
9043.95 0.621533
9044.66 0.621341
9045.36 0.621151
9046.06 0.62096
9046.77 0.620769
9047.48 0.620576
9048.18 0.620386
9048.88 0.620194
9049.59 0.620003
9050.29 0.619811
9051.0 0.619619
9051.7 0.619428
9052.41 0.619236
9053.12 0.619044
9053.82 0.618852
9054.53 0.61866
9055.23 0.618468
9055.94 0.618276
9056.65 0.618084
9057.35 0.617892
9058.06 0.617699
9058.76 0.617507
9059.47 0.617315
9060.18 0.617122
9060.88 0.61693
9061.58 0.616738
9062.29 0.616544
9063.0 0.616351
9063.71 0.616159
9064.42 0.615966
9065.12 0.615773
9065.83 0.61558
9066.53 0.615388
9067.24 0.615194
9067.95 0.615001
9068.65 0.614809
9069.36 0.614615
9070.07 0.614421
9070.78 0.614227
9071.48 0.614035
9072.19 0.613841
9072.9 0.613646
9073.6 0.613454
9074.31 0.61326
9075.02 0.613065
9075.72 0.612873
9076.43 0.612679
9077.14 0.612485
9077.85 0.612289
9078.55 0.612096
9079.26 0.611902
9079.97 0.611708
9080.68 0.611513
9081.38 0.611319
9082.09 0.611125
9082.79 0.610932
9083.51 0.610735
9084.22 0.610541
9084.92 0.610346
9085.63 0.610153
9086.34 0.609957
9087.05 0.609762
9087.75 0.609568
9088.47 0.609371
9089.17 0.609177
9089.88 0.608983
9090.59 0.608787
9091.3 0.608591
9092.01 0.608395
9092.71 0.608201
9093.42 0.608006
9094.14 0.607809
9094.84 0.607615
9095.55 0.607419
9096.26 0.607222
9096.97 0.607027
9097.68 0.606831
9098.39 0.606636
9099.1 0.606438
9099.8 0.606243
9100.51 0.606005
9101.22 0.60575
9101.93 0.605496
9102.64 0.605241
9103.35 0.604987
9104.06 0.604732
9104.77 0.604477
9105.48 0.604223
9106.19 0.603968
9106.9 0.603713
9107.61 0.603459
9108.32 0.603204
9109.03 0.602949
9109.74 0.602694
9110.45 0.60244
9111.16 0.602185
9111.87 0.60193
9112.58 0.601675
9113.29 0.60142
9114.0 0.601165
9114.71 0.60091
9115.42 0.600655
9116.13 0.600402
9116.85 0.600145
9117.56 0.59989
9118.26 0.599637
9118.98 0.59938
9119.69 0.599125
9120.4 0.59887
9121.11 0.598617
9121.82 0.59836
9122.53 0.598104
9123.24 0.597851
9123.95 0.597596
9124.67 0.597339
9125.37 0.597085
9126.08 0.59683
9126.8 0.596573
9127.51 0.596318
9128.22 0.596065
9128.93 0.595809
9129.65 0.595552
9130.35 0.595299
9131.07 0.595043
9131.78 0.594788
9132.49 0.594532
9133.2 0.594277
9133.91 0.594021
9134.63 0.593764
9135.34 0.59351
9136.05 0.593255
9136.76 0.592999
9137.47 0.592745
9138.19 0.592488
9138.9 0.592233
9139.61 0.591978
9140.32 0.591721
9141.04 0.591466
9141.75 0.59121
9142.46 0.590956
9143.17 0.590698
9143.89 0.590443
9144.59 0.590189
9145.31 0.589933
9146.03 0.589675
9146.73 0.589421
9147.45 0.589165
9148.17 0.588908
9148.88 0.588652
9149.59 0.588398
9150.3 0.588142
9151.02 0.587884
9151.73 0.58763
9152.44 0.587374
9153.15 0.587118
9153.87 0.586862
9154.58 0.586606
9155.29 0.58635
9156.01 0.586092
9156.72 0.585837
9157.44 0.585581
9158.15 0.585325
9158.86 0.585069
9159.58 0.584813
9160.29 0.584557
9161.01 0.5843
9161.72 0.584044
9162.43 0.583788
9163.15 0.583532
9163.86 0.583275
9164.58 0.583019
9165.29 0.582763
9166.01 0.582506
9166.72 0.58225
9167.44 0.581993
9168.14 0.581739
9168.86 0.581481
9169.58 0.581224
9170.29 0.58097
9171.01 0.580711
9171.72 0.580455
9172.44 0.580198
9173.15 0.579943
9173.87 0.579685
9174.58 0.579428
9175.29 0.579173
9176.01 0.578917
9176.73 0.578658
9177.44 0.578403
9178.16 0.578147
9178.88 0.577888
9179.59 0.577632
9180.3 0.577377
9181.02 0.57712
9181.74 0.576861
9182.45 0.576606
9183.17 0.576349
9183.88 0.576092
9184.59 0.575837
9185.31 0.575579
9186.03 0.575321
9186.75 0.575063
9187.46 0.574808
9188.18 0.574551
9188.89 0.574294
9189.61 0.574038
9190.33 0.57378
9191.04 0.573523
9191.75 0.573268
9192.48 0.573008
9193.19 0.572751
9193.91 0.572494
9194.62 0.572239
9195.34 0.57198
9196.06 0.571723
9196.77 0.571467
9197.49 0.57121
9198.21 0.570951
9198.92 0.570695
9199.64 0.570438
9200.36 0.570179
9201.08 0.569922
9201.79 0.569666
9202.51 0.569409
9203.23 0.569149
9203.94 0.568894
9204.66 0.568636
9205.38 0.568379
9206.1 0.568121
9206.82 0.567864
9207.53 0.567606
9208.26 0.567347
9208.97 0.567091
9209.69 0.566834
9210.4 0.566576
9211.12 0.566319
9211.84 0.566061
9212.56 0.565803
9213.28 0.565545
9214.0 0.565288
9214.71 0.56503
9215.43 0.564772
9216.15 0.564514
9216.87 0.564257
9217.59 0.563999
9218.31 0.563741
9219.02 0.563483
9219.74 0.563225
9220.46 0.562969
9221.18 0.562709
9221.9 0.562451
9222.62 0.562194
9223.34 0.561936
9224.06 0.561678
9224.78 0.56142
9225.49 0.561163
9226.21 0.560903
9226.93 0.560645
9227.65 0.560389
9228.37 0.560131
9229.09 0.559871
9229.81 0.559613
9230.53 0.559356
9231.25 0.559097
9231.97 0.558838
9232.68 0.558582
9233.4 0.558323
9234.13 0.558064
9234.84 0.557807
9235.56 0.557549
9236.28 0.55729
9237.01 0.55703
9237.72 0.556774
9238.44 0.556516
9239.17 0.556255
9239.88 0.555998
9240.6 0.55574
9241.33 0.555481
9242.04 0.555225
9242.77 0.554965
9243.49 0.554706
9244.21 0.554447
9244.93 0.554189
9245.65 0.55393
9246.37 0.553672
9247.08 0.553415
9247.81 0.553155
9248.53 0.552896
9249.25 0.552639
9249.97 0.55238
9250.7 0.552119
9251.42 0.551861
9252.13 0.551604
9252.86 0.551343
9253.58 0.551084
9254.3 0.550828
9255.02 0.550569
9255.74 0.550308
9256.46 0.550051
9257.18 0.549792
9257.9 0.549533
9258.63 0.549272
9259.35 0.549015
9260.07 0.548756
9260.79 0.548497
9261.51 0.548238
9262.24 0.547979
9262.96 0.54772
9263.68 0.547461
9264.4 0.547202
9265.12 0.546942
9265.85 0.546683
9266.57 0.546424
9267.29 0.546165
9268.01 0.545905
9268.74 0.545646
9269.46 0.545387
9270.18 0.545128
9270.9 0.544868
9271.63 0.544609
9272.35 0.54435
9273.07 0.544091
9273.79 0.543831
9274.52 0.543572
9275.24 0.543312
9275.96 0.543053
9276.69 0.542793
9277.41 0.542534
9278.13 0.542276
9278.86 0.542015
9279.58 0.541755
9280.3 0.541498
9281.02 0.541238
9281.75 0.540977
9282.47 0.540717
9283.19 0.540459
9283.92 0.540198
9284.65 0.539938
9285.36 0.53968
9286.09 0.53942
9286.82 0.539159
9287.54 0.538901
9288.26 0.538641
9288.98 0.538381
9289.71 0.538119
9290.43 0.537862
9291.16 0.537601
9291.89 0.53734
9292.61 0.537082
9293.33 0.536822
9294.05 0.536562
9294.77 0.536304
9295.5 0.536042
9296.23 0.535782
9296.95 0.535522
9297.67 0.535264
9298.4 0.535002
9299.13 0.534742
9299.85 0.534483
9300.58 0.534222
9301.3 0.533961
9302.02 0.533703
9302.75 0.533443
9303.48 0.533181
9304.2 0.532921
9304.92 0.532662
9305.65 0.532402
9306.38 0.532139
9307.1 0.531881
9307.83 0.531621
9308.56 0.531359
9309.28 0.5311
9310.0 0.53084
9310.73 0.530579
9311.46 0.530317
9312.18 0.530059
9312.91 0.529798
9313.63 0.529537
9314.36 0.529277
9315.08 0.529017
9315.81 0.528756
9316.54 0.528495
9317.26 0.528235
9317.99 0.527974
9318.72 0.527713
9319.44 0.527453
9320.17 0.527192
9320.9 0.526931
9321.62 0.526671
9322.35 0.52641
9323.08 0.526149
9323.8 0.525889
9324.53 0.525628
9325.26 0.525367
9325.98 0.525106
9326.71 0.524845
9327.44 0.524584
9328.16 0.524323
9328.89 0.524064
9329.62 0.523802
9330.35 0.523541
9331.07 0.523281
9331.8 0.523018
9332.53 0.522757
9333.26 0.522496
9333.98 0.522237
9334.71 0.521974
9335.44 0.521713
9336.16 0.521454
9336.89 0.521191
9337.62 0.52093
9338.34 0.52067
9339.07 0.520409
9339.81 0.520146
9340.53 0.519885
9341.26 0.519625
9341.99 0.519364
9342.72 0.519101
9343.44 0.518841
9344.17 0.51858
9344.9 0.518319
9345.63 0.518057
9346.36 0.517796
9347.08 0.517534
9347.82 0.517271
9348.54 0.517012
9349.27 0.51675
9350.0 0.516488
9350.72 0.516229
9351.46 0.515965
9352.19 0.515704
9352.91 0.515444
9353.64 0.515181
9354.37 0.514919
9355.1 0.514657
9355.83 0.514398
9356.56 0.514134
9357.29 0.513872
9358.02 0.513613
9358.75 0.513351
9359.48 0.513087
9360.21 0.512827
9360.93 0.512565
9361.67 0.512302
9362.4 0.512039
9363.12 0.511779
9363.85 0.511518
9364.59 0.511254
9365.31 0.510994
9366.04 0.510732
9366.77 0.51047
9367.5 0.510208
9368.23 0.509946
9368.96 0.509684
9369.7 0.50942
9370.43 0.50916
9371.16 0.508897
9371.89 0.508636
9372.62 0.508373
9373.35 0.508111
9374.08 0.507849
9374.81 0.507587
9375.54 0.507325
9376.27 0.507062
9377.0 0.5068
9377.73 0.506538
9378.46 0.506275
9379.2 0.506013
9379.93 0.505751
9380.66 0.505488
9381.39 0.505226
9382.12 0.504965
9382.85 0.504701
9383.58 0.504439
9384.31 0.504176
9385.05 0.503914
9385.78 0.503651
9386.51 0.503389
9387.24 0.503128
9387.97 0.502863
9388.71 0.502601
9389.43 0.50234
9390.17 0.502076
9390.9 0.501813
9391.63 0.501551
9392.36 0.501289
9393.1 0.501025
9393.83 0.500762
9394.56 0.500502
9395.29 0.500239
9396.03 0.499974
9396.75 0.499713
9397.49 0.49945
9398.22 0.499187
9398.95 0.498926
9399.68 0.498661
9400.42 0.498398
9401.16 0.498134
9401.88 0.497872
9402.62 0.49761
9403.35 0.497346
9404.08 0.497086
9404.82 0.496821
9405.55 0.496557
9406.28 0.496296
9407.02 0.496031
9407.75 0.495768
9408.48 0.495505
9409.21 0.495244
9409.95 0.494978
9410.68 0.494715
9411.41 0.494454
9412.14 0.494191
9412.88 0.493926
9413.61 0.493664
9414.35 0.493401
9415.08 0.493136
9415.82 0.492872
9416.55 0.492611
9417.28 0.492347
9418.02 0.492082
9418.75 0.49182
9419.49 0.491557
9420.22 0.491293
9420.95 0.49103
9421.69 0.490766
9422.42 0.490503
9423.16 0.490238
9423.89 0.489976
9424.63 0.489713
9425.36 0.489449
9426.1 0.489185
9426.83 0.488921
9427.57 0.488658
9428.3 0.488394
9429.04 0.48813
9429.77 0.487867
9430.51 0.487603
9431.24 0.487339
9431.98 0.487075
9432.71 0.486811
9433.45 0.486547
9434.18 0.486284
9434.92 0.48602
9435.65 0.485758
9436.39 0.485492
9437.12 0.485228
9437.86 0.484964
9438.6 0.4847
9439.33 0.484436
9440.07 0.484172
9440.8 0.48391
9441.54 0.483644
9442.28 0.48338
9443.01 0.483117
9443.75 0.482851
9444.48 0.482587
9445.22 0.482323
9445.95 0.482061
9446.69 0.481795
9447.43 0.48153
9448.16 0.481268
9448.9 0.481004
9449.64 0.480737
9450.37 0.480475
9451.11 0.480211
9451.84 0.479946
9452.59 0.47968
9453.32 0.479418
9454.05 0.479153
9454.8 0.478887
9455.53 0.478624
9456.27 0.47836
9457.0 0.478096
9457.74 0.477833
9458.48 0.477566
9459.22 0.477302
9459.95 0.477037
9460.69 0.476772
9461.43 0.476508
9462.17 0.476243
9462.9 0.47598
9463.64 0.475714
9464.38 0.475449
9465.11 0.475186
9465.85 0.474922
9466.59 0.474655
9467.33 0.47439
9468.06 0.474127
9468.81 0.47386
9469.54 0.473595
9470.28 0.473333
9471.02 0.473068
9471.76 0.472801
9472.49 0.472538
9473.23 0.472273
9473.97 0.472008
9474.71 0.471741
9475.45 0.471478
9476.19 0.471213
9476.93 0.470946
9477.66 0.470683
9478.4 0.470418
9479.14 0.470152
9479.88 0.469887
9480.62 0.469622
9481.36 0.469357
9482.1 0.469092
9482.84 0.468827
9483.58 0.468561
9484.31 0.468296
9485.05 0.468031
9485.79 0.467765
9486.53 0.4675
9487.27 0.467235
9488.01 0.466969
9488.75 0.466704
9489.49 0.466439
9490.23 0.466173
9490.97 0.465907
9491.71 0.465642
9492.45 0.465376
9493.19 0.465111
9493.93 0.464845
9494.67 0.464582
9495.41 0.464314
9496.15 0.464049
9496.89 0.463783
9497.63 0.46352
9498.37 0.463252
9499.11 0.462986
9499.85 0.462722
9500.59 0.462376
9501.33 0.462012
9502.07 0.461651
9502.81 0.461287
9503.56 0.460921
9504.3 0.460558
9505.03 0.460196
9505.78 0.459832
9506.52 0.459466
9507.26 0.459105
9508.0 0.458741
9508.75 0.458374
9509.48 0.458013
9510.22 0.457649
9510.96 0.457285
9511.7 0.456923
9512.45 0.456557
9513.19 0.456192
9513.93 0.455829
9514.67 0.455465
9515.41 0.4551
9516.16 0.454736
9516.89 0.454374
9517.64 0.454008
9518.38 0.453643
9519.12 0.453281
9519.86 0.452917
9520.61 0.45255
9521.35 0.452185
9522.09 0.451824
9522.83 0.451457
9523.58 0.451092
9524.31 0.45073
9525.06 0.450366
9525.8 0.449998
9526.54 0.449636
9527.28 0.449272
9528.03 0.448907
9528.77 0.44854
9529.51 0.448178
9530.25 0.447813
9531.0 0.447448
9531.74 0.447083
9532.48 0.446718
9533.23 0.446353
9533.97 0.445989
9534.71 0.445624
9535.46 0.445259
9536.2 0.444894
9536.94 0.444529
9537.69 0.444164
9538.43 0.443799
9539.17 0.443434
9539.92 0.443068
9540.66 0.442703
9541.41 0.442338
9542.15 0.441973
9542.89 0.441608
9543.64 0.441243
9544.38 0.440877
9545.12 0.440512
9545.87 0.440146
9546.61 0.439781
9547.36 0.439416
9548.1 0.43905
9548.84 0.438687
9549.59 0.438319
9550.33 0.437954
9551.08 0.437588
9551.82 0.437225
9552.57 0.436857
9553.31 0.436491
9554.05 0.436128
9554.8 0.43576
9555.55 0.435394
9556.29 0.435031
9557.03 0.434665
9557.78 0.434297
9558.53 0.433931
9559.27 0.433567
9560.01 0.433202
9560.76 0.432833
9561.5 0.43247
9562.25 0.432104
9563.0 0.431735
9563.74 0.431372
9564.49 0.431006
9565.23 0.43064
9565.98 0.430271
9566.72 0.429908
9567.47 0.429541
9568.21 0.429175
9568.96 0.428811
9569.71 0.428443
9570.45 0.428076
9571.19 0.427712
9571.94 0.427344
9572.69 0.426977
9573.44 0.426611
9574.18 0.426247
9574.93 0.425878
9575.68 0.425511
9576.42 0.425147
9577.17 0.424778
9577.92 0.424412
9578.66 0.424048
9579.4 0.423681
9580.16 0.423312
9580.9 0.422945
9581.64 0.422581
9582.39 0.422214
9583.14 0.421845
9583.89 0.421481
9584.63 0.421114
9585.38 0.420747
9586.13 0.42038
9586.88 0.420013
9587.62 0.419646
9588.38 0.419276
9589.12 0.418912
9589.86 0.418545
9590.61 0.418178
9591.36 0.417811
9592.11 0.417444
9592.86 0.417076
9593.6 0.416709
9594.35 0.416342
9595.1 0.415975
9595.85 0.415608
9596.59 0.41524
9597.34 0.414873
9598.09 0.414505
9598.84 0.414138
9599.59 0.413771
9600.34 0.413403
9601.08 0.413038
9601.83 0.412669
9602.58 0.412301
9603.33 0.411934
9604.08 0.411566
9604.83 0.411198
9605.58 0.410831
9606.32 0.410465
9607.07 0.410095
9607.82 0.409727
9608.57 0.409362
9609.32 0.408992
9610.07 0.408624
9610.82 0.408256
9611.56 0.407891
9612.32 0.40752
9613.07 0.407153
9613.81 0.406787
9614.56 0.406419
9615.32 0.406048
9616.06 0.405683
9616.81 0.405315
9617.57 0.404944
9618.31 0.404576
9619.06 0.40421
9619.81 0.403842
9620.56 0.403471
9621.31 0.403106
9622.06 0.402737
9622.81 0.402369
9623.55 0.402004
9624.31 0.401633
9625.06 0.401264
9625.81 0.400896
9626.56 0.400527
9627.31 0.400159
9628.06 0.39979
9628.81 0.399425
9629.56 0.399054
9630.31 0.398685
9631.06 0.398318
9631.82 0.397947
9632.57 0.397579
9633.31 0.397213
9634.06 0.396844
9634.82 0.396472
9635.57 0.396104
9636.32 0.395737
9637.07 0.395369
9637.82 0.394997
9638.57 0.394631
9639.32 0.394262
9640.07 0.393893
9640.82 0.393524
9641.58 0.393155
9642.33 0.392786
9643.08 0.392414
9643.83 0.392048
9644.58 0.391679
9645.33 0.391309
9646.09 0.39094
9646.84 0.390571
9647.59 0.390202
9648.34 0.389832
9649.09 0.389463
9649.85 0.389094
9650.6 0.388724
9651.35 0.388355
9652.1 0.387985
9652.86 0.387616
9653.61 0.387247
9654.36 0.386877
9655.11 0.386508
9655.86 0.386141
9656.62 0.385768
9657.37 0.385399
9658.13 0.385029
9658.88 0.384659
9659.63 0.38429
9660.38 0.38392
9661.13 0.383553
9661.89 0.383181
9662.64 0.382811
9663.39 0.382444
9664.15 0.382071
9664.9 0.381701
9665.66 0.381331
9666.41 0.380964
9667.16 0.380591
9667.92 0.380221
9668.67 0.379853
9669.42 0.379484
9670.18 0.379111
9670.93 0.378743
9671.68 0.378373
9672.44 0.378
9673.2 0.37763
9673.94 0.377262
9674.7 0.376892
9675.46 0.376519
9676.21 0.376151
9676.96 0.375781
9677.72 0.37541
9678.46 0.375043
9679.22 0.37467
9679.98 0.374299
9680.73 0.373929
9681.49 0.373558
9682.24 0.373188
9683.0 0.372817
9683.75 0.372449
9684.51 0.372076
9685.26 0.371705
9686.01 0.371337
9686.77 0.370966
9687.53 0.370593
9688.28 0.370222
9689.03 0.369854
9689.79 0.36948
9690.55 0.36911
9691.3 0.368741
9692.05 0.36837
9692.82 0.367997
9693.57 0.367628
9694.32 0.367257
9695.08 0.366886
9695.84 0.366512
9696.59 0.366144
9697.34 0.365773
9698.11 0.365399
9698.86 0.36503
9699.61 0.364659
9700.37 0.364288
9701.13 0.363916
9701.88 0.363545
9702.64 0.363174
9703.39 0.362802
9704.15 0.362431
9704.91 0.36206
9705.66 0.361688
9706.42 0.361316
9707.18 0.360945
9707.93 0.360573
9708.69 0.360202
9709.45 0.35983
9710.21 0.359458
9710.96 0.359087
9711.72 0.358715
9712.48 0.358344
9713.23 0.357971
9713.99 0.3576
9714.75 0.357228
9715.5 0.356856
9716.26 0.356487
9717.02 0.356113
9717.78 0.35574
9718.54 0.355368
9719.29 0.354999
9720.05 0.354624
9720.81 0.354253
9721.56 0.353883
9722.32 0.353508
9723.08 0.353136
9723.83 0.352767
9724.59 0.352394
9725.36 0.35202
9726.11 0.351647
9726.87 0.351277
9727.62 0.350905
9728.39 0.35053
9729.14 0.350161
9729.9 0.349788
9730.66 0.349413
9731.42 0.349043
9732.18 0.348671
9732.93 0.348298
9733.7 0.347923
9734.45 0.347553
9735.21 0.347181
9735.97 0.346808
9736.73 0.346435
9737.49 0.346063
9738.25 0.34569
9739.0 0.34532
9739.77 0.344944
9740.53 0.344571
9741.28 0.344199
9742.04 0.343828
9742.8 0.343453
9743.56 0.34308
9744.32 0.34271
9745.08 0.342334
9745.84 0.341961
9746.6 0.34159
9747.36 0.341217
9748.12 0.340842
9748.88 0.340471
9749.64 0.340098
9750.4 0.339725
9751.16 0.339349
9751.92 0.338979
9752.68 0.338605
9753.44 0.338229
9754.2 0.337858
9754.96 0.337485
9755.72 0.337112
9756.48 0.336738
9757.24 0.336365
9758.0 0.335991
9758.76 0.335618
9759.52 0.335244
9760.28 0.334871
9761.04 0.334497
9761.8 0.334124
9762.57 0.33375
9763.33 0.333376
9764.09 0.333003
9764.85 0.332629
9765.61 0.332255
9766.37 0.331881
9767.13 0.331507
9767.89 0.331134
9768.66 0.33076
9769.42 0.330386
9770.18 0.330012
9770.94 0.329638
9771.7 0.329266
9772.46 0.32889
9773.23 0.328516
9773.99 0.328142
9774.74 0.32777
9775.51 0.327393
9776.27 0.327019
9777.03 0.326648
9777.8 0.326271
9778.56 0.325897
9779.32 0.325525
9780.08 0.325151
9780.85 0.324774
9781.61 0.324399
9782.37 0.324027
9783.13 0.323653
9783.9 0.323276
9784.66 0.322904
9785.42 0.322529
9786.19 0.322152
9786.94 0.32178
9787.71 0.321406
9788.47 0.321031
9789.24 0.320654
9790.0 0.320282
9790.76 0.319907
9791.52 0.319532
9792.28 0.31916
9793.05 0.318783
9793.81 0.318408
9794.57 0.318036
9795.34 0.317658
9796.1 0.317283
9796.87 0.316908
9797.62 0.316536
9798.39 0.316158
9799.16 0.315783
9799.92 0.31541
9800.69 0.315033
9801.45 0.314658
9802.21 0.314285
9802.97 0.31391
9803.74 0.313532
9804.51 0.313157
9805.27 0.312784
9806.03 0.312409
9806.8 0.312031
9807.56 0.311658
9808.32 0.311283
9809.09 0.310905
9809.85 0.310532
9810.62 0.310156
9811.38 0.309781
9812.15 0.309402
9812.91 0.30903
9813.68 0.308654
9814.45 0.308276
9815.21 0.307903
9815.97 0.307527
9816.74 0.307151
9817.5 0.306776
9818.27 0.3064
9819.03 0.306024
9819.8 0.305648
9820.57 0.305272
9821.33 0.304896
9822.1 0.30452
9822.86 0.304144
9823.63 0.303768
9824.39 0.303392
9825.15 0.303019
9825.93 0.30264
9826.69 0.302264
9827.46 0.301888
9828.22 0.301512
9828.99 0.301136
9829.76 0.30076
9830.52 0.300386
9831.29 0.300007
9832.06 0.29963
9832.82 0.299257
9833.58 0.29888
9834.35 0.298502
9835.12 0.298125
9835.88 0.297751
9836.66 0.297372
9837.42 0.296996
9838.18 0.296622
9838.95 0.296245
9839.72 0.295866
9840.48 0.295492
9841.25 0.295115
9842.02 0.294739
9842.79 0.294359
9843.55 0.293985
9844.32 0.293608
9845.09 0.293229
9845.86 0.292855
9846.62 0.292478
9847.39 0.292101
9848.16 0.291724
9848.93 0.291347
9849.69 0.29097
9850.47 0.29059
9851.23 0.290216
9852.0 0.289839
9852.77 0.289462
9853.53 0.289088
9854.3 0.288707
9855.07 0.28833
9855.83 0.287956
9856.61 0.287576
9857.38 0.287198
9858.14 0.286821
9858.91 0.286447
9859.68 0.286067
9860.45 0.285689
9861.21 0.285314
9861.98 0.284937
9862.76 0.284557
9863.52 0.284182
9864.29 0.283805
9865.06 0.283424
9865.83 0.283046
9866.6 0.282672
9867.37 0.282294
9868.14 0.281913
9868.9 0.281538
9869.67 0.281161
9870.44 0.280783
9871.21 0.280405
9871.98 0.280027
9872.75 0.279649
9873.52 0.279271
9874.29 0.278894
9875.06 0.278516
9875.83 0.278137
9876.6 0.27776
9877.37 0.277382
9878.14 0.277003
9878.91 0.276625
9879.68 0.276247
9880.45 0.275869
9881.21 0.275494
9881.99 0.275113
9882.76 0.274734
9883.53 0.274356
9884.3 0.273978
9885.07 0.2736
9885.84 0.273221
9886.61 0.272845
9887.38 0.272464
9888.16 0.272086
9888.92 0.27171
9889.69 0.271332
9890.47 0.27095
9891.24 0.270572
9892.0 0.270196
9892.78 0.269814
9893.55 0.269436
9894.32 0.26906
9895.09 0.268681
9895.87 0.2683
9896.63 0.267923
9897.4 0.267545
9898.18 0.267166
9898.95 0.266784
9899.72 0.266408
9900.49 0.266029
9901.27 0.265647
9902.03 0.265271
9902.81 0.264892
9903.58 0.264513
9904.35 0.264134
9905.12 0.263755
9905.89 0.263376
9906.67 0.262994
9907.44 0.262617
9908.21 0.262238
9908.98 0.261859
9909.75 0.261483
9910.53 0.2611
9911.3 0.260721
9912.07 0.260344
9912.85 0.259962
9913.62 0.259583
9914.39 0.259203
9915.16 0.258827
9915.94 0.258444
9916.71 0.258065
9917.48 0.257688
9918.25 0.257308
9919.03 0.256926
9919.8 0.256549
9920.57 0.256169
9921.35 0.255787
9922.12 0.255407
9922.89 0.25503
9923.67 0.25465
9924.45 0.254268
9925.21 0.25389
9925.99 0.253511
9926.76 0.253131
9927.54 0.25275
9928.31 0.252371
9929.08 0.25199
9929.86 0.251608
9930.63 0.251231
9931.41 0.25085
9932.18 0.25047
9932.95 0.25009
9933.73 0.24971
9934.5 0.249329
9935.28 0.248949
9936.05 0.248569
9936.83 0.248189
9937.6 0.247809
9938.38 0.247428
9939.15 0.247047
9939.92 0.246667
9940.7 0.246287
9941.47 0.245906
9942.25 0.245526
9943.02 0.245148
9943.8 0.244764
9944.58 0.244384
9945.35 0.244003
9946.12 0.243625
9946.9 0.243242
9947.68 0.242861
9948.45 0.242483
9949.23 0.2421
9950.0 0.241719
9950.77 0.241341
9951.55 0.240959
9952.33 0.240576
9953.11 0.240195
9953.88 0.239817
9954.65 0.239436
9955.43 0.239052
9956.21 0.238674
9956.98 0.238293
9957.76 0.237909
9958.53 0.23753
9959.31 0.237149
9960.09 0.236768
9960.87 0.236384
9961.64 0.236005
9962.42 0.235624
9963.19 0.235243
9963.97 0.234861
9964.75 0.23448
9965.52 0.234098
9966.29 0.23372
9967.08 0.233336
9967.85 0.232954
9968.63 0.232573
9969.41 0.232191
9970.19 0.231809
9970.96 0.231428
9971.73 0.231049
9972.52 0.230664
9973.29 0.230283
9974.07 0.229903
9974.84 0.229522
9975.63 0.229137
9976.41 0.228756
9977.18 0.228376
9977.96 0.227995
9978.74 0.22761
9979.51 0.227231
9980.29 0.226849
9981.07 0.226464
9981.85 0.226084
9982.62 0.225703
9983.4 0.225321
9984.19 0.224936
9984.96 0.224556
9985.74 0.224174
9986.52 0.223789
9987.29 0.223409
9988.07 0.223027
9988.85 0.222645
9989.63 0.222262
9990.41 0.22188
9991.19 0.221498
9991.97 0.221115
9992.75 0.220733
9993.52 0.22035
9994.3 0.219968
9995.08 0.219585
9995.86 0.219203
9996.64 0.21882
9997.42 0.218437
9998.2 0.218055
9998.98 0.217672
9999.75 0.217292
10000.54 0.216978
10001.32 0.216698
10002.1 0.216418
10002.88 0.216138
10003.66 0.215859
10004.44 0.215579
10005.22 0.215299
10006.0 0.215019
10006.78 0.214739
10007.56 0.214459
10008.34 0.214179
10009.12 0.213899
10009.9 0.213619
10010.68 0.213339
10011.46 0.213059
10012.24 0.21278
10013.01 0.212503
10013.8 0.212219
10014.58 0.211939
10015.35 0.211663
10016.13 0.211383
10016.92 0.211099
10017.7 0.210818
10018.47 0.210542
10019.27 0.210258
10020.05 0.209978
10020.82 0.209701
10021.6 0.209421
10022.39 0.209137
10023.16 0.20886
10023.94 0.20858
10024.73 0.208296
10025.52 0.208016
10026.29 0.207739
10027.07 0.207458
10027.86 0.207174
10028.63 0.206897
10029.41 0.206617
10030.2 0.206336
10030.98 0.206056
10031.76 0.205775
10032.54 0.205495
10033.32 0.205214
10034.11 0.204933
10034.89 0.204653
10035.67 0.204372
10036.45 0.204092
10037.24 0.20381
10038.02 0.20353
10038.8 0.203249
10039.58 0.202968
10040.37 0.202688
10041.15 0.202406
10041.93 0.202126
10042.71 0.201845
10043.5 0.201564
10044.28 0.201283
10045.06 0.201002
10045.85 0.200721
10046.63 0.20044
10047.41 0.200159
10048.2 0.199878
10048.98 0.199597
10049.76 0.199316
10050.55 0.199035
10051.33 0.198754
10052.11 0.198473
10052.9 0.198191
10053.68 0.19791
10054.46 0.197629
10055.25 0.197348
10056.03 0.197067
10056.82 0.196785
10057.6 0.196504
10058.38 0.196222
10059.17 0.195941
10059.95 0.19566
10060.74 0.195378
10061.52 0.195097
10062.3 0.194816
10063.09 0.194534
10063.87 0.194252
10064.66 0.193971
10065.44 0.193689
10066.23 0.193408
10067.01 0.193126
10067.8 0.192845
10068.58 0.192563
10069.37 0.192281
10070.14 0.192004
10070.94 0.191718
10071.72 0.191437
10072.51 0.191155
10073.28 0.190877
10074.08 0.190591
10074.86 0.190309
10075.64 0.190032
10076.42 0.18975
10077.22 0.189464
10077.99 0.189186
10078.78 0.188904
10079.58 0.188618
10080.36 0.188336
10081.14 0.188058
10081.93 0.187772
10082.72 0.18749
10083.5 0.187212
10084.28 0.18693
10085.08 0.186644
10085.85 0.186366
10086.64 0.186084
10087.43 0.185802
10088.22 0.185516
10089.0 0.185237
10089.79 0.184955
10090.57 0.184673
10091.36 0.184391
10092.15 0.184108
10092.93 0.183826
10093.72 0.183544
10094.51 0.183262
10095.29 0.182979
10096.09 0.182693
10096.87 0.182414
10097.65 0.182132
10098.44 0.18185
10099.23 0.181567
10100.02 0.181285
10100.8 0.181002
10101.59 0.180719
10102.38 0.180437
10103.17 0.180154
10103.95 0.179872
10104.74 0.179589
10105.53 0.179307
10106.32 0.179024
10107.1 0.178741
10107.89 0.178458
10108.68 0.178176
10109.47 0.177893
10110.26 0.17761
10111.04 0.177327
10111.83 0.177045
10112.62 0.176762
10113.41 0.176479
10114.2 0.176196
10114.99 0.175913
10115.78 0.17563
10116.56 0.175347
10117.35 0.175064
10118.14 0.174781
10118.93 0.174498
10119.72 0.174215
10120.51 0.173932
10121.3 0.173649
10122.09 0.173366
10122.88 0.173083
10123.66 0.172799
10124.45 0.172516
10125.24 0.172233
10126.03 0.17195
10126.82 0.171667
10127.6 0.171387
10128.4 0.1711
10129.19 0.170817
10129.98 0.170534
10130.76 0.170254
10131.56 0.169967
10132.35 0.169684
10133.13 0.169404
10133.92 0.169121
10134.72 0.168833
10135.5 0.168554
10136.29 0.16827
10137.09 0.167983
10137.88 0.167699
10138.66 0.16742
10139.46 0.167132
10140.25 0.166848
10141.03 0.166569
10141.82 0.166285
10142.62 0.165997
10143.4 0.165718
10144.19 0.165434
10144.98 0.16515
10145.79 0.164862
10146.57 0.164583
10147.36 0.164299
10148.15 0.164015
10148.94 0.163731
10149.73 0.163447
10150.52 0.163163
10151.31 0.162879
10152.1 0.162595
10152.89 0.162311
10153.69 0.162027
10154.48 0.161744
10155.27 0.161459
10156.06 0.161175
10156.85 0.160891
10157.64 0.160607
10158.44 0.160323
10159.23 0.160039
10160.02 0.159755
10160.81 0.15947
10161.6 0.159186
10162.4 0.158902
10163.19 0.158618
10163.98 0.158333
10164.77 0.158049
10165.57 0.157765
10166.36 0.157481
10167.15 0.157196
10167.94 0.156912
10168.74 0.156627
10169.53 0.156343
10170.32 0.156058
10171.12 0.155774
10171.91 0.155489
10172.7 0.155205
10173.49 0.15492
10174.29 0.154636
10175.08 0.154351
10175.87 0.154067
10176.67 0.153782
10177.46 0.153497
10178.25 0.153213
10179.05 0.152928
10179.84 0.152643
10180.63 0.152359
10181.43 0.152074
10182.22 0.151789
10183.02 0.151504
10183.81 0.151219
10184.6 0.150934
10185.4 0.150649
10186.19 0.150365
10186.99 0.15008
10187.78 0.149795
10188.56 0.149514
10189.37 0.149225
10190.16 0.14894
10190.95 0.148659
10191.74 0.148374
10192.55 0.148085
10193.34 0.1478
10194.12 0.147518
10194.93 0.147229
10195.72 0.146944
10196.51 0.146663
10197.31 0.146373
10198.11 0.146088
10198.89 0.145807
10199.69 0.145522
10200.49 0.145233
10201.29 0.144947
10202.07 0.144666
10202.87 0.14438
10203.68 0.144091
10204.46 0.14381
10205.25 0.143524
10206.05 0.143239
10206.85 0.142953
10207.64 0.142668
10208.44 0.142383
10209.25 0.142093
10210.03 0.141811
10210.83 0.141526
10211.62 0.14124
10212.42 0.140954
10213.21 0.140669
10214.01 0.140383
10214.81 0.140097
10215.6 0.139812
10216.4 0.139526
10217.2 0.13924
10217.99 0.138954
10218.79 0.138668
10219.58 0.138383
10220.38 0.138097
10221.18 0.137811
10221.98 0.137525
10222.77 0.137239
10223.57 0.136953
10224.37 0.136667
10225.16 0.136381
10225.96 0.136095
10226.76 0.135809
10227.55 0.135523
10228.35 0.135237
10229.15 0.134951
10229.95 0.134665
10230.75 0.134378
10231.54 0.134092
10232.34 0.133806
10233.14 0.13352
10233.94 0.133234
10234.73 0.132948
10235.53 0.132661
10236.33 0.132375
10237.13 0.132089
10237.92 0.131802
10238.72 0.131516
10239.52 0.13123
10240.32 0.13093
10241.12 0.130506
10241.92 0.130083
10242.71 0.12966
10243.51 0.129238
10244.31 0.128817
10245.11 0.128396
10245.91 0.127976
10246.7 0.127562
10247.51 0.127137
10248.31 0.126718
10249.09 0.126306
10249.89 0.125888
10250.7 0.125466
10251.5 0.12505
10252.29 0.12464
10253.1 0.124219
10253.9 0.123804
10254.69 0.123396
10255.49 0.122983
10256.3 0.122564
10257.09 0.122157
10257.89 0.121746
10258.7 0.121329
10259.5 0.120918
10260.29 0.120514
10261.08 0.120104
10261.9 0.11969
10262.68 0.119287
10263.48 0.11888
10264.29 0.118472
10265.08 0.118066
10265.89 0.11766
10266.69 0.117255
10267.5 0.116844
10268.29 0.116445
10269.09 0.116042
10269.89 0.115638
10270.69 0.115236
10271.49 0.114834
10272.29 0.114433
10273.09 0.114032
10273.89 0.113631
10274.69 0.113232
10275.49 0.112833
10276.29 0.112434
10277.1 0.112036
10277.9 0.111639
10278.7 0.111242
10279.5 0.110846
10280.3 0.11045
10281.1 0.110055
10281.9 0.10966
10282.71 0.109266
10283.51 0.108873
10284.31 0.10848
10285.11 0.108088
10285.91 0.107696
10286.71 0.107305
10287.52 0.106915
10288.32 0.106525
10289.12 0.106136
10289.92 0.105747
10290.72 0.105359
10291.53 0.104971
10292.33 0.104585
10293.13 0.104198
10293.93 0.103812
10294.74 0.103427
10295.54 0.103042
10296.34 0.102658
10297.14 0.102274
10297.95 0.101892
10298.75 0.101509
10299.55 0.101127
10300.35 0.100746
10301.16 0.100365
10301.96 0.0999854
10302.76 0.0996061
10303.57 0.099227
10304.37 0.0988489
10305.16 0.0984764
10305.98 0.0980936
10306.78 0.0977174
10307.58 0.0973412
10308.38 0.0969712
10309.19 0.0965909
10310.0 0.0962166
10310.79 0.0958484
10311.6 0.0954699
10312.41 0.0950974
10313.2 0.0947306
10314.0 0.0943593
10314.82 0.0939833
10315.62 0.0936128
10316.42 0.0932488
10317.23 0.0928742
10318.04 0.0925061
10318.83 0.0921434
10319.63 0.091776
10320.45 0.0914043
10321.24 0.091043
10322.05 0.0906774
10322.85 0.0903125
10323.67 0.0899433
10324.46 0.0895844
10325.27 0.0892213
10326.07 0.0888588
10326.88 0.0884964
10327.68 0.0881352
10328.49 0.0877745
10329.29 0.087414
10330.1 0.0870541
10330.9 0.0866952
10331.72 0.0863318
10332.51 0.0859785
10333.32 0.0856215
10334.12 0.0852647
10334.93 0.0849085
10335.73 0.0845529
10336.54 0.0841979
10337.35 0.0838431
10338.15 0.0834893
10338.96 0.0831362
10339.76 0.0827836
10340.57 0.0824313
10341.38 0.08208
10342.18 0.0817289
10342.99 0.0813784
10343.79 0.0810289
10344.6 0.0806796
10345.41 0.080331
10346.21 0.0799829
10347.02 0.0796355
10347.83 0.0792891
10348.63 0.0789425
10349.44 0.0785969
10350.25 0.0782519
10351.05 0.0779076
10351.86 0.0775638
10352.67 0.0772203
10353.48 0.0768778
10354.28 0.0765354
10355.09 0.0761942
10355.9 0.0758531
10356.71 0.0755126
10357.51 0.0751732
10358.32 0.0748339
10359.13 0.0744953
10359.93 0.0741573
10360.74 0.0738199
10361.55 0.0734832
10362.36 0.073147
10363.17 0.0728111
10363.97 0.0724761
10364.78 0.0721418
10365.59 0.0718078
10366.4 0.0714747
10367.19 0.0711466
10368.01 0.07081
10368.82 0.0704784
10369.62 0.0701522
10370.44 0.0698174
10371.25 0.0694876
10372.04 0.0691628
10372.85 0.0688343
10373.67 0.068502
10374.48 0.0681747
10375.28 0.0678523
10376.1 0.0675215
10376.91 0.0671961
10377.71 0.0668756
10378.51 0.0665514
10379.33 0.0662231
10380.13 0.0659044
10380.94 0.0655816
10381.75 0.0652595
10382.57 0.0649337
10383.37 0.0646175
10384.18 0.0642972
10385.0 0.0639729
10385.8 0.0636585
10386.61 0.0633401
10387.42 0.0630222
10388.23 0.0627047
10389.04 0.0623881
10389.85 0.0620722
10390.66 0.0617565
10391.47 0.0614417
10392.28 0.0611273
10393.09 0.0608138
10393.9 0.0605006
10394.71 0.060188
10395.52 0.059876
10396.33 0.059565
10397.14 0.0592543
10397.95 0.0589441
10398.76 0.0586346
10399.57 0.0583254
10400.38 0.0580171
10401.19 0.0577095
10402.0 0.0574024
10402.82 0.0570957
10403.63 0.0567899
10404.44 0.0564844
10405.25 0.0561798
10406.06 0.0558755
10406.87 0.0555719
10407.68 0.0552692
10408.49 0.0549668
10409.3 0.054665
10410.12 0.0543638
10410.93 0.0540633
10411.74 0.0537633
10412.55 0.053464
10413.36 0.053165
10414.17 0.0528669
10414.99 0.0525695
10415.8 0.0522723
10416.61 0.0519761
10417.42 0.0516802
10418.23 0.0513852
10419.05 0.0510905
10419.86 0.0507965
10420.67 0.0505034
10421.48 0.0502106
10422.3 0.0499184
10423.11 0.0496268
10423.92 0.0493359
10424.73 0.0490456
10425.55 0.0487555
10426.35 0.0484706
10427.17 0.048178
10427.99 0.0478898
10428.79 0.0476068
10429.61 0.0473157
10430.42 0.0470297
10431.24 0.0467441
10432.04 0.0464631
10432.86 0.046175
10433.68 0.0458912
10434.48 0.0456121
10435.3 0.0453254
10436.12 0.0450435
10436.92 0.0447663
10437.73 0.0444852
10438.56 0.0442012
10439.37 0.0439217
10440.17 0.0436466
10440.99 0.0433685
10441.81 0.0430869
10442.62 0.0428136
10443.43 0.042537
10444.24 0.0422613
10445.06 0.0419859
10445.87 0.0417112
10446.69 0.041437
10447.51 0.0411596
10448.32 0.0408907
10449.13 0.0406184
10449.95 0.0403468
10450.76 0.0400758
10451.57 0.0398054
10452.39 0.0395354
10453.2 0.0392663
10454.02 0.0389974
10454.83 0.0387296
10455.65 0.038462
10456.46 0.0381954
10457.28 0.0379291
10458.09 0.0376634
10458.91 0.0373984
10459.73 0.037134
10460.54 0.0368702
10461.36 0.036607
10462.17 0.0363445
10462.99 0.0360826
10463.8 0.0358213
10464.62 0.0355604
10465.43 0.0353003
10466.25 0.0350406
10467.07 0.0347819
10467.88 0.0345234
10468.7 0.0342659
10469.51 0.0340087
10470.33 0.0337522
10471.15 0.0334962
10471.96 0.0332413
10472.78 0.0329866
10473.6 0.0327326
10474.41 0.0324788
10475.23 0.0322261
10476.05 0.0319739
10476.86 0.0317224
10477.68 0.0314712
10478.5 0.0312209
10479.31 0.030971
10480.13 0.030722
10480.95 0.0304733
10481.76 0.0302256
10482.58 0.0299782
10483.4 0.0297314
10484.22 0.0294853
10485.03 0.0292398
10485.84 0.0289984
10486.67 0.0287506
10487.49 0.028507
10488.3 0.028264
10489.12 0.0280217
10489.94 0.0277796
10490.76 0.0275386
10491.56 0.0273013
10492.39 0.027058
10493.21 0.0268185
10494.02 0.026583
10494.85 0.0263417
10495.66 0.0261041
10496.48 0.0258672
10497.29 0.0256342
10498.12 0.0253951
10498.94 0.0251601
10499.74 0.024929
10500.56 0.0247949
10501.39 0.024705
10502.2 0.0246177
10503.02 0.0245294
10503.84 0.0244412
10504.66 0.0243532
10505.48 0.0242652
10506.29 0.0241775
10507.13 0.0240886
10507.93 0.0240023
10508.75 0.0239149
10509.57 0.0238277
10510.39 0.0237406
10511.21 0.0236537
10512.03 0.0235669
10512.85 0.0234803
10513.67 0.0233938
10514.49 0.0233074
10515.31 0.0232211
10516.13 0.0231351
10516.95 0.0230491
10517.77 0.0229633
10518.59 0.0228776
10519.41 0.0227921
10520.23 0.0227067
10521.05 0.0226215
10521.87 0.0225364
10522.69 0.0224514
10523.51 0.0223666
10524.33 0.0222819
10525.15 0.0221974
10525.97 0.022113
10526.79 0.0220287
10527.61 0.0219446
10528.43 0.0218606
10529.25 0.0217768
10530.07 0.0216931
10530.89 0.0216096
10531.71 0.0215262
10532.54 0.0214429
10533.36 0.0213598
10534.18 0.0212768
10535.0 0.021194
10535.82 0.0211113
10536.64 0.0210288
10537.46 0.0209464
10538.29 0.0208641
10539.11 0.020782
10539.93 0.0207
10540.75 0.0206182
10541.57 0.0205365
10542.39 0.0204549
10543.21 0.0203736
10544.04 0.0202923
10544.86 0.0202113
10545.67 0.0201315
10546.5 0.0200495
10547.33 0.0199688
10548.15 0.0198883
10548.96 0.019809
10549.79 0.0197276
10550.61 0.0196476
10551.43 0.0195687
10552.3 0.0194878
10553.1 0.0194081
10553.9 0.0193297
10554.7 0.0192492
10555.5 0.01917
10556.4 0.019091
10557.2 0.0190131
10558.0 0.0189332
10558.8 0.0188545
10559.7 0.0187771
10560.5 0.0186988
10561.3 0.0186195
10562.1 0.0185425
10563.0 0.0184646
10563.8 0.0183869
10564.6 0.0183082
10565.4 0.0182317
10566.2 0.0181544
10567.1 0.0180761
10567.9 0.0180002
10568.7 0.0179233
10569.5 0.0178465
10570.4 0.0177699
10571.2 0.0176935
10572.0 0.0176172
10572.8 0.0175411
10573.7 0.017465
10574.5 0.0173892
10575.3 0.0173135
10576.1 0.0172378
10577.0 0.0171624
10577.8 0.0170872
10578.6 0.017012
10579.4 0.0169371
10580.2 0.0168622
10581.1 0.0167876
10581.9 0.016713
10582.7 0.0166386
10583.5 0.0165644
10584.4 0.0164904
10585.2 0.0164164
10586.0 0.0163426
10586.8 0.016269
10587.7 0.0161954
10588.5 0.0161221
10589.3 0.0160489
10590.2 0.0159759
10591.0 0.015903
10591.8 0.0158303
10592.6 0.0157576
10593.5 0.0156852
10594.3 0.0156129
10595.1 0.0155407
10595.9 0.0154687
10596.8 0.0153969
10597.6 0.0153252
10598.4 0.0152537
10599.2 0.0151823
10600.1 0.0151108
10600.9 0.0150381
10601.7 0.0149655
10602.5 0.0148931
10603.4 0.0148208
10604.2 0.0147487
10605.0 0.0146767
10605.8 0.014605
10606.7 0.0145334
10607.5 0.0144619
10608.3 0.0143907
10609.2 0.0143206
10610.0 0.0142486
10610.8 0.0141779
10611.6 0.0141083
10612.5 0.0140369
10613.3 0.0139665
10614.1 0.0138964
10614.9 0.0138275
10615.8 0.0137567
10616.6 0.0136871
10617.4 0.0136186
10618.3 0.0135484
10619.1 0.0134793
10619.9 0.0134114
10620.7 0.0133426
10621.6 0.0132731
10622.4 0.0132046
10623.2 0.0131373
10624.0 0.0130692
10624.9 0.0130003
10625.7 0.0129336
10626.5 0.0128659
10627.4 0.0127975
10628.2 0.0127313
10629.0 0.0126641
10629.8 0.0125972
10630.7 0.0125295
10631.5 0.0124639
10632.3 0.0123975
10633.2 0.0123312
10634.0 0.0122651
10634.8 0.0121992
10635.7 0.0121334
10636.5 0.0120678
10637.3 0.0120024
10638.1 0.0119372
10639.0 0.0118722
10639.8 0.0118073
10640.6 0.0117425
10641.5 0.0116779
10642.3 0.0116135
10643.1 0.0115493
10643.9 0.0114852
10644.8 0.0114213
10645.6 0.0113576
10646.4 0.0112941
10647.3 0.0112307
10648.1 0.0111674
10648.9 0.0111044
10649.8 0.0110415
10650.6 0.0109788
10651.4 0.0109162
10652.2 0.0108538
10653.1 0.0107916
10653.9 0.0107296
10654.7 0.0106677
10655.6 0.010606
10656.4 0.0105445
10657.2 0.0104831
10658.1 0.0104219
10658.9 0.0103608
10659.7 0.0103
10660.5 0.0102394
10661.4 0.0101788
10662.2 0.0101185
10663.0 0.0100583
10663.9 0.00999826
10664.7 0.00993843
10665.5 0.00987872
10666.4 0.00981924
10667.2 0.00975994
10668.0 0.00970075
10668.9 0.00964173
10669.7 0.00958377
10670.5 0.00952428
10671.4 0.00946578
10672.2 0.00940827
10673.0 0.0093493
10673.8 0.00929133
10674.7 0.00923353
10675.5 0.00917671
10676.3 0.00911845
10677.2 0.00906117
10678.0 0.00900481
10678.8 0.00894708
10679.7 0.00889026
10680.5 0.00883447
10681.3 0.008778
10682.2 0.00872091
10683.0 0.00866486
10683.8 0.0086097
10684.7 0.00855392
10685.5 0.00849754
10686.3 0.0084429
10687.2 0.00838765
10688.0 0.0083318
10688.8 0.00827767
10689.7 0.00822289
10690.5 0.00816834
10691.3 0.0081132
10692.2 0.0080597
10693.0 0.00800567
10693.8 0.00795176
10694.7 0.00789802
10695.5 0.00784452
10696.3 0.00779113
10697.2 0.00773792
10698.0 0.00768488
10698.8 0.00763202
10699.7 0.00757933
10700.5 0.00752682
10701.3 0.00747442
10702.2 0.00742226
10703.0 0.00737027
10703.8 0.0073184
10704.7 0.00726677
10705.5 0.00721525
10706.3 0.00716396
10707.2 0.00711279
10708.0 0.0070618
10708.8 0.00701104
10709.7 0.0069604
10710.5 0.00690993
10711.3 0.00685964
10712.2 0.00680953
10713.0 0.00675959
10713.9 0.00670976
10714.7 0.00666018
10715.5 0.00661076
10716.4 0.00656147
10717.2 0.00651241
10718.0 0.00646346
10718.9 0.00641475
10719.7 0.00636616
10720.5 0.00631775
10721.4 0.00626951
10722.2 0.0062215
10723.0 0.00617362
10723.9 0.00612591
10724.7 0.00607837
10725.6 0.00603096
10726.4 0.00598378
10727.2 0.00593677
10728.1 0.00588994
10728.9 0.00584323
10729.7 0.00579676
10730.6 0.00575105
10731.4 0.00570422
10732.2 0.00565827
10733.1 0.00561244
10733.9 0.00556679
10734.8 0.00552132
10735.6 0.00547602
10736.4 0.00543153
10737.3 0.00538596
10738.1 0.00534119
10738.9 0.00529722
10739.8 0.00525218
10740.6 0.00520789
10741.5 0.00516383
10742.3 0.00512056
10743.1 0.00507619
10744.0 0.00503261
10744.8 0.00498986
10745.6 0.00494662
10746.5 0.00490297
10747.3 0.00486069
10748.1 0.00481799
10749.0 0.00477487
10749.8 0.00473253
10750.7 0.00469095
10751.5 0.00464896
10752.3 0.00460651
10753.2 0.00456545
10754.0 0.00452399
10754.8 0.00448265
10755.7 0.00444155
10756.5 0.00440057
10757.4 0.00435976
10758.2 0.00431862
10759.0 0.00427874
10759.9 0.00423847
10760.7 0.00419838
10761.6 0.00415846
10762.4 0.00411872
10763.2 0.00407916
10764.1 0.00403978
10764.9 0.00400052
10765.8 0.00396149
10766.6 0.00392264
10767.4 0.00388392
10768.3 0.00384538
10769.1 0.00380706
10770.0 0.00376888
10770.8 0.00373087
10771.6 0.00369308
10772.5 0.00365543
10773.3 0.00361795
10774.2 0.00358065
10775.0 0.00354353
10775.8 0.00350654
10776.7 0.00346978
10777.5 0.00343319
10778.3 0.00339678
10779.2 0.00336051
10780.0 0.00332446
10780.9 0.00328854
10781.7 0.00325284
10782.5 0.00321728
10783.4 0.00318189
10784.2 0.00314669
10785.1 0.00311166
10785.9 0.00307681
10786.8 0.00304214
10787.6 0.00300765
10788.4 0.00297333
10789.3 0.00293919
10790.1 0.00290524
10791.0 0.00287142
10791.8 0.00283828
10792.6 0.00280435
10793.5 0.0027711
10794.3 0.002738
10795.2 0.00270507
10796.0 0.00267236
10796.8 0.00263979
10797.7 0.00260785
10798.5 0.00257518
10799.4 0.00254315
10800.2 0.00251174
10801.0 0.00248005
10801.9 0.00244808
10802.7 0.00241676
10803.6 0.00238605
10804.4 0.00235462
10805.3 0.00232383
10806.1 0.00229361
10806.9 0.00226319
10807.8 0.00223248
10808.6 0.00220279
10809.5 0.00217286
10810.3 0.00214311
10811.2 0.00211313
10812.0 0.00208415
10812.8 0.00205494
10813.7 0.0020255
10814.5 0.00199705
10815.4 0.00196837
10816.2 0.00193984
10817.1 0.00191152
10817.9 0.00188335
10818.7 0.00185539
10819.6 0.0018272
10820.4 0.00179995
10821.3 0.00177249
10822.1 0.00174525
10823.0 0.00171778
10823.8 0.00169086
10824.7 0.0016645
10825.5 0.00163794
10826.3 0.00161153
10827.2 0.00158534
10828.0 0.00155932
10828.9 0.00153345
10829.7 0.00150779
10830.6 0.00148227
10831.4 0.00145697
10832.3 0.00143148
10833.1 0.00140685
10833.9 0.00138209
10834.8 0.00135748
10835.6 0.00133304
10836.5 0.00130879
10837.3 0.00128472
10838.2 0.00126083
10839.0 0.00123709
10839.8 0.00121355
10840.7 0.0011902
10841.5 0.001167
10842.4 0.00114401
10843.2 0.00112117
10844.1 0.00109885
10844.9 0.00107605
10845.8 0.00105375
10846.6 0.00103166
10847.5 0.00100972
10848.3 0.00098796
10849.2 0.000966381
10850.0 0.000945277
10850.8 0.000923763
10851.7 0.000902701
10852.5 0.00088213
10853.4 0.00086145
10854.2 0.000840643
10855.1 0.000820326
10855.9 0.000800166
10856.8 0.000780209
10857.6 0.00076041
10858.5 0.000740791
10859.3 0.000721353
10860.2 0.000702096
10861.0 0.000683304
10861.8 0.000664405
10862.7 0.000645687
10863.5 0.000626872
10864.4 0.000608518
10865.2 0.000590344
10866.1 0.00057233
10866.9 0.000554518
10867.8 0.000536866
10868.6 0.000519415
10869.5 0.000502363
10870.3 0.000485271
10871.2 0.00046834
10872.0 0.00045159
10872.8 0.000434794
10873.7 0.000418634
10874.5 0.000402428
10875.4 0.000386182
10876.2 0.00037034
10877.1 0.000354678
10877.9 0.000339394
10878.8 0.000324092
10879.6 0.000308972
10880.5 0.000294016
10881.3 0.000279258
10882.2 0.000264664
10883.0 0.000250252
10883.9 0.000236021
10884.7 0.000221779
10885.6 0.000207914
10886.4 0.000194433
10887.3 0.000180928
10888.1 0.000167589
10889.0 0.000154447
10889.8 0.000141486
10890.7 0.000128707
10891.5 0.000116095
10892.3 0.000103679
10893.2 9.14299e-05
10894.1 7.91979e-05
10894.9 6.74917e-05
10895.8 5.57884e-05
10896.6 4.42802e-05
10897.5 3.29404e-05
10898.3 2.17825e-05
10899.2 1.08065e-05
10900.0 0.0
