#GMOS_S_g
#photon
#Gemini GMOS-S g
3844.000000 0.004000
3846.000000 0.004000
3848.000000 0.004000
3850.000000 0.005000
3852.000000 0.005000
3854.000000 0.006000
3856.000000 0.006000
3858.000000 0.007000
3860.000000 0.007000
3862.000000 0.008000
3864.000000 0.009000
3866.000000 0.010000
3868.000000 0.011000
3870.000000 0.012000
3872.000000 0.013000
3874.000000 0.014000
3876.000000 0.016000
3878.000000 0.017000
3880.000000 0.019000
3882.000000 0.021000
3884.000000 0.023000
3886.000000 0.025000
3888.000000 0.028000
3890.000000 0.031000
3892.000000 0.034000
3894.000000 0.037000
3896.000000 0.041000
3898.000000 0.045000
3900.000000 0.050000
3902.000000 0.055000
3904.000000 0.060000
3906.000000 0.066000
3908.000000 0.073000
3910.000000 0.080000
3912.000000 0.087000
3914.000000 0.096000
3916.000000 0.105000
3918.000000 0.115000
3920.000000 0.126000
3922.000000 0.137000
3924.000000 0.150000
3926.000000 0.162000
3928.000000 0.177000
3930.000000 0.191000
3932.000000 0.207000
3934.000000 0.224000
3936.000000 0.242000
3938.000000 0.259000
3940.000000 0.278000
3942.000000 0.297000
3944.000000 0.317000
3946.000000 0.337000
3948.000000 0.357000
3950.000000 0.378000
3952.000000 0.397000
3954.000000 0.416000
3956.000000 0.435000
3958.000000 0.454000
3960.000000 0.473000
3962.000000 0.490000
3964.000000 0.507000
3966.000000 0.523000
3968.000000 0.538000
3970.000000 0.553000
3972.000000 0.566000
3974.000000 0.579000
3976.000000 0.591000
3978.000000 0.602000
3980.000000 0.613000
3982.000000 0.623000
3984.000000 0.632000
3986.000000 0.642000
3988.000000 0.649000
3990.000000 0.658000
3992.000000 0.666000
3994.000000 0.673000
3996.000000 0.679000
3998.000000 0.686000
4000.000000 0.691000
4002.000000 0.697000
4004.000000 0.703000
4006.000000 0.707000
4008.000000 0.712000
4010.000000 0.716000
4012.000000 0.719000
4014.000000 0.722000
4016.000000 0.725000
4018.000000 0.727000
4020.000000 0.730000
4022.000000 0.731000
4024.000000 0.732000
4026.000000 0.734000
4028.000000 0.735000
4030.000000 0.735000
4032.000000 0.736000
4034.000000 0.735000
4036.000000 0.735000
4038.000000 0.735000
4040.000000 0.733000
4042.000000 0.733000
4044.000000 0.732000
4046.000000 0.731000
4048.000000 0.731000
4050.000000 0.729000
4052.000000 0.728000
4054.000000 0.727000
4056.000000 0.725000
4058.000000 0.725000
4060.000000 0.723000
4062.000000 0.723000
4064.000000 0.722000
4066.000000 0.722000
4068.000000 0.722000
4070.000000 0.721000
4072.000000 0.721000
4074.000000 0.722000
4076.000000 0.721000
4078.000000 0.723000
4080.000000 0.722000
4082.000000 0.723000
4084.000000 0.724000
4086.000000 0.726000
4088.000000 0.728000
4090.000000 0.728000
4092.000000 0.730000
4094.000000 0.732000
4096.000000 0.733000
4098.000000 0.735000
4100.000000 0.737000
4102.000000 0.740000
4104.000000 0.742000
4106.000000 0.744000
4108.000000 0.746000
4110.000000 0.748000
4112.000000 0.751000
4114.000000 0.753000
4116.000000 0.755000
4118.000000 0.757000
4120.000000 0.760000
4122.000000 0.762000
4124.000000 0.765000
4126.000000 0.766000
4128.000000 0.768000
4130.000000 0.770000
4132.000000 0.772000
4134.000000 0.774000
4136.000000 0.775000
4138.000000 0.776000
4140.000000 0.777000
4142.000000 0.778000
4144.000000 0.779000
4146.000000 0.780000
4148.000000 0.781000
4150.000000 0.782000
4152.000000 0.782000
4154.000000 0.782000
4156.000000 0.783000
4158.000000 0.782000
4160.000000 0.783000
4162.000000 0.783000
4164.000000 0.783000
4166.000000 0.784000
4168.000000 0.784000
4170.000000 0.783000
4172.000000 0.782000
4174.000000 0.784000
4176.000000 0.783000
4178.000000 0.784000
4180.000000 0.783000
4182.000000 0.783000
4184.000000 0.784000
4186.000000 0.784000
4188.000000 0.784000
4190.000000 0.784000
4192.000000 0.785000
4194.000000 0.786000
4196.000000 0.786000
4198.000000 0.787000
4200.000000 0.788000
4202.000000 0.789000
4204.000000 0.790000
4206.000000 0.791000
4208.000000 0.792000
4210.000000 0.792000
4212.000000 0.794000
4214.000000 0.796000
4216.000000 0.797000
4218.000000 0.799000
4220.000000 0.800000
4222.000000 0.801000
4224.000000 0.803000
4226.000000 0.805000
4228.000000 0.806000
4230.000000 0.807000
4232.000000 0.807000
4234.000000 0.810000
4236.000000 0.811000
4238.000000 0.813000
4240.000000 0.814000
4242.000000 0.815000
4244.000000 0.815000
4246.000000 0.816000
4248.000000 0.817000
4250.000000 0.818000
4252.000000 0.818000
4254.000000 0.819000
4256.000000 0.819000
4258.000000 0.819000
4260.000000 0.820000
4262.000000 0.820000
4264.000000 0.821000
4266.000000 0.821000
4268.000000 0.819000
4270.000000 0.819000
4272.000000 0.819000
4274.000000 0.819000
4276.000000 0.818000
4278.000000 0.818000
4280.000000 0.817000
4282.000000 0.817000
4284.000000 0.816000
4286.000000 0.815000
4288.000000 0.815000
4290.000000 0.814000
4292.000000 0.813000
4294.000000 0.813000
4296.000000 0.812000
4298.000000 0.811000
4300.000000 0.811000
4302.000000 0.811000
4304.000000 0.810000
4306.000000 0.810000
4308.000000 0.810000
4310.000000 0.809000
4312.000000 0.809000
4314.000000 0.810000
4316.000000 0.809000
4318.000000 0.809000
4320.000000 0.809000
4322.000000 0.810000
4324.000000 0.810000
4326.000000 0.810000
4328.000000 0.810000
4330.000000 0.811000
4332.000000 0.812000
4334.000000 0.812000
4336.000000 0.812000
4338.000000 0.814000
4340.000000 0.815000
4342.000000 0.815000
4344.000000 0.817000
4346.000000 0.818000
4348.000000 0.818000
4350.000000 0.820000
4352.000000 0.821000
4354.000000 0.821000
4356.000000 0.823000
4358.000000 0.825000
4360.000000 0.826000
4362.000000 0.827000
4364.000000 0.828000
4366.000000 0.830000
4368.000000 0.831000
4370.000000 0.832000
4372.000000 0.832000
4374.000000 0.833000
4376.000000 0.834000
4378.000000 0.835000
4380.000000 0.837000
4382.000000 0.837000
4384.000000 0.838000
4386.000000 0.839000
4388.000000 0.840000
4390.000000 0.840000
4392.000000 0.841000
4394.000000 0.839000
4396.000000 0.841000
4398.000000 0.840000
4400.000000 0.841000
4402.000000 0.839000
4404.000000 0.842000
4406.000000 0.840000
4408.000000 0.840000
4410.000000 0.840000
4412.000000 0.839000
4414.000000 0.839000
4416.000000 0.838000
4418.000000 0.837000
4420.000000 0.836000
4422.000000 0.836000
4424.000000 0.835000
4426.000000 0.834000
4428.000000 0.833000
4430.000000 0.832000
4432.000000 0.831000
4434.000000 0.830000
4436.000000 0.829000
4438.000000 0.828000
4440.000000 0.827000
4442.000000 0.827000
4444.000000 0.825000
4446.000000 0.825000
4448.000000 0.825000
4450.000000 0.823000
4452.000000 0.824000
4454.000000 0.824000
4456.000000 0.823000
4458.000000 0.822000
4460.000000 0.823000
4462.000000 0.823000
4464.000000 0.823000
4466.000000 0.823000
4468.000000 0.822000
4470.000000 0.823000
4472.000000 0.823000
4474.000000 0.823000
4476.000000 0.824000
4478.000000 0.824000
4480.000000 0.826000
4482.000000 0.826000
4484.000000 0.827000
4486.000000 0.828000
4488.000000 0.828000
4490.000000 0.829000
4492.000000 0.830000
4494.000000 0.831000
4496.000000 0.832000
4498.000000 0.834000
4500.000000 0.835000
4502.000000 0.836000
4504.000000 0.837000
4506.000000 0.839000
4508.000000 0.840000
4510.000000 0.842000
4512.000000 0.843000
4514.000000 0.845000
4516.000000 0.847000
4518.000000 0.848000
4520.000000 0.850000
4522.000000 0.850000
4524.000000 0.853000
4526.000000 0.854000
4528.000000 0.856000
4530.000000 0.856000
4532.000000 0.858000
4534.000000 0.859000
4536.000000 0.861000
4538.000000 0.863000
4540.000000 0.864000
4542.000000 0.865000
4544.000000 0.866000
4546.000000 0.866000
4548.000000 0.867000
4550.000000 0.869000
4552.000000 0.869000
4554.000000 0.870000
4556.000000 0.870000
4558.000000 0.870000
4560.000000 0.871000
4562.000000 0.872000
4564.000000 0.871000
4566.000000 0.872000
4568.000000 0.873000
4570.000000 0.872000
4572.000000 0.872000
4574.000000 0.871000
4576.000000 0.872000
4578.000000 0.872000
4580.000000 0.870000
4582.000000 0.870000
4584.000000 0.870000
4586.000000 0.869000
4588.000000 0.869000
4590.000000 0.868000
4592.000000 0.868000
4594.000000 0.867000
4596.000000 0.867000
4598.000000 0.866000
4600.000000 0.866000
4602.000000 0.865000
4604.000000 0.864000
4606.000000 0.863000
4608.000000 0.862000
4610.000000 0.862000
4612.000000 0.862000
4614.000000 0.861000
4616.000000 0.861000
4618.000000 0.861000
4620.000000 0.860000
4622.000000 0.860000
4624.000000 0.859000
4626.000000 0.860000
4628.000000 0.859000
4630.000000 0.858000
4632.000000 0.859000
4634.000000 0.858000
4636.000000 0.857000
4638.000000 0.858000
4640.000000 0.858000
4642.000000 0.858000
4644.000000 0.857000
4646.000000 0.858000
4648.000000 0.858000
4650.000000 0.857000
4652.000000 0.858000
4654.000000 0.858000
4656.000000 0.859000
4658.000000 0.858000
4660.000000 0.859000
4662.000000 0.860000
4664.000000 0.860000
4666.000000 0.860000
4668.000000 0.860000
4670.000000 0.861000
4672.000000 0.862000
4674.000000 0.862000
4676.000000 0.862000
4678.000000 0.864000
4680.000000 0.864000
4682.000000 0.865000
4684.000000 0.866000
4686.000000 0.867000
4688.000000 0.867000
4690.000000 0.868000
4692.000000 0.869000
4694.000000 0.870000
4696.000000 0.870000
4698.000000 0.871000
4700.000000 0.871000
4702.000000 0.872000
4704.000000 0.873000
4706.000000 0.873000
4708.000000 0.874000
4710.000000 0.875000
4712.000000 0.875000
4714.000000 0.877000
4716.000000 0.877000
4718.000000 0.877000
4720.000000 0.877000
4722.000000 0.878000
4724.000000 0.878000
4726.000000 0.879000
4728.000000 0.880000
4730.000000 0.880000
4732.000000 0.880000
4734.000000 0.881000
4736.000000 0.883000
4738.000000 0.881000
4740.000000 0.882000
4742.000000 0.882000
4744.000000 0.882000
4746.000000 0.882000
4748.000000 0.882000
4750.000000 0.883000
4752.000000 0.883000
4754.000000 0.884000
4756.000000 0.884000
4758.000000 0.884000
4760.000000 0.884000
4762.000000 0.885000
4764.000000 0.885000
4766.000000 0.885000
4768.000000 0.886000
4770.000000 0.887000
4772.000000 0.886000
4774.000000 0.887000
4776.000000 0.887000
4778.000000 0.887000
4780.000000 0.887000
4782.000000 0.888000
4784.000000 0.888000
4786.000000 0.888000
4788.000000 0.888000
4790.000000 0.888000
4792.000000 0.889000
4794.000000 0.890000
4796.000000 0.890000
4798.000000 0.889000
4800.000000 0.890000
4802.000000 0.889000
4804.000000 0.892000
4806.000000 0.891000
4808.000000 0.891000
4810.000000 0.892000
4812.000000 0.892000
4814.000000 0.892000
4816.000000 0.894000
4818.000000 0.894000
4820.000000 0.894000
4822.000000 0.894000
4824.000000 0.895000
4826.000000 0.895000
4828.000000 0.894000
4830.000000 0.896000
4832.000000 0.895000
4834.000000 0.896000
4836.000000 0.896000
4838.000000 0.897000
4840.000000 0.897000
4842.000000 0.898000
4844.000000 0.897000
4846.000000 0.897000
4848.000000 0.898000
4850.000000 0.900000
4852.000000 0.899000
4854.000000 0.899000
4856.000000 0.900000
4858.000000 0.900000
4860.000000 0.901000
4862.000000 0.900000
4864.000000 0.901000
4866.000000 0.900000
4868.000000 0.901000
4870.000000 0.901000
4872.000000 0.901000
4874.000000 0.902000
4876.000000 0.901000
4878.000000 0.901000
4880.000000 0.902000
4882.000000 0.903000
4884.000000 0.904000
4886.000000 0.902000
4888.000000 0.901000
4890.000000 0.901000
4892.000000 0.901000
4894.000000 0.901000
4896.000000 0.900000
4898.000000 0.900000
4900.000000 0.900000
4902.000000 0.901000
4904.000000 0.900000
4906.000000 0.901000
4908.000000 0.900000
4910.000000 0.900000
4912.000000 0.900000
4914.000000 0.900000
4916.000000 0.899000
4918.000000 0.900000
4920.000000 0.900000
4922.000000 0.899000
4924.000000 0.900000
4926.000000 0.900000
4928.000000 0.900000
4930.000000 0.900000
4932.000000 0.900000
4934.000000 0.899000
4936.000000 0.900000
4938.000000 0.900000
4940.000000 0.900000
4942.000000 0.899000
4944.000000 0.900000
4946.000000 0.900000
4948.000000 0.899000
4950.000000 0.900000
4952.000000 0.900000
4954.000000 0.901000
4956.000000 0.900000
4958.000000 0.900000
4960.000000 0.899000
4962.000000 0.900000
4964.000000 0.900000
4966.000000 0.900000
4968.000000 0.900000
4970.000000 0.900000
4972.000000 0.900000
4974.000000 0.901000
4976.000000 0.901000
4978.000000 0.900000
4980.000000 0.901000
4982.000000 0.901000
4984.000000 0.901000
4986.000000 0.901000
4988.000000 0.902000
4990.000000 0.902000
4992.000000 0.902000
4994.000000 0.903000
4996.000000 0.903000
4998.000000 0.903000
5000.000000 0.903000
5002.000000 0.903000
5004.000000 0.903000
5006.000000 0.904000
5008.000000 0.904000
5010.000000 0.904000
5012.000000 0.905000
5014.000000 0.904000
5016.000000 0.905000
5018.000000 0.905000
5020.000000 0.905000
5022.000000 0.905000
5024.000000 0.905000
5026.000000 0.904000
5028.000000 0.904000
5030.000000 0.905000
5032.000000 0.904000
5034.000000 0.904000
5036.000000 0.904000
5038.000000 0.903000
5040.000000 0.903000
5042.000000 0.903000
5044.000000 0.903000
5046.000000 0.902000
5048.000000 0.902000
5050.000000 0.902000
5052.000000 0.901000
5054.000000 0.901000
5056.000000 0.901000
5058.000000 0.900000
5060.000000 0.899000
5062.000000 0.898000
5064.000000 0.897000
5066.000000 0.897000
5068.000000 0.897000
5070.000000 0.896000
5072.000000 0.895000
5074.000000 0.895000
5076.000000 0.896000
5078.000000 0.896000
5080.000000 0.894000
5082.000000 0.893000
5084.000000 0.893000
5086.000000 0.892000
5088.000000 0.892000
5090.000000 0.890000
5092.000000 0.890000
5094.000000 0.889000
5096.000000 0.889000
5098.000000 0.888000
5100.000000 0.889000
5102.000000 0.887000
5104.000000 0.888000
5106.000000 0.885000
5108.000000 0.884000
5110.000000 0.884000
5112.000000 0.884000
5114.000000 0.883000
5116.000000 0.884000
5118.000000 0.881000
5120.000000 0.881000
5122.000000 0.880000
5124.000000 0.880000
5126.000000 0.879000
5128.000000 0.878000
5130.000000 0.878000
5132.000000 0.878000
5134.000000 0.877000
5136.000000 0.877000
5138.000000 0.877000
5140.000000 0.877000
5142.000000 0.876000
5144.000000 0.875000
5146.000000 0.875000
5148.000000 0.875000
5150.000000 0.875000
5152.000000 0.875000
5154.000000 0.874000
5156.000000 0.875000
5158.000000 0.874000
5160.000000 0.875000
5162.000000 0.874000
5164.000000 0.874000
5166.000000 0.874000
5168.000000 0.874000
5170.000000 0.874000
5172.000000 0.875000
5174.000000 0.874000
5176.000000 0.874000
5178.000000 0.874000
5180.000000 0.875000
5182.000000 0.875000
5184.000000 0.875000
5186.000000 0.875000
5188.000000 0.874000
5190.000000 0.874000
5192.000000 0.875000
5194.000000 0.874000
5196.000000 0.874000
5198.000000 0.875000
5200.000000 0.874000
5202.000000 0.875000
5204.000000 0.875000
5206.000000 0.875000
5208.000000 0.874000
5210.000000 0.875000
5212.000000 0.875000
5214.000000 0.875000
5216.000000 0.875000
5218.000000 0.875000
5220.000000 0.874000
5222.000000 0.874000
5224.000000 0.874000
5226.000000 0.874000
5228.000000 0.873000
5230.000000 0.873000
5232.000000 0.874000
5234.000000 0.873000
5236.000000 0.873000
5238.000000 0.873000
5240.000000 0.873000
5242.000000 0.872000
5244.000000 0.872000
5246.000000 0.871000
5248.000000 0.871000
5250.000000 0.870000
5252.000000 0.870000
5254.000000 0.870000
5256.000000 0.868000
5258.000000 0.868000
5260.000000 0.867000
5262.000000 0.867000
5264.000000 0.865000
5266.000000 0.865000
5268.000000 0.864000
5270.000000 0.863000
5272.000000 0.862000
5274.000000 0.862000
5276.000000 0.861000
5278.000000 0.860000
5280.000000 0.859000
5282.000000 0.857000
5284.000000 0.857000
5286.000000 0.856000
5288.000000 0.854000
5290.000000 0.853000
5292.000000 0.852000
5294.000000 0.850000
5296.000000 0.850000
5298.000000 0.849000
5300.000000 0.847000
5302.000000 0.846000
5304.000000 0.845000
5306.000000 0.844000
5308.000000 0.842000
5310.000000 0.841000
5312.000000 0.840000
5314.000000 0.839000
5316.000000 0.838000
5318.000000 0.836000
5320.000000 0.835000
5322.000000 0.833000
5324.000000 0.831000
5326.000000 0.831000
5328.000000 0.829000
5330.000000 0.828000
5332.000000 0.826000
5334.000000 0.824000
5336.000000 0.823000
5338.000000 0.821000
5340.000000 0.820000
5342.000000 0.817000
5344.000000 0.816000
5346.000000 0.814000
5348.000000 0.813000
5350.000000 0.811000
5352.000000 0.809000
5354.000000 0.807000
5356.000000 0.805000
5358.000000 0.803000
5360.000000 0.801000
5362.000000 0.799000
5364.000000 0.797000
5366.000000 0.795000
5368.000000 0.793000
5370.000000 0.792000
5372.000000 0.789000
5374.000000 0.787000
5376.000000 0.785000
5378.000000 0.783000
5380.000000 0.782000
5382.000000 0.780000
5384.000000 0.778000
5386.000000 0.776000
5388.000000 0.775000
5390.000000 0.772000
5392.000000 0.770000
5394.000000 0.769000
5396.000000 0.767000
5398.000000 0.766000
5400.000000 0.764000
5402.000000 0.762000
5404.000000 0.760000
5406.000000 0.759000
5408.000000 0.757000
5410.000000 0.756000
5412.000000 0.754000
5414.000000 0.753000
5416.000000 0.752000
5418.000000 0.750000
5420.000000 0.750000
5422.000000 0.749000
5424.000000 0.747000
5426.000000 0.747000
5428.000000 0.745000
5430.000000 0.745000
5432.000000 0.744000
5434.000000 0.743000
5436.000000 0.743000
5438.000000 0.742000
5440.000000 0.741000
5442.000000 0.741000
5444.000000 0.740000
5446.000000 0.740000
5448.000000 0.739000
5450.000000 0.739000
5452.000000 0.738000
5454.000000 0.737000
5456.000000 0.735000
5458.000000 0.733000
5460.000000 0.731000
5462.000000 0.729000
5464.000000 0.727000
5466.000000 0.723000
5468.000000 0.720000
5470.000000 0.715000
5472.000000 0.710000
5474.000000 0.704000
5476.000000 0.698000
5478.000000 0.689000
5480.000000 0.681000
5482.000000 0.670000
5484.000000 0.660000
5486.000000 0.648000
5488.000000 0.635000
5490.000000 0.621000
5492.000000 0.606000
5494.000000 0.590000
5496.000000 0.573000
5498.000000 0.554000
5500.000000 0.535000
5502.000000 0.516000
5504.000000 0.495000
5506.000000 0.475000
5508.000000 0.454000
5510.000000 0.433000
5512.000000 0.411000
5514.000000 0.390000
5516.000000 0.370000
5518.000000 0.349000
5520.000000 0.328000
5522.000000 0.309000
5524.000000 0.290000
5526.000000 0.271000
5528.000000 0.254000
5530.000000 0.237000
5532.000000 0.221000
5534.000000 0.206000
5536.000000 0.192000
5538.000000 0.178000
5540.000000 0.166000
5542.000000 0.154000
5544.000000 0.143000
5546.000000 0.132000
5548.000000 0.122000
5550.000000 0.113000
5552.000000 0.105000
5554.000000 0.097000
5556.000000 0.090000
5558.000000 0.083000
5560.000000 0.077000
5562.000000 0.072000
5564.000000 0.066000
5566.000000 0.061000
5568.000000 0.057000
5570.000000 0.053000
5572.000000 0.049000
5574.000000 0.045000
5576.000000 0.042000
5578.000000 0.039000
5580.000000 0.036000
5582.000000 0.034000
5584.000000 0.032000
5586.000000 0.029000
5588.000000 0.027000
5590.000000 0.025000
5592.000000 0.024000
5594.000000 0.022000
5596.000000 0.021000
5598.000000 0.019000
5600.000000 0.018000
5602.000000 0.017000
5604.000000 0.016000
5606.000000 0.015000
5608.000000 0.014000
5610.000000 0.013000
5612.000000 0.012000
5614.000000 0.011000
5616.000000 0.011000
5618.000000 0.010000
5620.000000 0.009000
5622.000000 0.009000
5624.000000 0.008000
5626.000000 0.008000
5628.000000 0.007000
5630.000000 0.007000
5632.000000 0.007000
5634.000000 0.006000
5636.000000 0.006000
5638.000000 0.005000
5640.000000 0.005000
5642.000000 0.005000
5644.000000 0.005000
5646.000000 0.004000
5648.000000 0.004000
5650.000000 0.004000
5652.000000 0.004000
