#GMOS_S_i
#photon
#Gemini GMOS-S i
6862.000000 0.004000
6864.000000 0.004000
6866.000000 0.005000
6868.000000 0.005000
6870.000000 0.006000
6872.000000 0.006000
6874.000000 0.007000
6876.000000 0.007000
6878.000000 0.008000
6880.000000 0.009000
6882.000000 0.010000
6884.000000 0.011000
6886.000000 0.012000
6888.000000 0.013000
6890.000000 0.014000
6892.000000 0.016000
6894.000000 0.017000
6896.000000 0.018000
6898.000000 0.020000
6900.000000 0.022000
6902.000000 0.023000
6904.000000 0.025000
6906.000000 0.027000
6908.000000 0.029000
6910.000000 0.031000
6912.000000 0.034000
6914.000000 0.036000
6916.000000 0.039000
6918.000000 0.041000
6920.000000 0.044000
6922.000000 0.047000
6924.000000 0.050000
6926.000000 0.053000
6928.000000 0.057000
6930.000000 0.060000
6932.000000 0.064000
6934.000000 0.067000
6936.000000 0.071000
6938.000000 0.075000
6940.000000 0.080000
6942.000000 0.084000
6944.000000 0.088000
6946.000000 0.093000
6948.000000 0.098000
6950.000000 0.102000
6952.000000 0.107000
6954.000000 0.113000
6956.000000 0.118000
6958.000000 0.123000
6960.000000 0.129000
6962.000000 0.135000
6964.000000 0.140000
6966.000000 0.146000
6968.000000 0.152000
6970.000000 0.158000
6972.000000 0.164000
6974.000000 0.171000
6976.000000 0.177000
6978.000000 0.184000
6980.000000 0.190000
6982.000000 0.197000
6984.000000 0.204000
6986.000000 0.211000
6988.000000 0.218000
6990.000000 0.225000
6992.000000 0.232000
6994.000000 0.239000
6996.000000 0.246000
6998.000000 0.254000
7000.000000 0.261000
7002.000000 0.269000
7004.000000 0.276000
7006.000000 0.284000
7008.000000 0.291000
7010.000000 0.298000
7012.000000 0.306000
7014.000000 0.314000
7016.000000 0.322000
7018.000000 0.330000
7020.000000 0.338000
7022.000000 0.345000
7024.000000 0.353000
7026.000000 0.360000
7028.000000 0.369000
7030.000000 0.376000
7032.000000 0.384000
7034.000000 0.392000
7036.000000 0.399000
7038.000000 0.407000
7040.000000 0.415000
7042.000000 0.423000
7044.000000 0.430000
7046.000000 0.438000
7048.000000 0.445000
7050.000000 0.453000
7052.000000 0.460000
7054.000000 0.467000
7056.000000 0.475000
7058.000000 0.483000
7060.000000 0.490000
7062.000000 0.497000
7064.000000 0.504000
7066.000000 0.511000
7068.000000 0.518000
7070.000000 0.525000
7072.000000 0.532000
7074.000000 0.539000
7076.000000 0.546000
7078.000000 0.553000
7080.000000 0.559000
7082.000000 0.566000
7084.000000 0.573000
7086.000000 0.579000
7088.000000 0.586000
7090.000000 0.592000
7092.000000 0.598000
7094.000000 0.605000
7096.000000 0.611000
7098.000000 0.617000
7100.000000 0.623000
7102.000000 0.629000
7104.000000 0.635000
7106.000000 0.640000
7108.000000 0.646000
7110.000000 0.651000
7112.000000 0.657000
7114.000000 0.662000
7116.000000 0.668000
7118.000000 0.673000
7120.000000 0.678000
7122.000000 0.683000
7124.000000 0.687000
7126.000000 0.693000
7128.000000 0.698000
7130.000000 0.702000
7132.000000 0.707000
7134.000000 0.712000
7136.000000 0.717000
7138.000000 0.720000
7140.000000 0.725000
7142.000000 0.728000
7144.000000 0.733000
7146.000000 0.737000
7148.000000 0.741000
7150.000000 0.745000
7152.000000 0.749000
7154.000000 0.752000
7156.000000 0.756000
7158.000000 0.760000
7160.000000 0.764000
7162.000000 0.767000
7164.000000 0.771000
7166.000000 0.774000
7168.000000 0.777000
7170.000000 0.780000
7172.000000 0.784000
7174.000000 0.787000
7176.000000 0.790000
7178.000000 0.793000
7180.000000 0.796000
7182.000000 0.799000
7184.000000 0.801000
7186.000000 0.804000
7188.000000 0.807000
7190.000000 0.810000
7192.000000 0.812000
7194.000000 0.815000
7196.000000 0.817000
7198.000000 0.819000
7200.000000 0.823000
7202.000000 0.825000
7204.000000 0.827000
7206.000000 0.830000
7208.000000 0.832000
7210.000000 0.834000
7212.000000 0.837000
7214.000000 0.838000
7216.000000 0.841000
7218.000000 0.843000
7220.000000 0.845000
7222.000000 0.848000
7224.000000 0.849000
7226.000000 0.851000
7228.000000 0.853000
7230.000000 0.854000
7232.000000 0.857000
7234.000000 0.858000
7236.000000 0.860000
7238.000000 0.862000
7240.000000 0.865000
7242.000000 0.866000
7244.000000 0.867000
7246.000000 0.869000
7248.000000 0.871000
7250.000000 0.873000
7252.000000 0.874000
7254.000000 0.875000
7256.000000 0.877000
7258.000000 0.878000
7260.000000 0.880000
7262.000000 0.882000
7264.000000 0.883000
7266.000000 0.885000
7268.000000 0.887000
7270.000000 0.887000
7272.000000 0.889000
7274.000000 0.890000
7276.000000 0.892000
7278.000000 0.893000
7280.000000 0.894000
7282.000000 0.896000
7284.000000 0.897000
7286.000000 0.899000
7288.000000 0.900000
7290.000000 0.900000
7292.000000 0.902000
7294.000000 0.903000
7296.000000 0.905000
7298.000000 0.906000
7300.000000 0.907000
7302.000000 0.908000
7304.000000 0.909000
7306.000000 0.911000
7308.000000 0.912000
7310.000000 0.913000
7312.000000 0.914000
7314.000000 0.914000
7316.000000 0.916000
7318.000000 0.916000
7320.000000 0.917000
7322.000000 0.918000
7324.000000 0.920000
7326.000000 0.920000
7328.000000 0.922000
7330.000000 0.922000
7332.000000 0.922000
7334.000000 0.924000
7336.000000 0.924000
7338.000000 0.926000
7340.000000 0.927000
7342.000000 0.927000
7344.000000 0.928000
7346.000000 0.928000
7348.000000 0.930000
7350.000000 0.929000
7352.000000 0.931000
7354.000000 0.931000
7356.000000 0.932000
7358.000000 0.933000
7360.000000 0.933000
7362.000000 0.935000
7364.000000 0.935000
7366.000000 0.935000
7368.000000 0.936000
7370.000000 0.936000
7372.000000 0.937000
7374.000000 0.937000
7376.000000 0.938000
7378.000000 0.938000
7380.000000 0.939000
7382.000000 0.939000
7384.000000 0.940000
7386.000000 0.940000
7388.000000 0.941000
7390.000000 0.941000
7392.000000 0.941000
7394.000000 0.942000
7396.000000 0.942000
7398.000000 0.943000
7400.000000 0.942000
7402.000000 0.943000
7404.000000 0.943000
7406.000000 0.944000
7408.000000 0.944000
7410.000000 0.945000
7412.000000 0.945000
7414.000000 0.946000
7416.000000 0.946000
7418.000000 0.946000
7420.000000 0.946000
7422.000000 0.947000
7424.000000 0.947000
7426.000000 0.947000
7428.000000 0.947000
7430.000000 0.948000
7432.000000 0.948000
7434.000000 0.948000
7436.000000 0.949000
7438.000000 0.949000
7440.000000 0.949000
7442.000000 0.950000
7444.000000 0.950000
7446.000000 0.950000
7448.000000 0.950000
7450.000000 0.951000
7452.000000 0.951000
7454.000000 0.951000
7456.000000 0.951000
7458.000000 0.952000
7460.000000 0.952000
7462.000000 0.952000
7464.000000 0.952000
7466.000000 0.953000
7468.000000 0.952000
7470.000000 0.953000
7472.000000 0.953000
7474.000000 0.954000
7476.000000 0.953000
7478.000000 0.953000
7480.000000 0.954000
7482.000000 0.954000
7484.000000 0.955000
7486.000000 0.955000
7488.000000 0.955000
7490.000000 0.956000
7492.000000 0.954000
7494.000000 0.956000
7496.000000 0.956000
7498.000000 0.956000
7500.000000 0.957000
7502.000000 0.956000
7504.000000 0.957000
7506.000000 0.957000
7508.000000 0.957000
7510.000000 0.957000
7512.000000 0.958000
7514.000000 0.958000
7516.000000 0.958000
7518.000000 0.958000
7520.000000 0.959000
7522.000000 0.959000
7524.000000 0.959000
7526.000000 0.960000
7528.000000 0.961000
7530.000000 0.961000
7532.000000 0.961000
7534.000000 0.961000
7536.000000 0.961000
7538.000000 0.962000
7540.000000 0.961000
7542.000000 0.962000
7544.000000 0.961000
7546.000000 0.962000
7548.000000 0.962000
7550.000000 0.961000
7552.000000 0.963000
7554.000000 0.963000
7556.000000 0.962000
7558.000000 0.963000
7560.000000 0.963000
7562.000000 0.964000
7564.000000 0.963000
7566.000000 0.963000
7568.000000 0.963000
7570.000000 0.964000
7572.000000 0.965000
7574.000000 0.964000
7576.000000 0.965000
7578.000000 0.965000
7580.000000 0.965000
7582.000000 0.964000
7584.000000 0.964000
7586.000000 0.965000
7588.000000 0.966000
7590.000000 0.965000
7592.000000 0.965000
7594.000000 0.966000
7596.000000 0.966000
7598.000000 0.963000
7600.000000 0.964000
7602.000000 0.965000
7604.000000 0.965000
7606.000000 0.965000
7608.000000 0.966000
7610.000000 0.965000
7612.000000 0.966000
7614.000000 0.965000
7616.000000 0.964000
7618.000000 0.965000
7620.000000 0.965000
7622.000000 0.966000
7624.000000 0.965000
7626.000000 0.965000
7628.000000 0.965000
7630.000000 0.964000
7632.000000 0.965000
7634.000000 0.964000
7636.000000 0.964000
7638.000000 0.965000
7640.000000 0.964000
7642.000000 0.966000
7644.000000 0.964000
7646.000000 0.963000
7648.000000 0.965000
7650.000000 0.965000
7652.000000 0.965000
7654.000000 0.965000
7656.000000 0.964000
7658.000000 0.963000
7660.000000 0.963000
7662.000000 0.963000
7664.000000 0.965000
7666.000000 0.964000
7668.000000 0.964000
7670.000000 0.964000
7672.000000 0.965000
7674.000000 0.964000
7676.000000 0.965000
7678.000000 0.964000
7680.000000 0.964000
7682.000000 0.965000
7684.000000 0.964000
7686.000000 0.963000
7688.000000 0.965000
7690.000000 0.964000
7692.000000 0.965000
7694.000000 0.964000
7696.000000 0.965000
7698.000000 0.964000
7700.000000 0.963000
7702.000000 0.964000
7704.000000 0.963000
7706.000000 0.964000
7708.000000 0.964000
7710.000000 0.964000
7712.000000 0.964000
7714.000000 0.965000
7716.000000 0.963000
7718.000000 0.964000
7720.000000 0.964000
7722.000000 0.965000
7724.000000 0.964000
7726.000000 0.964000
7728.000000 0.965000
7730.000000 0.964000
7732.000000 0.965000
7734.000000 0.965000
7736.000000 0.966000
7738.000000 0.966000
7740.000000 0.966000
7742.000000 0.966000
7744.000000 0.965000
7746.000000 0.966000
7748.000000 0.967000
7750.000000 0.965000
7752.000000 0.966000
7754.000000 0.966000
7756.000000 0.966000
7758.000000 0.967000
7760.000000 0.968000
7762.000000 0.967000
7764.000000 0.967000
7766.000000 0.967000
7768.000000 0.968000
7770.000000 0.968000
7772.000000 0.967000
7774.000000 0.968000
7776.000000 0.968000
7778.000000 0.968000
7780.000000 0.967000
7782.000000 0.969000
7784.000000 0.967000
7786.000000 0.968000
7788.000000 0.968000
7790.000000 0.968000
7792.000000 0.967000
7794.000000 0.968000
7796.000000 0.969000
7798.000000 0.968000
7800.000000 0.967000
7802.000000 0.968000
7804.000000 0.968000
7806.000000 0.968000
7808.000000 0.968000
7810.000000 0.968000
7812.000000 0.969000
7814.000000 0.968000
7816.000000 0.969000
7818.000000 0.968000
7820.000000 0.968000
7822.000000 0.968000
7824.000000 0.967000
7826.000000 0.968000
7828.000000 0.968000
7830.000000 0.966000
7832.000000 0.968000
7834.000000 0.967000
7836.000000 0.968000
7838.000000 0.967000
7840.000000 0.966000
7842.000000 0.967000
7844.000000 0.966000
7846.000000 0.966000
7848.000000 0.967000
7850.000000 0.966000
7852.000000 0.967000
7854.000000 0.966000
7856.000000 0.966000
7858.000000 0.967000
7860.000000 0.966000
7862.000000 0.966000
7864.000000 0.966000
7866.000000 0.965000
7868.000000 0.966000
7870.000000 0.966000
7872.000000 0.966000
7874.000000 0.965000
7876.000000 0.966000
7878.000000 0.965000
7880.000000 0.965000
7882.000000 0.965000
7884.000000 0.965000
7886.000000 0.965000
7888.000000 0.965000
7890.000000 0.964000
7892.000000 0.965000
7894.000000 0.965000
7896.000000 0.965000
7898.000000 0.967000
7900.000000 0.965000
7902.000000 0.965000
7904.000000 0.966000
7906.000000 0.965000
7908.000000 0.964000
7910.000000 0.964000
7912.000000 0.965000
7914.000000 0.965000
7916.000000 0.965000
7918.000000 0.966000
7920.000000 0.965000
7922.000000 0.965000
7924.000000 0.965000
7926.000000 0.964000
7928.000000 0.965000
7930.000000 0.965000
7932.000000 0.965000
7934.000000 0.965000
7936.000000 0.966000
7938.000000 0.966000
7940.000000 0.966000
7942.000000 0.966000
7944.000000 0.967000
7946.000000 0.968000
7948.000000 0.967000
7950.000000 0.967000
7952.000000 0.967000
7954.000000 0.968000
7956.000000 0.967000
7958.000000 0.967000
7960.000000 0.967000
7962.000000 0.966000
7964.000000 0.967000
7966.000000 0.968000
7968.000000 0.968000
7970.000000 0.968000
7972.000000 0.968000
7974.000000 0.968000
7976.000000 0.968000
7978.000000 0.968000
7980.000000 0.970000
7982.000000 0.970000
7984.000000 0.969000
7986.000000 0.969000
7988.000000 0.969000
7990.000000 0.969000
7992.000000 0.969000
7994.000000 0.971000
7996.000000 0.970000
7998.000000 0.970000
8000.000000 0.970000
8002.000000 0.971000
8004.000000 0.971000
8006.000000 0.972000
8008.000000 0.971000
8010.000000 0.972000
8012.000000 0.971000
8014.000000 0.970000
8016.000000 0.971000
8018.000000 0.971000
8020.000000 0.971000
8022.000000 0.972000
8024.000000 0.971000
8026.000000 0.970000
8028.000000 0.972000
8030.000000 0.972000
8032.000000 0.970000
8034.000000 0.971000
8036.000000 0.973000
8038.000000 0.971000
8040.000000 0.972000
8042.000000 0.971000
8044.000000 0.972000
8046.000000 0.972000
8048.000000 0.972000
8050.000000 0.972000
8052.000000 0.972000
8054.000000 0.972000
8056.000000 0.972000
8058.000000 0.972000
8060.000000 0.972000
8062.000000 0.973000
8064.000000 0.971000
8066.000000 0.972000
8068.000000 0.972000
8070.000000 0.971000
8072.000000 0.972000
8074.000000 0.972000
8076.000000 0.972000
8078.000000 0.973000
8080.000000 0.972000
8082.000000 0.971000
8084.000000 0.972000
8086.000000 0.971000
8088.000000 0.971000
8090.000000 0.971000
8092.000000 0.972000
8094.000000 0.972000
8096.000000 0.972000
8098.000000 0.971000
8100.000000 0.970000
8102.000000 0.972000
8104.000000 0.972000
8106.000000 0.970000
8108.000000 0.970000
8110.000000 0.972000
8112.000000 0.971000
8114.000000 0.971000
8116.000000 0.969000
8118.000000 0.970000
8120.000000 0.971000
8122.000000 0.969000
8124.000000 0.970000
8126.000000 0.970000
8128.000000 0.970000
8130.000000 0.971000
8132.000000 0.970000
8134.000000 0.972000
8136.000000 0.971000
8138.000000 0.970000
8140.000000 0.969000
8142.000000 0.970000
8144.000000 0.969000
8146.000000 0.971000
8148.000000 0.970000
8150.000000 0.969000
8152.000000 0.970000
8154.000000 0.971000
8156.000000 0.970000
8158.000000 0.970000
8160.000000 0.970000
8162.000000 0.969000
8164.000000 0.970000
8166.000000 0.971000
8168.000000 0.970000
8170.000000 0.971000
8172.000000 0.971000
8174.000000 0.970000
8176.000000 0.971000
8178.000000 0.970000
8180.000000 0.970000
8182.000000 0.971000
8184.000000 0.970000
8186.000000 0.970000
8188.000000 0.971000
8190.000000 0.967000
8192.000000 0.969000
8194.000000 0.969000
8196.000000 0.972000
8198.000000 0.970000
8200.000000 0.969000
8202.000000 0.970000
8204.000000 0.970000
8206.000000 0.969000
8208.000000 0.970000
8210.000000 0.970000
8212.000000 0.969000
8214.000000 0.970000
8216.000000 0.969000
8218.000000 0.970000
8220.000000 0.969000
8222.000000 0.969000
8224.000000 0.970000
8226.000000 0.968000
8228.000000 0.970000
8230.000000 0.968000
8232.000000 0.968000
8234.000000 0.968000
8236.000000 0.968000
8238.000000 0.968000
8240.000000 0.969000
8242.000000 0.970000
8244.000000 0.969000
8246.000000 0.968000
8248.000000 0.969000
8250.000000 0.969000
8252.000000 0.968000
8254.000000 0.969000
8256.000000 0.969000
8258.000000 0.968000
8260.000000 0.970000
8262.000000 0.970000
8264.000000 0.969000
8266.000000 0.968000
8268.000000 0.968000
8270.000000 0.968000
8272.000000 0.970000
8274.000000 0.970000
8276.000000 0.968000
8278.000000 0.968000
8280.000000 0.968000
8282.000000 0.969000
8284.000000 0.970000
8286.000000 0.968000
8288.000000 0.966000
8290.000000 0.969000
8292.000000 0.968000
8294.000000 0.967000
8296.000000 0.966000
8298.000000 0.968000
8300.000000 0.966000
8302.000000 0.967000
8304.000000 0.966000
8306.000000 0.964000
8308.000000 0.967000
8310.000000 0.963000
8312.000000 0.964000
8314.000000 0.963000
8316.000000 0.962000
8318.000000 0.961000
8320.000000 0.961000
8322.000000 0.959000
8324.000000 0.958000
8326.000000 0.957000
8328.000000 0.956000
8330.000000 0.954000
8332.000000 0.954000
8334.000000 0.949000
8336.000000 0.949000
8338.000000 0.946000
8340.000000 0.945000
8342.000000 0.942000
8344.000000 0.940000
8346.000000 0.939000
8348.000000 0.936000
8350.000000 0.932000
8352.000000 0.928000
8354.000000 0.927000
8356.000000 0.926000
8358.000000 0.920000
8360.000000 0.917000
8362.000000 0.914000
8364.000000 0.910000
8366.000000 0.907000
8368.000000 0.904000
8370.000000 0.899000
8372.000000 0.895000
8374.000000 0.891000
8376.000000 0.890000
8378.000000 0.885000
8380.000000 0.882000
8382.000000 0.877000
8384.000000 0.874000
8386.000000 0.870000
8388.000000 0.867000
8390.000000 0.863000
8392.000000 0.862000
8394.000000 0.857000
8396.000000 0.853000
8398.000000 0.849000
8400.000000 0.846000
8402.000000 0.843000
8404.000000 0.840000
8406.000000 0.838000
8408.000000 0.837000
8410.000000 0.834000
8412.000000 0.833000
8414.000000 0.831000
8416.000000 0.831000
8418.000000 0.829000
8420.000000 0.828000
8422.000000 0.830000
8424.000000 0.830000
8426.000000 0.832000
8428.000000 0.832000
8430.000000 0.835000
8432.000000 0.835000
8434.000000 0.839000
8436.000000 0.842000
8438.000000 0.844000
8440.000000 0.849000
8442.000000 0.853000
8444.000000 0.858000
8446.000000 0.864000
8448.000000 0.868000
8450.000000 0.874000
8452.000000 0.879000
8454.000000 0.886000
8456.000000 0.894000
8458.000000 0.900000
8460.000000 0.907000
8462.000000 0.912000
8464.000000 0.916000
8466.000000 0.922000
8468.000000 0.925000
8470.000000 0.927000
8472.000000 0.928000
8474.000000 0.925000
8476.000000 0.924000
8478.000000 0.917000
8480.000000 0.909000
8482.000000 0.900000
8484.000000 0.885000
8486.000000 0.867000
8488.000000 0.848000
8490.000000 0.824000
8492.000000 0.797000
8494.000000 0.769000
8496.000000 0.737000
8498.000000 0.704000
8500.000000 0.473000
8502.000000 0.463000
8504.000000 0.453000
8506.000000 0.443000
8508.000000 0.433000
8510.000000 0.423000
8512.000000 0.413000
8514.000000 0.403000
8516.000000 0.394000
8518.000000 0.383000
8520.000000 0.373000
8522.000000 0.363000
8524.000000 0.352000
8526.000000 0.342000
8528.000000 0.333000
8530.000000 0.324000
8532.000000 0.314000
8534.000000 0.304000
8536.000000 0.295000
8538.000000 0.286000
8540.000000 0.277000
8542.000000 0.269000
8544.000000 0.259000
8546.000000 0.251000
8548.000000 0.242000
8550.000000 0.234000
8552.000000 0.224000
8554.000000 0.216000
8556.000000 0.209000
8558.000000 0.201000
8560.000000 0.192000
8562.000000 0.185000
8564.000000 0.177000
8566.000000 0.171000
8568.000000 0.163000
8570.000000 0.156000
8572.000000 0.149000
8574.000000 0.142000
8576.000000 0.136000
8578.000000 0.128000
8580.000000 0.122000
8582.000000 0.117000
8584.000000 0.109000
8586.000000 0.105000
8588.000000 0.098000
8590.000000 0.094000
8592.000000 0.088000
8594.000000 0.083000
8596.000000 0.078000
8598.000000 0.074000
8600.000000 0.068000
8602.000000 0.064000
8604.000000 0.059000
8606.000000 0.055000
8608.000000 0.051000
8610.000000 0.048000
8612.000000 0.044000
8614.000000 0.040000
8616.000000 0.038000
8618.000000 0.035000
8620.000000 0.032000
8622.000000 0.029000
8624.000000 0.027000
8626.000000 0.025000
8628.000000 0.022000
8630.000000 0.020000
8632.000000 0.018000
8634.000000 0.017000
8636.000000 0.015000
8638.000000 0.014000
8640.000000 0.013000
8642.000000 0.012000
8644.000000 0.011000
8646.000000 0.010000
8648.000000 0.009000
8650.000000 0.008000
8652.000000 0.008000
8654.000000 0.007000
8656.000000 0.006000
8658.000000 0.006000
8660.000000 0.005000
8662.000000 0.005000
8664.000000 0.005000
8666.000000 0.004000
8668.000000 0.004000
8670.000000 0.004000
