#GMOS_S_z
#energy
#Gemini GMOS-S z band 
2508.0 0.00029005
2510.0 -0.00015612
2512.0 0.00076378
2514.0 0.00017119
2516.0 -0.00035559
2518.0 0.00037305
2520.0 -0.00045453
2522.0 9.501e-05
2524.0 -0.00015773
2526.0 -0.00015702
2528.0 0.0007803
2530.0 0.00024953
2532.0 -8.251e-05
2534.0 -2.226e-05
2536.0 0.00035119
2538.0 0.00036018
2540.0 0.00079703
2542.0 0.00044609
2544.0 0.00063852
2546.0 0.00086206
2548.0 -0.00050798
2550.0 -9.904e-05
2552.0 0.00083891
2554.0 0.00035816
2556.0 -0.0005924
2558.0 -0.00029811
2560.0 -0.00024849
2562.0 -7.745e-05
2564.0 -0.0001285
2566.0 0.0001426
2568.0 0.00016769
2570.0 -0.00010275
2572.0 0.00044278
2574.0 0.00051961
2576.0 -0.00058187
2578.0 0.00047469
2580.0 0.00019785
2582.0 0.00073028
2584.0 -0.00089307
2586.0 -0.00028921
2588.0 -4.006e-05
2590.0 -0.00028846
2592.0 0.00041853
2594.0 0.00028589
2596.0 0.00069344
2598.0 -8.1e-06
2600.0 0.00011519
2602.0 0.00058018
2604.0 0.00062599
2606.0 6.744e-05
2608.0 0.00036445
2610.0 0.00036177
2612.0 -0.00012883
2614.0 0.00061667
2616.0 0.00039423
2618.0 0.00029794
2620.0 -5.18e-06
2622.0 -0.00058366
2624.0 0.00049825
2626.0 -0.00026167
2628.0 0.00027205
2630.0 0.00077134
2632.0 0.0005019
2634.0 -0.00080635
2636.0 6.49e-06
2638.0 -0.00012312
2640.0 0.00023311
2642.0 -3.083e-05
2644.0 0.0004795
2646.0 -0.0001269
2648.0 0.00026169
2650.0 0.00072767
2652.0 0.00050935
2654.0 -7.65e-06
2656.0 0.00075743
2658.0 -0.00042565
2660.0 -0.00017551
2662.0 -0.00038362
2664.0 0.00017295
2666.0 -0.00035268
2668.0 0.00062269
2670.0 0.00115158
2672.0 -0.00036006
2674.0 0.00027656
2676.0 0.00014393
2678.0 0.00032928
2680.0 0.0004815
2682.0 -8.326e-05
2684.0 -9.553e-05
2686.0 -0.0001592
2688.0 0.00042122
2690.0 0.00057165
2692.0 -0.00027075
2694.0 0.00023635
2696.0 0.00067038
2698.0 -0.0002756
2700.0 -3.13e-05
2702.0 -0.0004466
2704.0 -0.00027536
2706.0 -7.12e-06
2708.0 -0.00077367
2710.0 4.231e-05
2712.0 0.00098605
2714.0 -0.00045327
2716.0 -0.00012787
2718.0 0.00054378
2720.0 0.0006204
2722.0 -0.00022842
2724.0 0.00060129
2726.0 -0.00028625
2728.0 0.00040351
2730.0 0.00024727
2732.0 -2.582e-05
2734.0 -0.00018437
2736.0 0.00013305
2738.0 0.00020252
2740.0 2.121e-05
2742.0 0.00054597
2744.0 0.00038197
2746.0 -0.00017566
2748.0 -0.00015242
2750.0 0.00060284
2752.0 2.144e-05
2754.0 0.0001178
2756.0 0.00043623
2758.0 -8.043e-05
2760.0 0.00039119
2762.0 -0.00057595
2764.0 -0.00048081
2766.0 0.00029337
2768.0 0.00077449
2770.0 0.0003722
2772.0 0.00022034
2774.0 -0.00053601
2776.0 -8.26e-05
2778.0 0.00015709
2780.0 0.0002264
2782.0 -7.711e-05
2784.0 0.00027962
2786.0 -5.241e-05
2788.0 -0.00048354
2790.0 4.326e-05
2792.0 0.00048295
2794.0 1.775e-05
2796.0 0.00077789
2798.0 0.00044227
2800.0 0.00016976
2802.0 9.531e-05
2804.0 -0.00010396
2806.0 0.00017078
2808.0 9.6e-05
2810.0 0.00042485
2812.0 0.00020052
2814.0 0.00025172
2816.0 -1.049e-05
2818.0 -0.00020235
2820.0 0.00033111
2822.0 -0.00038854
2824.0 0.00021391
2826.0 0.00030951
2828.0 -0.00022283
2830.0 6.504e-05
2832.0 0.00045555
2834.0 -0.000155
2836.0 0.00085788
2838.0 0.00046524
2840.0 0.00068887
2842.0 -3.06e-06
2844.0 -0.00010508
2846.0 -0.0001337
2848.0 -0.00081006
2850.0 0.00060019
2852.0 0.00027787
2854.0 0.00012071
2856.0 -0.00044605
2858.0 0.00088028
2860.0 0.00036153
2862.0 0.00016346
2864.0 -0.00019682
2866.0 -0.00027167
2868.0 0.00043395
2870.0 -0.00056683
2872.0 0.00016764
2874.0 -0.00022785
2876.0 -0.00064815
2878.0 -0.00010285
2880.0 0.00029584
2882.0 0.00089293
2884.0 0.00029566
2886.0 0.00054984
2888.0 0.00011892
2890.0 0.00024949
2892.0 0.00039692
2894.0 0.0002141
2896.0 0.00069939
2898.0 0.00054566
2900.0 9.46e-05
2902.0 -0.00041208
2904.0 0.00081688
2906.0 0.00030861
2908.0 0.00075298
2910.0 2.154e-05
2912.0 -0.00037359
2914.0 4.462e-05
2916.0 0.00019702
2918.0 -2.739e-05
2920.0 0.00021832
2922.0 0.00014656
2924.0 0.00104827
2926.0 0.00024551
2928.0 -5.415e-05
2930.0 0.0001718
2932.0 0.00047603
2934.0 0.00029715
2936.0 0.00037683
2938.0 5.538e-05
2940.0 -8.14e-05
2942.0 0.00073858
2944.0 6.735e-05
2946.0 -9.837e-05
2948.0 0.00023127
2950.0 -0.00024474
2952.0 0.00052522
2954.0 0.00050062
2956.0 8.909e-05
2958.0 -0.00012841
2960.0 0.00021328
2962.0 0.00065007
2964.0 -0.00029776
2966.0 0.00050769
2968.0 0.00033746
2970.0 -0.00037387
2972.0 0.00083046
2974.0 0.00068589
2976.0 -0.00035166
2978.0 -0.00059874
2980.0 6.907e-05
2982.0 0.00021875
2984.0 -0.00015574
2986.0 0.00061759
2988.0 -0.00022899
2990.0 0.00039435
2992.0 0.0004417
2994.0 -2.67e-06
2996.0 0.00031681
2998.0 -0.0003817
3000.0 0.00017193
3002.0 -0.00096205
3004.0 0.00014798
3006.0 -0.00048289
3008.0 0.00055432
3010.0 -0.00043778
3012.0 -0.00059372
3014.0 1.924e-05
3016.0 0.000642
3018.0 -6.05e-06
3020.0 0.00015363
3022.0 0.00066632
3024.0 0.0004646
3026.0 0.00038616
3028.0 0.00017883
3030.0 9.91e-05
3032.0 -0.00013377
3034.0 0.00018263
3036.0 -0.00026647
3038.0 3.894e-05
3040.0 -0.00041928
3042.0 0.0008204
3044.0 0.00047943
3046.0 0.00077539
3048.0 -0.00023162
3050.0 -0.00031455
3052.0 -4.535e-05
3054.0 -0.00044365
3056.0 8.561e-05
3058.0 0.00042752
3060.0 -3.173e-05
3062.0 -0.00015598
3064.0 -5.922e-05
3066.0 -5.67e-05
3068.0 0.00022579
3070.0 -0.00099377
3072.0 -0.00026864
3074.0 -0.00023925
3076.0 0.00033324
3078.0 -0.00039756
3080.0 0.00044218
3082.0 0.00015612
3084.0 0.00018305
3086.0 0.00092572
3088.0 0.00036725
3090.0 4.935e-05
3092.0 0.00042323
3094.0 0.00053699
3096.0 0.00064632
3098.0 0.00070192
3100.0 -5.937e-05
3102.0 -0.00011513
3104.0 -0.00014183
3106.0 -3.75e-05
3108.0 -0.00045208
3110.0 7.362e-05
3112.0 -3.93e-06
3114.0 0.00117149
3116.0 0.00086479
3118.0 0.00016313
3120.0 4.534e-05
3122.0 0.00041803
3124.0 0.00022064
3126.0 -0.00012212
3128.0 0.00045051
3130.0 -0.00032413
3132.0 -0.00035758
3134.0 -0.00021109
3136.0 -5.45e-06
3138.0 -0.00021063
3140.0 0.00038765
3142.0 0.00028229
3144.0 0.00022041
3146.0 0.00018417
3148.0 0.00076693
3150.0 0.00027942
3152.0 4.886e-05
3154.0 0.00024858
3156.0 0.00069094
3158.0 0.00089688
3160.0 0.00075831
3162.0 2.329e-05
3164.0 0.00011291
3166.0 0.00044951
3168.0 0.000683
3170.0 0.00085922
3172.0 0.00065967
3174.0 0.00040342
3176.0 0.00019953
3178.0 -0.00053527
3180.0 0.00049422
3182.0 0.00070269
3184.0 0.00044014
3186.0 -3.752e-05
3188.0 -0.00018468
3190.0 0.00041036
3192.0 0.000748
3194.0 0.0007192
3196.0 5.414e-05
3198.0 -0.00049212
3200.0 0.0006042
3202.0 0.00069835
3204.0 0.00014534
3206.0 -0.00068292
3208.0 0.00010188
3210.0 -0.00056381
3212.0 0.00055259
3214.0 0.00015764
3216.0 0.00058317
3218.0 0.00051482
3220.0 0.00124528
3222.0 -0.0004454
3224.0 0.00040614
3226.0 -0.00018611
3228.0 0.00064106
3230.0 -0.0001853
3232.0 0.00109507
3234.0 0.00038155
3236.0 0.00025974
3238.0 0.00088825
3240.0 -9.883e-05
3242.0 0.00095479
3244.0 0.00044423
3246.0 -0.00033708
3248.0 0.00023567
3250.0 -0.00010034
3252.0 0.00069573
3254.0 -6.789e-05
3256.0 0.00041748
3258.0 0.00051475
3260.0 0.00067151
3262.0 -0.00056709
3264.0 -0.00019559
3266.0 0.00039871
3268.0 0.00049347
3270.0 0.00027741
3272.0 0.00024772
3274.0 6.456e-05
3276.0 0.0001275
3278.0 0.00068767
3280.0 -0.00016126
3282.0 0.00013227
3284.0 -6.385e-05
3286.0 -0.0006892
3288.0 0.00023476
3290.0 -0.00081858
3292.0 0.00092673
3294.0 0.00068175
3296.0 0.00011391
3298.0 -0.00046077
3300.0 2.355e-05
3302.0 -7.33e-06
3304.0 0.00081528
3306.0 7.901e-05
3308.0 -0.00031857
3310.0 0.00122655
3312.0 0.0004245
3314.0 -0.00050316
3316.0 0.00111286
3318.0 0.00033351
3320.0 5.511e-05
3322.0 0.00046345
3324.0 0.00090744
3326.0 0.0004057
3328.0 0.00022016
3330.0 0.00043892
3332.0 -0.00010021
3334.0 0.00024684
3336.0 0.00086168
3338.0 0.00038203
3340.0 0.00049375
3342.0 0.00061992
3344.0 0.00069362
3346.0 -0.00022634
3348.0 -7.11e-05
3350.0 0.00041475
3352.0 1.376e-05
3354.0 0.00047883
3356.0 5.245e-05
3358.0 0.00047564
3360.0 0.000669
3362.0 0.00023564
3364.0 0.00045077
3366.0 -0.00010334
3368.0 0.00051854
3370.0 -0.00025764
3372.0 -0.00044107
3374.0 0.00021292
3376.0 -0.00022323
3378.0 0.00058529
3380.0 -0.00019629
3382.0 -8.51e-06
3384.0 0.00043131
3386.0 -3.761e-05
3388.0 -0.00031728
3390.0 0.00046473
3392.0 0.00021113
3394.0 -6.859e-05
3396.0 0.00077891
3398.0 -0.0001648
3400.0 -0.00041268
3402.0 -0.00099404
3404.0 0.00063639
3406.0 -0.00027675
3408.0 0.00025842
3410.0 0.00016219
3412.0 -0.00104694
3414.0 0.0004285
3416.0 0.0005663
3418.0 9.446e-05
3420.0 0.00049609
3422.0 -0.00034909
3424.0 0.00016151
3426.0 -5.85e-06
3428.0 9.248e-05
3430.0 0.00035961
3432.0 0.00075807
3434.0 0.00062636
3436.0 -0.00080634
3438.0 -0.00010413
3440.0 0.00091722
3442.0 0.00022986
3444.0 0.00045726
3446.0 0.00045453
3448.0 -0.00066053
3450.0 0.00035319
3452.0 0.0001874
3454.0 0.00038584
3456.0 -0.00017238
3458.0 0.00031514
3460.0 0.00110432
3462.0 0.00067637
3464.0 0.00025797
3466.0 0.00083735
3468.0 0.00080354
3470.0 0.0004459
3472.0 0.00102448
3474.0 2.503e-05
3476.0 0.0003169
3478.0 0.00051185
3480.0 0.00082919
3482.0 0.00034805
3484.0 -0.00029871
3486.0 0.00012104
3488.0 0.00047574
3490.0 0.00022029
3492.0 0.00069519
3494.0 -0.00033339
3496.0 0.00012043
3498.0 0.00066363
3500.0 0.00118945
3502.0 0.00032378
3504.0 0.00032101
3506.0 0.00119107
3508.0 -2.91e-06
3510.0 0.00012173
3512.0 0.00096573
3514.0 5.586e-05
3516.0 0.00045912
3518.0 4.794e-05
3520.0 0.00010763
3522.0 0.00084073
3524.0 -0.0001038
3526.0 0.00028505
3528.0 -3.511e-05
3530.0 -8.79e-06
3532.0 -6.866e-05
3534.0 0.00046267
3536.0 0.00037016
3538.0 0.0002474
3540.0 0.0013365
3542.0 0.00025676
3544.0 0.00054691
3546.0 9.228e-05
3548.0 0.00015584
3550.0 0.00075257
3552.0 0.00024396
3554.0 -0.00012949
3556.0 0.00067454
3558.0 0.00036142
3560.0 0.00047883
3562.0 -0.00011078
3564.0 0.00033254
3566.0 0.00095901
3568.0 -0.00026122
3570.0 0.00015012
3572.0 -0.00012924
3574.0 -0.00016147
3576.0 -0.00025203
3578.0 5.641e-05
3580.0 -0.00028054
3582.0 -9.288e-05
3584.0 0.0006576
3586.0 -2.371e-05
3588.0 0.0002989
3590.0 -0.00028805
3592.0 0.00081686
3594.0 0.00115702
3596.0 0.00065239
3598.0 -9.781e-05
3600.0 0.00027952
3602.0 0.00052157
3604.0 0.0002739
3606.0 0.00026931
3608.0 -9.591e-05
3610.0 0.00041655
3612.0 0.00104928
3614.0 0.00113618
3616.0 0.00019062
3618.0 0.00070917
3620.0 -0.00029354
3622.0 0.00031414
3624.0 0.00012241
3626.0 -0.00019522
3628.0 5.75e-05
3630.0 0.00040657
3632.0 -4.7e-06
3634.0 0.00090361
3636.0 0.00127816
3638.0 0.00024298
3640.0 0.00011964
3642.0 -0.00015703
3644.0 -0.0005727
3646.0 -0.00079138
3648.0 -0.00028411
3650.0 -0.00119431
3652.0 0.00045598
3654.0 0.0003527
3656.0 -4.98e-06
3658.0 0.00074183
3660.0 0.00080457
3662.0 0.00121981
3664.0 -0.00062005
3666.0 -0.00013326
3668.0 -0.00032413
3670.0 0.00018445
3672.0 0.00075703
3674.0 0.0007781
3676.0 0.0002126
3678.0 -7.314e-05
3680.0 0.00046991
3682.0 0.00036527
3684.0 0.00023128
3686.0 5.972e-05
3688.0 0.00046039
3690.0 -0.00090351
3692.0 0.00035974
3694.0 -0.00066853
3696.0 2.551e-05
3698.0 0.00028768
3700.0 0.00097393
3702.0 0.00064717
3704.0 0.00028944
3706.0 -0.0008266
3708.0 -0.00034183
3710.0 -0.00070111
3712.0 -0.00021371
3714.0 -0.00097769
3716.0 0.00027518
3718.0 -0.00024638
3720.0 -0.00076049
3722.0 -0.00024829
3724.0 2.77e-05
3726.0 -0.00047931
3728.0 0.00013071
3730.0 0.00050379
3732.0 0.00053363
3734.0 0.00029703
3736.0 0.00046173
3738.0 0.0003595
3740.0 0.00059182
3742.0 0.00039918
3744.0 0.00089884
3746.0 0.00049332
3748.0 -0.00025434
3750.0 -0.0007144
3752.0 -0.00014693
3754.0 0.00020598
3756.0 0.0002068
3758.0 -0.00028831
3760.0 0.00068802
3762.0 0.00107616
3764.0 0.00065606
3766.0 -0.00014503
3768.0 6.308e-05
3770.0 0.00026681
3772.0 0.00085033
3774.0 -0.00017421
3776.0 0.00054904
3778.0 0.00098891
3780.0 0.00076025
3782.0 -0.0004063
3784.0 -0.00044348
3786.0 0.00024949
3788.0 0.00021372
3790.0 0.0003196
3792.0 0.00028201
3794.0 -0.00036527
3796.0 0.00067238
3798.0 0.00070798
3800.0 0.00027659
3802.0 0.00070502
3804.0 0.00056259
3806.0 -0.00028959
3808.0 0.00016838
3810.0 -0.00087259
3812.0 0.00121396
3814.0 0.00071754
3816.0 -0.00034585
3818.0 -0.00080726
3820.0 0.00056446
3822.0 0.00094242
3824.0 0.00010642
3826.0 0.00082671
3828.0 -0.00019196
3830.0 -8.134e-05
3832.0 0.00112462
3834.0 0.00011089
3836.0 0.00017746
3838.0 0.00096906
3840.0 0.00130152
3842.0 -0.00101546
3844.0 6.946e-05
3846.0 1.592e-05
3848.0 -0.0005885
3850.0 0.00027568
3852.0 -0.00165331
3854.0 0.00055451
3856.0 0.00031161
3858.0 0.00075083
3860.0 -0.00036752
3862.0 0.00102616
3864.0 0.00014961
3866.0 3.207e-05
3868.0 0.00015262
3870.0 0.00047121
3872.0 0.00030402
3874.0 -0.00055629
3876.0 0.00062343
3878.0 0.00109533
3880.0 0.00093546
3882.0 0.00065993
3884.0 0.00155391
3886.0 -0.00032087
3888.0 -0.00015357
3890.0 -0.00099169
3892.0 0.00049245
3894.0 0.00076566
3896.0 2.823e-05
3898.0 0.00037546
3900.0 3.618e-05
3902.0 0.00067571
3904.0 0.00046063
3906.0 0.00079641
3908.0 3.259e-05
3910.0 0.00012038
3912.0 3.322e-05
3914.0 0.00263582
3916.0 0.00099905
3918.0 -0.000301
3920.0 0.00031084
3922.0 0.00107252
3924.0 -0.00025039
3926.0 0.00128839
3928.0 0.00075105
3930.0 -0.00161804
3932.0 -5.419e-05
3934.0 -0.00103055
3936.0 0.0003918
3938.0 0.0008761
3940.0 0.00069431
3942.0 0.00118761
3944.0 -0.00067144
3946.0 3.797e-05
3948.0 0.0004708
3950.0 0.0002965
3952.0 -3.337e-05
3954.0 0.00063736
3956.0 -0.00129157
3958.0 -0.00137051
3960.0 -0.00074994
3962.0 0.00078496
3964.0 0.00027402
3966.0 0.0006401
3968.0 0.0003203
3970.0 0.0017507
3972.0 -9.7e-05
3974.0 0.00105069
3976.0 -0.00101636
3978.0 0.00044557
3980.0 0.00035373
3982.0 0.00148539
3984.0 -0.00117243
3986.0 -0.00030109
3988.0 -0.00084163
3990.0 0.00061623
3992.0 -0.00176428
3994.0 0.00061689
3996.0 8.5e-05
3998.0 0.00037251
4000.0 0.0009019
4002.0 0.00114009
4004.0 -0.00076824
4006.0 0.00027742
4008.0 0.00107308
4010.0 0.00163573
4012.0 0.00027343
4014.0 0.00151113
4016.0 5.106e-05
4018.0 0.00216803
4020.0 0.00038721
4022.0 -0.00015562
4024.0 0.00094461
4026.0 -0.00096337
4028.0 -0.00020292
4030.0 -0.00020632
4032.0 0.0005393
4034.0 -0.00145273
4036.0 -0.0004534
4038.0 0.00086848
4040.0 0.00061878
4042.0 -0.0010796
4044.0 -0.00019377
4046.0 0.00072389
4048.0 0.00034482
4050.0 0.00076585
4052.0 -0.00161664
4054.0 0.00019569
4056.0 0.0006049
4058.0 9.246e-05
4060.0 3.792e-05
4062.0 9.558e-05
4064.0 0.00136353
4066.0 0.00039298
4068.0 0.00063634
4070.0 0.00068359
4072.0 -0.00024449
4074.0 -0.00065662
4076.0 0.00132336
4078.0 0.00138278
4080.0 0.00024738
4082.0 0.0006211
4084.0 0.00136325
4086.0 0.00125433
4088.0 -0.00043365
4090.0 0.00062256
4092.0 0.00144143
4094.0 0.00097872
4096.0 0.00118176
4098.0 0.00131901
4100.0 -0.00107183
4102.0 -0.00083845
4104.0 -0.00023076
4106.0 0.00114745
4108.0 4.371e-05
4110.0 0.00097444
4112.0 -6.331e-05
4114.0 0.00026323
4116.0 -6.591e-05
4118.0 0.00031378
4120.0 0.00138786
4122.0 0.00128297
4124.0 0.00035389
4126.0 0.00116383
4128.0 2.799e-05
4130.0 0.00161909
4132.0 -0.0014022
4134.0 0.00044935
4136.0 0.00028336
4138.0 3.778e-05
4140.0 0.00141253
4142.0 0.00230757
4144.0 0.00145977
4146.0 -0.00057445
4148.0 0.00296304
4150.0 -0.00029344
4152.0 0.0002614
4154.0 -0.00028582
4156.0 -0.00023529
4158.0 0.00015327
4160.0 -0.00139544
4162.0 0.0009316
4164.0 0.00059362
4166.0 0.00158991
4168.0 0.00241794
4170.0 0.00039255
4172.0 -0.00164961
4174.0 0.00015153
4176.0 -0.00042805
4178.0 0.00028234
4180.0 -7.633e-05
4182.0 0.00062475
4184.0 -0.00124047
4186.0 -0.00053463
4188.0 -0.00012634
4190.0 0.0002172
4192.0 -0.00058202
4194.0 -0.00075502
4196.0 -0.00162323
4198.0 0.0017153
4200.0 0.00073907
4202.0 -0.00044938
4204.0 0.0009055
4206.0 -0.00056913
4208.0 0.00090344
4210.0 -0.00044177
4212.0 -0.00121869
4214.0 0.00108997
4216.0 0.00284692
4218.0 -0.00019291
4220.0 0.00173238
4222.0 -0.00043063
4224.0 0.00029704
4226.0 0.00030311
4228.0 0.0010139
4230.0 -0.00031122
4232.0 0.00046172
4234.0 0.00143251
4236.0 0.00028655
4238.0 0.00058527
4240.0 0.0014215
4242.0 0.00058033
4244.0 0.00089365
4246.0 -0.00058096
4248.0 -0.00138663
4250.0 0.00032351
4252.0 0.00026046
4254.0 -0.00033874
4256.0 0.00063419
4258.0 0.00069969
4260.0 0.00190747
4262.0 0.00120377
4264.0 -0.0009769
4266.0 -0.0004024
4268.0 0.00012068
4270.0 0.00011783
4272.0 0.0008798
4274.0 0.00018019
4276.0 -1.368e-05
4278.0 0.00042493
4280.0 -0.00109977
4282.0 -0.00090077
4284.0 -0.00072216
4286.0 0.00131504
4288.0 -0.00110543
4290.0 0.00137213
4292.0 0.00061419
4294.0 -0.00217696
4296.0 0.00194576
4298.0 -0.00148427
4300.0 0.00118869
4302.0 -7.434e-05
4304.0 -0.00208937
4306.0 0.00125171
4308.0 -0.0014676
4310.0 -0.00064619
4312.0 -0.00050567
4314.0 -0.00140951
4316.0 0.00055633
4318.0 -0.00011349
4320.0 -0.00106452
4322.0 0.00083817
4324.0 -0.00168414
4326.0 -0.00023509
4328.0 0.00046597
4330.0 0.0012825
4332.0 0.00060751
4334.0 0.00025733
4336.0 -0.00021586
4338.0 -0.00098328
4340.0 0.00307015
4342.0 0.00066387
4344.0 0.0017707
4346.0 7.066e-05
4348.0 -0.00043294
4350.0 -0.00048019
4352.0 0.00177066
4354.0 0.00191152
4356.0 0.0021949
4358.0 -0.00021107
4360.0 -0.00062451
4362.0 0.00135693
4364.0 -0.00118585
4366.0 0.00018664
4368.0 -0.00062602
4370.0 0.00121535
4372.0 4.903e-05
4374.0 -0.00022787
4376.0 0.00047203
4378.0 -0.0024155
4380.0 0.00403081
4382.0 0.00046086
4384.0 0.0004759
4386.0 0.00040076
4388.0 0.00081816
4390.0 0.00045501
4392.0 0.00088218
4394.0 -2.303e-05
4396.0 0.00102191
4398.0 0.0021291
4400.0 -0.00022224
4402.0 0.00061089
4404.0 -0.00035736
4406.0 0.00074583
4408.0 0.0010237
4410.0 -0.00195185
4412.0 -0.00055786
4414.0 0.00089549
4416.0 0.00059448
4418.0 -0.00098781
4420.0 -0.00049653
4422.0 0.00163714
4424.0 0.00032221
4426.0 -0.00237335
4428.0 0.00053264
4430.0 0.0008122
4432.0 0.0004749
4434.0 7.984e-05
4436.0 0.00140225
4438.0 0.0017107
4440.0 -0.00049704
4442.0 0.00163682
4444.0 0.00033366
4446.0 0.00154529
4448.0 0.00181354
4450.0 -0.00142933
4452.0 0.00110124
4454.0 0.00124997
4456.0 -0.00114801
4458.0 -0.00300688
4460.0 0.00118469
4462.0 0.00209907
4464.0 -0.00143474
4466.0 0.00133094
4468.0 0.00095515
4470.0 0.00156494
4472.0 -0.00023323
4474.0 0.00216932
4476.0 0.00119541
4478.0 -0.00046012
4480.0 -0.00016691
4482.0 0.00163398
4484.0 0.00231143
4486.0 0.00135011
4488.0 -0.00115494
4490.0 -0.00077534
4492.0 -0.00152245
4494.0 -0.00024631
4496.0 0.00286077
4498.0 0.00119576
4500.0 0.00065928
4502.0 0.00044557
4504.0 0.00043129
4506.0 0.00142663
4508.0 0.00043131
4510.0 0.00028196
4512.0 0.002802
4514.0 0.0011237
4516.0 0.00044519
4518.0 0.00188986
4520.0 0.00035908
4522.0 -0.00093011
4524.0 0.00294458
4526.0 -1.322e-05
4528.0 0.00166657
4530.0 0.00044419
4532.0 5.997e-05
4534.0 0.00196393
4536.0 0.00309911
4538.0 0.00120713
4540.0 0.00044147
4542.0 0.00097048
4544.0 0.00127821
4546.0 -0.00061689
4548.0 0.0009096
4550.0 -0.00093545
4552.0 0.001277
4554.0 0.00180976
4556.0 0.00320921
4558.0 -0.00108523
4560.0 0.00013361
4562.0 0.00144088
4564.0 0.00304978
4566.0 -0.00033978
4568.0 0.00013558
4570.0 -0.00215657
4572.0 -0.00054959
4574.0 -0.00055071
4576.0 -1.795e-05
4578.0 0.00197334
4580.0 0.00082547
4582.0 0.00375581
4584.0 0.00036467
4586.0 0.00052319
4588.0 0.00252629
4590.0 0.0011416
4592.0 -0.00079382
4594.0 0.00283705
4596.0 5.67e-05
4598.0 0.00075864
4600.0 0.00044257
4602.0 0.00091083
4604.0 0.00099732
4606.0 -0.0012514
4608.0 0.0006736
4610.0 -0.00040191
4612.0 0.00068792
4614.0 0.00144394
4616.0 -0.00143885
4618.0 -0.00121007
4620.0 0.00155572
4622.0 0.0003947
4624.0 0.00086713
4626.0 0.0004891
4628.0 0.00138477
4630.0 -0.00018326
4632.0 0.00110709
4634.0 0.00129149
4636.0 0.00027113
4638.0 0.0026616
4640.0 -0.00010807
4642.0 0.00300441
4644.0 -0.00160832
4646.0 -0.00153126
4648.0 0.00149354
4650.0 -0.00110357
4652.0 -1.672e-05
4654.0 0.0013349
4656.0 -0.00146144
4658.0 -0.00161317
4660.0 -0.00085727
4662.0 -0.00146038
4664.0 -0.00017889
4666.0 -0.00059378
4668.0 -0.00103974
4670.0 0.00013979
4672.0 0.00022793
4674.0 -0.00018193
4676.0 0.0014942
4678.0 0.00286096
4680.0 -0.00070182
4682.0 0.00106485
4684.0 0.0014987
4686.0 -0.00059678
4688.0 -0.00153675
4690.0 -2.268e-05
4692.0 -0.00036114
4694.0 0.00200553
4696.0 0.00065896
4698.0 -0.00119553
4700.0 0.00133039
4702.0 -0.00042793
4704.0 -1.17e-05
4706.0 0.00141432
4708.0 0.00066381
4710.0 -0.0012789
4712.0 0.00041563
4714.0 0.00116553
4716.0 -1.784e-05
4718.0 0.00226592
4720.0 -0.00062278
4722.0 0.00092391
4724.0 0.00259895
4726.0 0.00293593
4728.0 0.00133588
4730.0 0.00268765
4732.0 0.00031165
4734.0 0.00032296
4736.0 0.00014849
4738.0 -0.00187767
4740.0 -0.00094983
4742.0 -0.00018643
4744.0 0.00387699
4746.0 0.00040927
4748.0 0.002268
4750.0 -0.00206087
4752.0 -0.0008692
4754.0 -0.00027851
4756.0 -0.00051749
4758.0 0.00015161
4760.0 -1.778e-05
4762.0 0.00041664
4764.0 -0.00145282
4766.0 0.00014561
4768.0 0.00125785
4770.0 -0.00103172
4772.0 0.00100401
4774.0 -0.00019125
4776.0 0.00134338
4778.0 -0.00139575
4780.0 0.00517132
4782.0 6.249e-05
4784.0 -0.00010942
4786.0 0.00074221
4788.0 0.00168632
4790.0 0.00144373
4792.0 -0.00156747
4794.0 -0.0011211
4796.0 0.00092339
4798.0 0.00271489
4800.0 -0.00028043
4802.0 0.00263298
4804.0 0.0020245
4806.0 0.00134573
4808.0 -0.0008793
4810.0 0.00041839
4812.0 -0.00078323
4814.0 -0.00165739
4816.0 -0.00036008
4818.0 -0.00044982
4820.0 5.846e-05
4822.0 0.00272678
4824.0 0.00289113
4826.0 0.0008342
4828.0 7.441e-05
4830.0 0.001609
4832.0 -0.00154545
4834.0 0.00108709
4836.0 0.00092547
4838.0 7.258e-05
4840.0 0.00134771
4842.0 -0.00156285
4844.0 0.0013447
4846.0 -0.00131139
4848.0 0.00023803
4850.0 -0.00137997
4852.0 -0.00071477
4854.0 -0.00036923
4856.0 0.00239237
4858.0 0.00143368
4860.0 0.00222867
4862.0 0.00203984
4864.0 0.00257963
4866.0 0.00110314
4868.0 -0.00010935
4870.0 0.00076776
4872.0 0.00015213
4874.0 -0.00225324
4876.0 -0.00155866
4878.0 0.00118855
4880.0 0.00154055
4882.0 -0.00036469
4884.0 0.00100776
4886.0 0.00154866
4888.0 -3.705e-05
4890.0 0.00059413
4892.0 0.00110205
4894.0 0.00085744
4896.0 0.00111998
4898.0 0.00163326
4900.0 0.00041664
4902.0 0.00067437
4904.0 -0.00021056
4906.0 0.00353795
4908.0 0.00441294
4910.0 0.00285312
4912.0 0.00275581
4914.0 -0.00037206
4916.0 -0.00193644
4918.0 -0.00142362
4920.0 0.00258352
4922.0 -0.00428863
4924.0 0.00050956
4926.0 0.00112032
4928.0 0.00311428
4930.0 0.00233233
4932.0 0.00067505
4934.0 0.00164164
4936.0 0.00083968
4938.0 0.00189999
4940.0 0.00120423
4942.0 0.00086216
4944.0 0.00085273
4946.0 -0.00167467
4948.0 -0.00081694
4950.0 -0.00097203
4952.0 0.0028761
4954.0 6.3e-05
4956.0 0.00015267
4958.0 0.00296731
4960.0 -0.00045371
4962.0 -0.0016099
4964.0 0.00087553
4966.0 0.00122311
4968.0 0.00172994
4970.0 0.00069118
4972.0 0.00096382
4974.0 -0.00142294
4976.0 0.00210483
4978.0 0.00288937
4980.0 -0.00098315
4982.0 0.00131312
4984.0 0.00095169
4986.0 0.00342947
4988.0 -0.00152549
4990.0 0.00220098
4992.0 0.00149127
4994.0 0.00202148
4996.0 0.00228323
4998.0 0.00458558
5000.0 0.00227652
5002.0 -0.00021881
5004.0 0.00246775
5006.0 0.00069344
5008.0 -0.00153157
5010.0 0.00149185
5012.0 0.00016077
5014.0 0.00192664
5016.0 0.00140412
5018.0 0.00194155
5020.0 0.00078483
5022.0 0.00121928
5024.0 0.00236473
5026.0 0.00113688
5028.0 -0.00018314
5030.0 0.00139968
5032.0 0.00103736
5034.0 0.00167987
5036.0 -0.00036521
5038.0 -0.00269909
5040.0 0.00106427
5042.0 0.00157753
5044.0 0.00086291
5046.0 0.00310642
5048.0 0.00095662
5050.0 0.00097381
5052.0 0.002305
5054.0 0.000615
5056.0 0.00070052
5058.0 0.00285027
5060.0 -0.00154451
5062.0 -0.00272419
5064.0 0.00185599
5066.0 -0.00100444
5068.0 -0.00072475
5070.0 0.00232064
5072.0 0.00016335
5074.0 0.00241853
5076.0 -0.00181704
5078.0 0.00311914
5080.0 -0.00172384
5082.0 0.00224083
5084.0 0.00186609
5086.0 0.00059268
5088.0 0.00142152
5090.0 0.00042671
5092.0 -0.00210349
5094.0 0.00223042
5096.0 -0.00255023
5098.0 -0.00028425
5100.0 0.00034552
5102.0 0.00161929
5104.0 0.00260159
5106.0 0.00232536
5108.0 0.00442849
5110.0 -0.00203279
5112.0 -0.00119131
5114.0 0.00135345
5116.0 -0.00273547
5118.0 0.00089605
5120.0 0.00216341
5122.0 0.00252812
5124.0 0.00152911
5126.0 0.00154169
5128.0 -0.0005705
5130.0 -0.00047682
5132.0 0.0029795
5134.0 -0.00250363
5136.0 0.00107765
5138.0 -0.0005767
5140.0 -0.00121515
5142.0 0.00088337
5144.0 0.0034526
5146.0 0.00014876
5148.0 0.00061609
5150.0 -0.00028605
5152.0 -1.858e-05
5154.0 0.00033358
5156.0 -0.00332789
5158.0 0.0012533
5160.0 -0.00011362
5162.0 0.00356381
5164.0 0.00153441
5166.0 -0.00167778
5168.0 0.00107532
5170.0 0.00330535
5172.0 6.185e-05
5174.0 0.00051192
5176.0 -0.00021011
5178.0 0.00413232
5180.0 0.00284967
5182.0 -0.00010755
5184.0 -0.00093081
5186.0 0.00043379
5188.0 -0.00131762
5190.0 0.00109115
5192.0 0.00220739
5194.0 0.00257054
5196.0 -0.00282521
5198.0 0.00248794
5200.0 0.00276875
5202.0 0.00118853
5204.0 0.00110012
5206.0 0.00202771
5208.0 -0.00086922
5210.0 -0.0005952
5212.0 0.00043883
5214.0 0.00483531
5216.0 0.00119255
5218.0 0.00081839
5220.0 0.00241835
5222.0 0.00128846
5224.0 0.00167748
5226.0 0.00286554
5228.0 -0.00076718
5230.0 0.00054631
5232.0 0.00053398
5234.0 -0.00076923
5236.0 0.0027928
5238.0 0.00025005
5240.0 7.299e-05
5242.0 0.00054577
5244.0 0.00110847
5246.0 -0.00125095
5248.0 0.00121132
5250.0 0.00024964
5252.0 0.0014961
5254.0 -2.763e-05
5256.0 0.00083068
5258.0 0.00053948
5260.0 -1.025e-05
5262.0 -0.00212109
5264.0 0.00338169
5266.0 -0.00049383
5268.0 0.00130988
5270.0 -0.0002153
5272.0 -2.031e-05
5274.0 -1.573e-05
5276.0 0.0006542
5278.0 -0.00078267
5280.0 -0.00030392
5282.0 0.00228095
5284.0 0.0025555
5286.0 0.0032117
5288.0 0.0003634
5290.0 0.00562045
5292.0 0.00026926
5294.0 -0.00138153
5296.0 -0.00012206
5298.0 0.00073124
5300.0 0.00161472
5302.0 0.00228676
5304.0 0.00046628
5306.0 0.00114547
5308.0 -0.00021606
5310.0 0.00027015
5312.0 0.001325
5314.0 -0.00060459
5316.0 0.00114529
5318.0 0.00335433
5320.0 0.0043433
5322.0 0.00018619
5324.0 0.00318361
5326.0 -0.00098664
5328.0 0.00377175
5330.0 7.697e-05
5332.0 0.00106683
5334.0 0.00014497
5336.0 7.523e-05
5338.0 -0.00129933
5340.0 -2.919e-05
5342.0 0.00213626
5344.0 0.00113968
5346.0 7.161e-05
5348.0 6.257e-05
5350.0 0.00340298
5352.0 -0.00051217
5354.0 0.00027353
5356.0 -1.681e-05
5358.0 0.00018084
5360.0 0.00274452
5362.0 0.00056186
5364.0 0.00107247
5366.0 -0.00260562
5368.0 -0.00054149
5370.0 0.00079108
5372.0 0.00206153
5374.0 0.00158391
5376.0 0.00176902
5378.0 -0.00073055
5380.0 0.00126441
5382.0 0.00457957
5384.0 0.00277348
5386.0 -0.00063768
5388.0 -0.00215368
5390.0 0.001076
5392.0 0.00237753
5394.0 0.00147825
5396.0 0.0004661
5398.0 0.00046996
5400.0 0.00058147
5402.0 -0.00054364
5404.0 0.00210966
5406.0 -0.00186006
5408.0 0.00138186
5410.0 7.49e-05
5412.0 0.00027504
5414.0 0.00295749
5416.0 -4.624e-05
5418.0 0.00144766
5420.0 0.00244594
5422.0 0.00111865
5424.0 0.00474705
5426.0 -0.00178964
5428.0 -0.00116502
5430.0 0.00186015
5432.0 0.00132935
5434.0 0.00291034
5436.0 0.00083079
5438.0 -0.00023592
5440.0 0.00122403
5442.0 0.00060172
5444.0 0.00305173
5446.0 0.00017016
5448.0 -0.00159665
5450.0 0.00157456
5452.0 0.00134733
5454.0 0.00039914
5456.0 0.00051817
5458.0 0.00127311
5460.0 -0.00046032
5462.0 -0.00012961
5464.0 0.00158006
5466.0 0.00243713
5468.0 -0.00010904
5470.0 -0.00023699
5472.0 0.00071782
5474.0 0.00254144
5476.0 0.00124654
5478.0 0.00082611
5480.0 0.00328364
5482.0 0.00200234
5484.0 0.00233541
5486.0 0.00381073
5488.0 0.00167999
5490.0 -0.00014344
5492.0 0.00169328
5494.0 0.0041059
5496.0 -0.00098872
5498.0 0.00026952
5500.0 -0.00056159
5502.0 0.00081155
5504.0 0.0033165
5506.0 -0.00043727
5508.0 0.00237884
5510.0 -0.00206396
5512.0 0.00052689
5514.0 -0.00203431
5516.0 0.00107966
5518.0 -0.00096705
5520.0 -5.772e-05
5522.0 -9.069e-05
5524.0 0.00251237
5526.0 0.00105596
5528.0 -0.00183385
5530.0 -0.00045404
5532.0 -0.00102825
5534.0 0.00028115
5536.0 -0.00060882
5538.0 -0.00205712
5540.0 -0.00140285
5542.0 -0.00020865
5544.0 0.00377974
5546.0 -0.00227812
5548.0 0.00052611
5550.0 -0.00167039
5552.0 0.00076435
5554.0 -0.00128894
5556.0 -0.0017104
5558.0 -0.0006125
5560.0 0.00229732
5562.0 -0.00025434
5564.0 -0.00036648
5566.0 -0.00442598
5568.0 -0.00093179
5570.0 0.00229494
5572.0 0.00043897
5574.0 0.00101893
5576.0 0.00019408
5578.0 -0.00232422
5580.0 -0.00059845
5582.0 0.00172418
5584.0 0.002044
5586.0 0.00091961
5588.0 0.0020494
5590.0 0.00251435
5592.0 -2.592e-05
5594.0 -0.00061211
5596.0 0.00262393
5598.0 -0.0009175
5600.0 -0.00082386
5602.0 -0.00118326
5604.0 -0.00140893
5606.0 0.00021509
5608.0 0.00078099
5610.0 -0.00162994
5612.0 -0.00369565
5614.0 -0.00508757
5616.0 -0.00013608
5618.0 -0.00024746
5620.0 0.00389698
5622.0 -0.00105005
5624.0 0.00147403
5626.0 -0.00197352
5628.0 -0.00209296
5630.0 -0.00129782
5632.0 -0.00323601
5634.0 -0.00014762
5636.0 -0.00163895
5638.0 -0.00184793
5640.0 -0.00451878
5642.0 -0.0003722
5644.0 -0.00083251
5646.0 -0.00083638
5648.0 0.00055809
5650.0 0.00103545
5652.0 -0.00383791
5654.0 -0.00048857
5656.0 0.00044515
5658.0 -0.00047826
5660.0 0.00053056
5662.0 -0.00037824
5664.0 -0.00071949
5666.0 0.00320353
5668.0 0.00020033
5670.0 0.0005548
5672.0 8.566e-05
5674.0 -0.00073597
5676.0 -0.00174456
5678.0 0.0002081
5680.0 0.00294352
5682.0 0.00282197
5684.0 0.0025706
5686.0 0.00108108
5688.0 0.00437281
5690.0 0.00186377
5692.0 0.0029954
5694.0 0.00119696
5696.0 -0.00113769
5698.0 0.0029428
5700.0 0.00019877
5702.0 -0.00201591
5704.0 -0.00083101
5706.0 -0.00071965
5708.0 0.00067743
5710.0 0.00112408
5712.0 0.00045818
5714.0 0.00067537
5716.0 -2.863e-05
5718.0 -0.0001459
5720.0 0.00213264
5722.0 -0.000407
5724.0 -0.0017089
5726.0 -0.00081289
5728.0 -0.00269241
5730.0 0.00107426
5732.0 -0.00513144
5734.0 -0.00061508
5736.0 -0.00014728
5738.0 0.00044239
5740.0 -0.00448144
5742.0 -0.00211377
5744.0 0.00241097
5746.0 -0.00137982
5748.0 -0.00174349
5750.0 -0.00083533
5752.0 0.00172703
5754.0 0.00157282
5756.0 0.00279212
5758.0 0.00093408
5760.0 -0.00372037
5762.0 0.00031873
5764.0 -0.00036804
5766.0 -0.00014574
5768.0 -0.00133235
5770.0 0.00266292
5772.0 -0.00246022
5774.0 -0.00281496
5776.0 0.0004475
5778.0 0.00037432
5780.0 -0.00132802
5782.0 0.00166254
5784.0 0.00203723
5786.0 -1.704e-05
5788.0 0.00068928
5790.0 0.00152755
5792.0 -0.00238806
5794.0 -0.00131644
5796.0 0.00044162
5798.0 0.00193158
5800.0 0.00272849
5802.0 -0.00186777
5804.0 -0.00020763
5806.0 0.00326984
5808.0 0.00324652
5810.0 0.0010501
5812.0 0.00198626
5814.0 0.00315343
5816.0 0.0013927
5818.0 -0.00258766
5820.0 0.00271857
5822.0 -0.00558753
5824.0 0.00338623
5826.0 0.00058186
5828.0 -0.00063515
5830.0 0.00211555
5832.0 -0.00153646
5834.0 -0.00083158
5836.0 -0.00022421
5838.0 0.00190938
5840.0 -0.00148213
5842.0 0.00229752
5844.0 0.00262446
5846.0 -0.00240614
5848.0 -0.00075313
5850.0 -0.0007517
5852.0 0.00017614
5854.0 -0.00038129
5856.0 0.0018381
5858.0 -0.002227
5860.0 0.00310968
5862.0 -0.00121975
5864.0 0.00197821
5866.0 -0.00202725
5868.0 0.00079869
5870.0 0.00102225
5872.0 0.00085181
5874.0 -0.00139074
5876.0 -0.00310564
5878.0 -2.092e-05
5880.0 -0.00485019
5882.0 0.00321431
5884.0 0.00068924
5886.0 -0.00073867
5888.0 7.506e-05
5890.0 0.00358518
5892.0 -0.00033332
5894.0 -0.00263601
5896.0 -0.00089209
5898.0 9.422e-05
5900.0 -0.00173768
5902.0 -0.00038208
5904.0 -0.00111818
5906.0 -0.00025518
5908.0 0.00257268
5910.0 -0.00170656
5912.0 -0.00070035
5914.0 0.00384207
5916.0 0.00180662
5918.0 -0.00122243
5920.0 0.0007244
5922.0 -0.00064575
5924.0 0.00045041
5926.0 -0.00046248
5928.0 7.916e-05
5930.0 -0.00202677
5932.0 -0.00146538
5934.0 0.0043471
5936.0 -0.00016196
5938.0 -0.00163856
5940.0 0.00169976
5942.0 -0.00323139
5944.0 -0.00143487
5946.0 -0.00381177
5948.0 0.00506412
5950.0 -0.00035676
5952.0 -0.00149901
5954.0 0.00067762
5956.0 -0.00325044
5958.0 0.00056705
5960.0 0.0010027
5962.0 -0.00119741
5964.0 -0.001011
5966.0 -0.00204874
5968.0 -0.00135862
5970.0 0.00083717
5972.0 -0.00147748
5974.0 -0.00093675
5976.0 0.00065824
5978.0 0.00162952
5980.0 1.599e-05
5982.0 0.00060821
5984.0 -0.00464948
5986.0 0.00159893
5988.0 0.00242773
5990.0 0.0009629
5992.0 -0.00330225
5994.0 -0.00178586
5996.0 0.00174067
5998.0 -0.00222482
6000.0 0.00075565
6002.0 0.00130996
6004.0 -0.0006905
6006.0 0.00230581
6008.0 -0.00237552
6010.0 -0.0017
6012.0 0.00221448
6014.0 -0.00204013
6016.0 0.00381067
6018.0 0.00165737
6020.0 -0.00035634
6022.0 0.00409202
6024.0 -0.00150797
6026.0 0.00056217
6028.0 0.00183123
6030.0 0.00102296
6032.0 0.00205405
6034.0 -0.00221707
6036.0 0.00186942
6038.0 0.0011447
6040.0 -0.00166868
6042.0 0.00173973
6044.0 -0.00049558
6046.0 0.00151559
6048.0 0.00199818
6050.0 -0.00120735
6052.0 -0.00204986
6054.0 -0.00061995
6056.0 -0.00301019
6058.0 0.00104235
6060.0 0.003586
6062.0 -0.00111423
6064.0 0.00069478
6066.0 -0.00037015
6068.0 0.00179822
6070.0 -0.00500264
6072.0 0.00132169
6074.0 -0.00161239
6076.0 -0.00368316
6078.0 0.00034585
6080.0 -0.00064017
6082.0 0.00182719
6084.0 0.00108987
6086.0 -0.00088036
6088.0 0.00096163
6090.0 -0.00422438
6092.0 8.058e-05
6094.0 -0.00102856
6096.0 0.00207373
6098.0 0.00060136
6100.0 -0.002002
6102.0 0.00085084
6104.0 0.00111679
6106.0 -0.00289517
6108.0 -0.00038953
6110.0 0.00410806
6112.0 0.00497233
6114.0 0.00499137
6116.0 -0.00166403
6118.0 -0.00175454
6120.0 0.00097004
6122.0 -0.00178917
6124.0 -0.003167
6126.0 0.00085381
6128.0 0.00083046
6130.0 0.00083028
6132.0 0.00171269
6134.0 0.00186863
6136.0 0.00084673
6138.0 -2.289e-05
6140.0 0.00058414
6142.0 -0.00201697
6144.0 -0.00052615
6146.0 0.00010151
6148.0 -0.00063796
6150.0 0.00021893
6152.0 0.00111705
6154.0 0.00123501
6156.0 -0.00124596
6158.0 -0.00013865
6160.0 0.0024502
6162.0 0.00441882
6164.0 0.0008455
6166.0 -0.00211557
6168.0 -0.00263308
6170.0 0.00429056
6172.0 -0.00264386
6174.0 -0.00076508
6176.0 -0.00028461
6178.0 -0.00186897
6180.0 0.00277976
6182.0 0.00061452
6184.0 0.00045558
6186.0 0.00131624
6188.0 0.0010684
6190.0 -0.00332036
6192.0 0.00155794
6194.0 0.00274825
6196.0 -0.0008649
6198.0 0.00348259
6200.0 0.00322636
6202.0 0.00108551
6204.0 -0.00029606
6206.0 -0.00219125
6208.0 -0.00397946
6210.0 0.00091312
6212.0 -0.00086179
6214.0 0.00258092
6216.0 -0.00204556
6218.0 0.00248282
6220.0 0.00306022
6222.0 -0.00142959
6224.0 0.00209699
6226.0 -0.00016898
6228.0 -0.00049341
6230.0 0.00302669
6232.0 -0.00238417
6234.0 -0.00131989
6236.0 -0.00225579
6238.0 0.00394401
6240.0 0.00044596
6242.0 0.00102924
6244.0 0.0030155
6246.0 -0.00014604
6248.0 -0.00013295
6250.0 -0.00049295
6252.0 -0.00234173
6254.0 -0.00073287
6256.0 -2.072e-05
6258.0 -0.00259264
6260.0 -0.00188436
6262.0 0.00184956
6264.0 -0.00190996
6266.0 -0.00107452
6268.0 -0.00059863
6270.0 0.00068088
6272.0 -0.00258345
6274.0 0.00043746
6276.0 -0.00025589
6278.0 0.00032729
6280.0 -0.00295805
6282.0 0.00158949
6284.0 -0.00106047
6286.0 -0.00177254
6288.0 -0.00107892
6290.0 -0.00187171
6292.0 -0.00073326
6294.0 -0.00037487
6296.0 -0.00130918
6298.0 -0.00063421
6300.0 8.727e-05
6302.0 0.00208123
6304.0 -0.00519785
6306.0 -0.00178095
6308.0 -0.00178188
6310.0 -0.00189628
6312.0 0.00165246
6314.0 0.00351734
6316.0 8.48e-05
6318.0 0.00245566
6320.0 0.00092769
6322.0 0.00141312
6324.0 0.00306444
6326.0 -4.187e-05
6328.0 0.00011356
6330.0 -0.00289053
6332.0 -0.00065075
6334.0 -0.00024553
6336.0 -0.00017968
6338.0 -0.00193553
6340.0 -0.00125172
6342.0 -0.00015068
6344.0 0.00182302
6346.0 0.00179016
6348.0 8.166e-05
6350.0 0.00065017
6352.0 0.0006662
6354.0 -0.00012838
6356.0 0.00161249
6358.0 0.00044884
6360.0 0.00102651
6362.0 -0.00015551
6364.0 -0.00108872
6366.0 0.00270825
6368.0 0.00151498
6370.0 -0.00050884
6372.0 -0.00324683
6374.0 -0.00014214
6376.0 0.0014001
6378.0 0.00249685
6380.0 0.00252732
6382.0 0.00248376
6384.0 0.00066204
6386.0 0.00236468
6388.0 0.00304673
6390.0 -0.0011636
6392.0 0.00148089
6394.0 -0.00128912
6396.0 0.00124714
6398.0 0.0013711
6400.0 0.00149143
6402.0 0.00150556
6404.0 0.00020851
6406.0 0.00212075
6408.0 -0.00146192
6410.0 -0.00060554
6412.0 -0.00329691
6414.0 -0.00014997
6416.0 -0.00013556
6418.0 0.00374113
6420.0 0.00142043
6422.0 -0.0001311
6424.0 -0.00015375
6426.0 0.00088998
6428.0 -0.00164552
6430.0 -0.00014296
6432.0 -0.00180049
6434.0 -0.00204203
6436.0 0.00068862
6438.0 -0.00228012
6440.0 0.00021839
6442.0 0.00143749
6444.0 -0.00172066
6446.0 -0.00080387
6448.0 0.00211342
6450.0 9.122e-05
6452.0 0.00032788
6454.0 -0.00175684
6456.0 -0.00048724
6458.0 -0.00072932
6460.0 0.00104002
6462.0 9.303e-05
6464.0 -0.00087065
6466.0 0.00154423
6468.0 0.00201006
6470.0 0.00275324
6472.0 0.00132542
6474.0 0.00389583
6476.0 0.0039755
6478.0 0.00113188
6480.0 -0.00395158
6482.0 0.00404082
6484.0 -0.0001334
6486.0 -0.00214543
6488.0 0.00070288
6490.0 -0.00096474
6492.0 -0.00482526
6494.0 -0.00110057
6496.0 0.00204567
6498.0 0.00084329
6500.0 0.00452155
6502.0 0.00408767
6504.0 -4.975e-05
6506.0 -0.00198041
6508.0 0.00159251
6510.0 -0.00154682
6512.0 0.00021384
6514.0 8.961e-05
6516.0 0.00235968
6518.0 0.00022209
6520.0 0.0011889
6522.0 -0.00110129
6524.0 -0.00077454
6526.0 -0.00159884
6528.0 0.00137777
6530.0 -0.00070686
6532.0 0.00109112
6534.0 0.00068029
6536.0 -0.00210458
6538.0 0.00128087
6540.0 -0.00342759
6542.0 0.0021174
6544.0 0.00392317
6546.0 0.00069575
6548.0 -0.00052922
6550.0 0.00156493
6552.0 -0.00025649
6554.0 -0.00277504
6556.0 -0.00195045
6558.0 -0.00107902
6560.0 0.00067683
6562.0 0.00160951
6564.0 0.00089643
6566.0 0.00233826
6568.0 -0.00206492
6570.0 0.00095136
6572.0 0.00046878
6574.0 0.00375005
6576.0 0.00180135
6578.0 0.00429197
6580.0 -0.00165119
6582.0 0.00408721
6584.0 0.00355647
6586.0 0.00229982
6588.0 0.00312607
6590.0 -0.00107784
6592.0 -0.00060451
6594.0 0.00080921
6596.0 0.00199587
6598.0 0.0017963
6600.0 0.00094432
6602.0 -0.00211598
6604.0 0.00023274
6606.0 -0.00111493
6608.0 0.00272579
6610.0 -0.00262924
6612.0 -0.00114644
6614.0 0.00463141
6616.0 -0.00385486
6618.0 0.0003197
6620.0 0.00292437
6622.0 0.00354079
6624.0 -0.00253582
6626.0 0.00117976
6628.0 0.00106763
6630.0 0.00081564
6632.0 -0.00378832
6634.0 -0.00064337
6636.0 0.00244441
6638.0 -0.0004022
6640.0 -0.00421925
6642.0 0.00131666
6644.0 0.00098141
6646.0 -0.0013041
6648.0 0.00207302
6650.0 0.00306122
6652.0 -0.00073289
6654.0 -0.00097115
6656.0 -0.0021725
6658.0 0.00094037
6660.0 -0.00366111
6662.0 -0.00100085
6664.0 0.00254496
6666.0 0.00280753
6668.0 -0.00015985
6670.0 0.00108325
6672.0 -0.00171051
6674.0 0.00171394
6676.0 -0.00179615
6678.0 -0.00321067
6680.0 -0.00168487
6682.0 9.039e-05
6684.0 -0.00146186
6686.0 -0.00062542
6688.0 -0.0020703
6690.0 0.0017956
6692.0 0.001221
6694.0 -0.00148181
6696.0 -0.00212567
6698.0 0.00309396
6700.0 0.00035097
6702.0 -0.00101656
6704.0 0.00145469
6706.0 -0.0028376
6708.0 0.00090879
6710.0 0.00093314
6712.0 -0.0006064
6714.0 0.00105671
6716.0 -0.00014063
6718.0 -0.0002655
6720.0 -0.00026474
6722.0 0.00133058
6724.0 0.00146528
6726.0 -0.00099458
6728.0 -0.00250369
6730.0 0.00098013
6732.0 0.00136296
6734.0 -0.00227319
6736.0 0.00059755
6738.0 1.491e-05
6740.0 0.00123224
6742.0 0.00198911
6744.0 -1.813e-05
6746.0 0.00150295
6748.0 -0.00242578
6750.0 -0.0013432
6752.0 0.00153477
6754.0 0.00216236
6756.0 0.00080081
6758.0 -0.0024775
6760.0 -0.00101426
6762.0 0.00182766
6764.0 0.00704607
6766.0 -0.00191707
6768.0 0.00243015
6770.0 -0.00112228
6772.0 0.002619
6774.0 -0.00320995
6776.0 0.00104784
6778.0 0.00128841
6780.0 0.00115421
6782.0 0.00059303
6784.0 -0.00111026
6786.0 -1.315e-05
6788.0 0.00107808
6790.0 0.00048444
6792.0 0.00071031
6794.0 0.00058473
6796.0 0.0003418
6798.0 0.00035664
6800.0 -0.00114406
6802.0 0.00105727
6804.0 0.00357798
6806.0 -0.00234322
6808.0 -0.00200454
6810.0 0.00306023
6812.0 0.00423824
6814.0 -0.0018249
6816.0 0.0023489
6818.0 0.0043139
6820.0 0.0027617
6822.0 -0.00186949
6824.0 -0.0021035
6826.0 -0.00123379
6828.0 0.00034652
6830.0 9.261e-05
6832.0 -0.00211912
6834.0 -0.00290555
6836.0 -0.00305581
6838.0 -0.00082229
6840.0 -8.523e-05
6842.0 0.00149116
6844.0 -0.00044075
6846.0 -0.00027034
6848.0 -0.00014976
6850.0 -0.0013591
6852.0 0.00392429
6854.0 0.00142668
6856.0 0.0005673
6858.0 0.00569057
6860.0 -0.00233234
6862.0 -0.00410093
6864.0 0.00022164
6866.0 0.0015787
6868.0 0.00134429
6870.0 -0.00262846
6872.0 -3.718e-05
6874.0 -1.074e-05
6876.0 0.00049284
6878.0 -0.00167972
6880.0 -0.00022671
6882.0 0.00060219
6884.0 -0.0039149
6886.0 0.00509439
6888.0 0.00056319
6890.0 0.00285187
6892.0 -0.00016018
6894.0 0.00070275
6896.0 -0.00053706
6898.0 -0.00037973
6900.0 -0.00295325
6902.0 -1.514e-05
6904.0 0.00145754
6906.0 -0.00025236
6908.0 0.00033797
6910.0 -0.00266417
6912.0 -0.0010296
6914.0 -0.00167571
6916.0 0.00030824
6918.0 0.00020695
6920.0 -0.00011034
6922.0 -0.00443837
6924.0 0.00020515
6926.0 0.00046009
6928.0 7.382e-05
6930.0 0.00651225
6932.0 -0.00327431
6934.0 0.00095532
6936.0 -0.00138122
6938.0 0.00095874
6940.0 0.00123231
6942.0 0.00206387
6944.0 -0.00166205
6946.0 -0.00038363
6948.0 -0.0006263
6950.0 -0.00241527
6952.0 0.00540911
6954.0 0.00192147
6956.0 -4.418e-05
6958.0 -0.00134213
6960.0 0.00072798
6962.0 -0.00156303
6964.0 0.00081106
6966.0 0.00114793
6968.0 0.00180235
6970.0 0.0026248
6972.0 -0.00014923
6974.0 0.00264828
6976.0 -0.00222428
6978.0 0.00096847
6980.0 0.00182307
6982.0 -0.00252781
6984.0 -0.00352129
6986.0 -0.00318575
6988.0 0.00160826
6990.0 -0.00016303
6992.0 0.00670462
6994.0 -7.283e-05
6996.0 -0.00476195
6998.0 -0.00035209
7000.0 3.838e-05
7002.0 0.00067968
7004.0 0.00071468
7006.0 0.00057346
7008.0 0.00215712
7010.0 0.00180764
7012.0 -0.00053001
7014.0 0.00022516
7016.0 0.00011769
7018.0 0.00256943
7020.0 0.00220772
7022.0 0.00247947
7024.0 -0.00227383
7026.0 0.00058835
7028.0 0.00464148
7030.0 -0.00027749
7032.0 0.00251791
7034.0 -0.00195211
7036.0 0.00138256
7038.0 -0.00099491
7040.0 0.00176143
7042.0 -0.00176969
7044.0 -0.00082256
7046.0 -0.00218379
7048.0 -0.00427852
7050.0 0.0024078
7052.0 -0.00197346
7054.0 0.00020903
7056.0 -0.0005209
7058.0 0.00070509
7060.0 0.00355032
7062.0 -0.00354101
7064.0 -2.182e-05
7066.0 9.972e-05
7068.0 -0.00430814
7070.0 -0.0006661
7072.0 -0.00015882
7074.0 -0.00169875
7076.0 -0.0024778
7078.0 0.00086855
7080.0 -0.00094224
7082.0 -0.00083798
7084.0 -0.00082727
7086.0 -0.00303879
7088.0 -0.00063409
7090.0 0.00546656
7092.0 -2.426e-05
7094.0 -0.00261801
7096.0 -0.00510873
7098.0 -0.0020182
7100.0 -0.0020294
7102.0 0.00046829
7104.0 -0.00241742
7106.0 -0.00101899
7108.0 0.00149977
7110.0 -0.00041259
7112.0 0.00164259
7114.0 0.00075744
7116.0 0.00150336
7118.0 -0.00544112
7120.0 -0.00068539
7122.0 -0.00022979
7124.0 -0.00540697
7126.0 -0.00210582
7128.0 -0.00126766
7130.0 0.00182809
7132.0 -0.00126536
7134.0 0.00283638
7136.0 0.00134589
7138.0 -0.00014931
7140.0 0.00223886
7142.0 0.0055149
7144.0 -0.00255848
7146.0 0.00060584
7148.0 -0.00371971
7150.0 0.00075006
7152.0 0.00422112
7154.0 0.00136552
7156.0 0.00492834
7158.0 -0.0019764
7160.0 -0.0006103
7162.0 0.00108406
7164.0 0.00156401
7166.0 -0.00150414
7168.0 -0.00053067
7170.0 0.00196102
7172.0 0.00233244
7174.0 -4.353e-05
7176.0 0.00196813
7178.0 8.421e-05
7180.0 0.00037192
7182.0 0.00437836
7184.0 -0.00103329
7186.0 0.00303306
7188.0 -0.00261224
7190.0 0.0008785
7192.0 0.00139314
7194.0 -0.00014268
7196.0 0.00308872
7198.0 -4.305e-05
7200.0 -0.00051622
7202.0 0.0015623
7204.0 0.000373
7206.0 1.981e-05
7208.0 0.00144429
7210.0 -0.00229822
7212.0 -0.00011
7214.0 -0.0010943
7216.0 -2.268e-05
7218.0 0.00181226
7220.0 0.00342884
7222.0 -2.611e-05
7224.0 -0.00164111
7226.0 -0.00188752
7228.0 0.00285921
7230.0 0.00500246
7232.0 -0.00103542
7234.0 0.00491774
7236.0 0.00201659
7238.0 0.00214195
7240.0 0.00048886
7242.0 0.00320035
7244.0 0.00220757
7246.0 0.00038246
7248.0 0.00232019
7250.0 -0.00083271
7252.0 0.0015465
7254.0 0.00104183
7256.0 0.004323
7258.0 -0.00037775
7260.0 0.00630907
7262.0 0.00418294
7264.0 0.00383863
7266.0 0.00098649
7268.0 0.00586072
7270.0 0.0017619
7272.0 0.00211974
7274.0 0.00151108
7276.0 0.00356523
7278.0 0.00203937
7280.0 0.0021794
7282.0 0.00127852
7284.0 -0.00401766
7286.0 0.00479142
7288.0 -0.00014369
7290.0 0.0035294
7292.0 0.00078569
7294.0 0.00065636
7296.0 0.00719223
7298.0 -0.00122103
7300.0 0.00173571
7302.0 0.00196678
7304.0 -0.00300587
7306.0 0.00235848
7308.0 0.00236509
7310.0 0.00516265
7312.0 0.00301695
7314.0 -0.00054018
7316.0 0.00177067
7318.0 0.00356956
7320.0 -0.00051671
7322.0 0.00645233
7324.0 0.00116424
7326.0 0.00181354
7328.0 0.00091997
7330.0 0.001975
7332.0 0.00377537
7334.0 0.00131156
7336.0 0.00529404
7338.0 0.00169636
7340.0 0.00446023
7342.0 0.00323167
7344.0 0.00190422
7346.0 0.00361519
7348.0 0.0018713
7350.0 0.0027728
7352.0 0.00606228
7354.0 0.00646979
7356.0 0.00177301
7358.0 0.00294242
7360.0 0.0041164
7362.0 0.00595383
7364.0 0.00828465
7366.0 0.00455989
7368.0 0.00403699
7370.0 0.00079561
7372.0 0.00501633
7374.0 0.00476271
7376.0 0.00702713
7378.0 0.00160438
7380.0 0.0060393
7382.0 0.00468372
7384.0 0.00491629
7386.0 0.00138645
7388.0 0.00525591
7390.0 -0.00062024
7392.0 0.00251079
7394.0 0.00381418
7396.0 0.00420909
7398.0 0.0032015
7400.0 0.00421926
7402.0 0.00463514
7404.0 0.00517137
7406.0 0.00311006
7408.0 0.00375994
7410.0 0.00575749
7412.0 0.00473196
7414.0 0.00159185
7416.0 0.00290414
7418.0 -0.00080843
7420.0 0.00453774
7422.0 0.00381717
7424.0 0.00683128
7426.0 0.00073787
7428.0 0.00766391
7430.0 0.00466289
7432.0 0.00012921
7434.0 0.00241928
7436.0 0.00140569
7438.0 0.0044719
7440.0 0.00155042
7442.0 0.00452127
7444.0 0.00453455
7446.0 0.00547442
7448.0 0.00521619
7450.0 0.00890123
7452.0 0.0072541
7454.0 0.00725267
7456.0 0.00290449
7458.0 0.0028046
7460.0 0.00361488
7462.0 0.00161418
7464.0 0.00260631
7466.0 0.00483318
7468.0 0.00654567
7470.0 0.00454491
7472.0 0.00367105
7474.0 0.00790185
7476.0 0.00371031
7478.0 0.00385617
7480.0 0.00386919
7482.0 0.00685378
7484.0 0.00624152
7486.0 0.00392633
7488.0 0.00288043
7490.0 0.00315688
7492.0 0.00805913
7494.0 0.00225062
7496.0 0.00466554
7498.0 0.00254363
7500.0 0.00698378
7502.0 0.00403339
7504.0 0.00158266
7506.0 0.00395339
7508.0 -0.00232387
7510.0 0.00571101
7512.0 0.00584755
7514.0 0.00537805
7516.0 0.00217664
7518.0 0.00683129
7520.0 0.00207618
7522.0 0.00258691
7524.0 0.0037986
7526.0 0.0026264
7528.0 0.00500968
7530.0 0.00554683
7532.0 0.00344874
7534.0 0.00439838
7536.0 0.00521758
7538.0 0.00537544
7540.0 0.0033739
7542.0 0.00420104
7544.0 0.00652356
7546.0 0.00832933
7548.0 0.00442983
7550.0 0.00354613
7552.0 0.00724234
7554.0 0.00497969
7556.0 0.00500001
7558.0 0.00721027
7560.0 0.00530298
7562.0 0.00674346
7564.0 0.0071586
7566.0 0.00418909
7568.0 0.00695967
7570.0 0.0090947
7572.0 0.00807966
7574.0 0.00490656
7576.0 0.00427811
7578.0 0.00723926
7580.0 0.0040412
7582.0 0.0017601
7584.0 0.00489757
7586.0 0.00509973
7588.0 0.0064691
7590.0 0.00586048
7592.0 0.00575937
7594.0 0.0047549
7596.0 0.00826618
7598.0 0.00363729
7600.0 0.00469798
7602.0 0.00602375
7604.0 0.00394856
7606.0 0.0055523
7608.0 0.00449896
7610.0 0.0071984
7612.0 0.00401666
7614.0 0.00696739
7616.0 0.00767294
7618.0 0.01000764
7620.0 0.0078665
7622.0 0.00912845
7624.0 0.00765599
7626.0 0.00694992
7628.0 0.0052951
7630.0 0.00693619
7632.0 0.00658022
7634.0 0.00464888
7636.0 0.00715627
7638.0 0.00704604
7640.0 0.00642626
7642.0 0.00828036
7644.0 0.00910309
7646.0 0.01006437
7648.0 0.0103777
7650.0 0.01228544
7652.0 0.00697021
7654.0 0.00687581
7656.0 0.01013131
7658.0 0.00867923
7660.0 0.00748989
7662.0 0.00657688
7664.0 0.00714076
7666.0 0.00844184
7668.0 0.00918088
7670.0 0.00707907
7672.0 0.00633163
7674.0 0.00999052
7676.0 0.01160816
7678.0 0.00994872
7680.0 0.0105276
7682.0 0.01095295
7684.0 0.00583759
7686.0 0.00784808
7688.0 0.00855094
7690.0 0.00911821
7692.0 0.0098314
7694.0 0.00972549
7696.0 0.00869136
7698.0 0.01036379
7700.0 0.01000056
7702.0 0.00823535
7704.0 0.01020597
7706.0 0.01258856
7708.0 0.01133212
7710.0 0.00530003
7712.0 0.01371612
7714.0 0.00845186
7716.0 0.0095247
7718.0 0.01335689
7720.0 0.01040357
7722.0 0.00938809
7724.0 0.01353425
7726.0 0.00734009
7728.0 0.00281735
7730.0 0.01034089
7732.0 0.01254274
7734.0 0.01353921
7736.0 0.01087486
7738.0 0.00751174
7740.0 0.01056666
7742.0 0.01018889
7744.0 0.01050465
7746.0 0.00767835
7748.0 0.01246064
7750.0 0.00986102
7752.0 0.00639602
7754.0 0.01097835
7756.0 0.01391161
7758.0 0.01040754
7760.0 0.01402489
7762.0 0.01302538
7764.0 0.01095052
7766.0 0.00939094
7768.0 0.01049272
7770.0 0.01458352
7772.0 0.00732273
7774.0 0.01036165
7776.0 0.01271487
7778.0 0.01099109
7780.0 0.0103472
7782.0 0.0130051
7784.0 0.01126491
7786.0 0.01166313
7788.0 0.0131282
7790.0 0.01395787
7792.0 0.01676047
7794.0 0.0115749
7796.0 0.01558832
7798.0 0.01590837
7800.0 0.01184771
7802.0 0.01349485
7804.0 0.01594893
7806.0 0.01401191
7808.0 0.01621363
7810.0 0.01329225
7812.0 0.01564551
7814.0 0.01872126
7816.0 0.01604487
7818.0 0.01638465
7820.0 0.01838556
7822.0 0.01804043
7824.0 0.01797663
7826.0 0.01680933
7828.0 0.01405935
7830.0 0.01386449
7832.0 0.01770975
7834.0 0.01790779
7836.0 0.01969408
7838.0 0.02189685
7840.0 0.02196961
7842.0 0.01965293
7844.0 0.01999121
7846.0 0.01604502
7848.0 0.02082641
7850.0 0.01641826
7852.0 0.0163476
7854.0 0.02269458
7856.0 0.02167119
7858.0 0.02176576
7860.0 0.02198263
7862.0 0.02484634
7864.0 0.02061108
7866.0 0.02307708
7868.0 0.02217607
7870.0 0.02674404
7872.0 0.02163526
7874.0 0.02447212
7876.0 0.02547663
7878.0 0.02281341
7880.0 0.02236358
7882.0 0.02681435
7884.0 0.02597864
7886.0 0.02565869
7888.0 0.02548454
7890.0 0.02842022
7892.0 0.02664461
7894.0 0.02565227
7896.0 0.02833879
7898.0 0.02530702
7900.0 0.0318225
7902.0 0.02768364
7904.0 0.02889947
7906.0 0.03341993
7908.0 0.03045728
7910.0 0.03234249
7912.0 0.03416339
7914.0 0.0313267
7916.0 0.03119007
7918.0 0.03405523
7920.0 0.03417141
7922.0 0.03286074
7924.0 0.03086271
7926.0 0.03533804
7928.0 0.03358158
7930.0 0.03760487
7932.0 0.03667744
7934.0 0.03924805
7936.0 0.03718398
7938.0 0.03907927
7940.0 0.03909821
7942.0 0.04168456
7944.0 0.03649216
7946.0 0.04074974
7948.0 0.04171994
7950.0 0.04425677
7952.0 0.04090057
7954.0 0.04577759
7956.0 0.04765266
7958.0 0.04637007
7960.0 0.04660102
7962.0 0.04781749
7964.0 0.04673177
7966.0 0.04624663
7968.0 0.04940456
7970.0 0.05411813
7972.0 0.04917188
7974.0 0.05252347
7976.0 0.05143084
7978.0 0.05454057
7980.0 0.05742887
7982.0 0.05872311
7984.0 0.06447272
7986.0 0.06210496
7988.0 0.0553254
7990.0 0.06121036
7992.0 0.06022591
7994.0 0.05870363
7996.0 0.0652435
7998.0 0.0653961
8000.0 0.2122756
8002.0 0.20148392
8004.0 0.21059473
8006.0 0.19731731
8008.0 0.19929267
8010.0 0.19635827
8012.0 0.22558334
8014.0 0.21433397
8016.0 0.22011872
8018.0 0.20105194
8020.0 0.22173433
8022.0 0.2234202
8024.0 0.2274116
8026.0 0.21435419
8028.0 0.22686511
8030.0 0.24883998
8032.0 0.21711537
8034.0 0.24263703
8036.0 0.22650171
8038.0 0.23041103
8040.0 0.24169437
8042.0 0.23718447
8044.0 0.25434605
8046.0 0.27233477
8048.0 0.23539621
8050.0 0.2452101
8052.0 0.2520436
8054.0 0.27129026
8056.0 0.25343105
8058.0 0.27516074
8060.0 0.24280198
8062.0 0.27191115
8064.0 0.26059758
8066.0 0.25709686
8068.0 0.27425991
8070.0 0.28201733
8072.0 0.29065616
8074.0 0.29418304
8076.0 0.27954151
8078.0 0.27649076
8080.0 0.28427381
8082.0 0.29507957
8084.0 0.28852862
8086.0 0.31499747
8088.0 0.30070005
8090.0 0.30476543
8092.0 0.33165391
8094.0 0.30765078
8096.0 0.32248326
8098.0 0.33383357
8100.0 0.3265095
8102.0 0.33989172
8104.0 0.34442256
8106.0 0.32853648
8108.0 0.36573288
8110.0 0.35719484
8112.0 0.38435138
8114.0 0.36612794
8116.0 0.36560315
8118.0 0.38588657
8120.0 0.39315722
8122.0 0.38206632
8124.0 0.40674396
8126.0 0.41285333
8128.0 0.39527153
8130.0 0.41457893
8132.0 0.42990237
8134.0 0.43325924
8136.0 0.44316031
8138.0 0.44348712
8140.0 0.46602572
8142.0 0.45760573
8144.0 0.4592623
8146.0 0.49956759
8148.0 0.49741182
8150.0 0.4897109
8152.0 0.48871495
8154.0 0.5030597
8156.0 0.54010365
8158.0 0.54440803
8160.0 0.54247583
8162.0 0.55794907
8164.0 0.55238645
8166.0 0.59872214
8168.0 0.58404794
8170.0 0.61224875
8172.0 0.61895747
8174.0 0.62929524
8176.0 0.63858124
8178.0 0.67103454
8180.0 0.66959282
8182.0 0.69259312
8184.0 0.6933784
8186.0 0.72215186
8188.0 0.7232325
8190.0 0.74771886
8192.0 0.77307475
8194.0 0.78684359
8196.0 0.79724378
8198.0 0.82124843
8200.0 0.85584788
8202.0 0.84818616
8204.0 0.8694829
8206.0 0.88213649
8208.0 0.91627751
8210.0 0.92142369
8212.0 0.9556176
8214.0 0.97572052
8216.0 1.01230234
8218.0 1.04080188
8220.0 1.04626717
8222.0 1.08647375
8224.0 1.12451096
8226.0 1.15796394
8228.0 1.16580886
8230.0 1.20576395
8232.0 1.21475486
8234.0 1.25056368
8236.0 1.31030937
8238.0 1.34107054
8240.0 1.39093446
8242.0 1.40995816
8244.0 1.44200881
8246.0 1.48930809
8248.0 1.54497213
8250.0 1.5749997
8252.0 1.62508204
8254.0 1.63866413
8256.0 1.73461914
8258.0 1.75253305
8260.0 1.81463604
8262.0 1.88463548
8264.0 1.9171026
8266.0 1.9801828
8268.0 2.01696984
8270.0 2.09440833
8272.0 2.18079269
8274.0 2.2235471
8276.0 2.28112975
8278.0 2.34872836
8280.0 2.42224664
8282.0 2.48781829
8284.0 2.5675691
8286.0 2.65322862
8288.0 2.73742283
8290.0 2.80692683
8292.0 2.89245675
8294.0 2.98778976
8296.0 3.08351644
8298.0 3.18407008
8300.0 3.28421655
8302.0 3.38581728
8304.0 3.50951584
8306.0 3.62553175
8308.0 3.72510371
8310.0 3.84454384
8312.0 3.98259744
8314.0 4.10128817
8316.0 4.24627953
8318.0 4.36651935
8320.0 4.54991636
8322.0 4.68486421
8324.0 4.86012813
8326.0 5.0096784
8328.0 5.19509965
8330.0 5.36761942
8332.0 5.55382062
8334.0 5.73921799
8336.0 5.90942963
8338.0 6.11360197
8340.0 6.31978359
8342.0 6.53555521
8344.0 6.78982046
8346.0 7.02236249
8348.0 7.2637682
8350.0 7.51191675
8352.0 7.8056337
8354.0 8.0640726
8356.0 8.35264946
8358.0 8.63447565
8360.0 8.9552076
8362.0 9.26592169
8364.0 9.59932966
8366.0 9.92553063
8368.0 10.2893428
8370.0 10.62836655
8372.0 11.0084877
8374.0 11.42352789
8376.0 11.80323872
8378.0 12.23101314
8380.0 12.7129543
8382.0 13.17096019
8384.0 13.59102
8386.0 14.11166778
8388.0 14.56368284
8390.0 15.09343605
8392.0 15.54933184
8394.0 16.14071808
8396.0 16.67138478
8398.0 17.30242187
8400.0 17.857875
8402.0 18.49152679
8404.0 19.14718804
8406.0 19.85637522
8408.0 20.4921776
8410.0 21.1788864
8412.0 21.87624244
8414.0 22.61402038
8416.0 23.403617
8418.0 24.08039595
8420.0 24.9535151
8422.0 25.69366269
8424.0 26.5715064
8426.0 27.42499717
8428.0 28.26026126
8430.0 29.2140036
8432.0 30.13989516
8434.0 31.15099967
8436.0 32.08253876
8438.0 33.02829583
8440.0 34.0145792
8442.0 35.05543153
8444.0 35.93951738
8446.0 37.05094508
8448.0 38.0819014
8450.0 39.2148295
8452.0 40.17427594
8454.0 41.326953
8456.0 42.40966408
8458.0 43.46539047
8460.0 44.6091025
8462.0 45.66790254
8464.0 46.78837036
8466.0 47.93277215
8468.0 49.05809026
8470.0 50.124802
8472.0 51.30063312
8474.0 52.41258609
8476.0 53.539699
8478.0 54.59236842
8480.0 55.6628244
8482.0 56.79149208
8484.0 57.91072322
8486.0 59.060064
8488.0 60.06900536
8490.0 61.1801219
8492.0 62.24399114
8494.0 63.26763234
8496.0 64.23520532
8498.0 65.25661905
8500.0 66.2131575
8502.0 67.22530452
8504.0 68.14705024
8506.0 69.10857281
8508.0 69.94623042
8510.0 70.8729329
8512.0 71.71709972
8514.0 72.55439668
8516.0 73.34345128
8518.0 74.16259626
8520.0 74.9282028
8522.0 75.6076763
8524.0 76.3418831
8526.0 77.03660825
8528.0 77.64868236
8530.0 78.23797785
8532.0 78.83267778
8534.0 79.40106669
8536.0 79.96252112
8538.0 80.43244275
8540.0 80.9518115
8542.0 81.41135013
8544.0 81.83836616
8546.0 82.24078373
8548.0 82.5895005
8550.0 82.95592175
8552.0 83.28802432
8554.0 83.58138803
8556.0 83.8756919
8558.0 84.13388758
8560.0 84.3859588
8562.0 84.60014123
8564.0 84.81701274
8566.0 84.98539088
8568.0 85.17057024
8570.0 85.30547455
8572.0 85.46423858
8574.0 85.55593813
8576.0 85.68915184
8578.0 85.80119869
8580.0 85.8717609
8582.0 85.93085424
8584.0 85.99879064
8586.0 86.06143888
8588.0 86.09141008
8590.0 86.1266869
8592.0 86.10541616
8594.0 86.13893056
8596.0 86.14416776
8598.0 86.12111912
8600.0 86.118396
8602.0 86.06305022
8604.0 86.04483412
8606.0 85.97889342
8608.0 85.95714888
8610.0 85.9062444
8612.0 85.86064788
8614.0 85.81947466
8616.0 85.7500336
8618.0 85.69385308
8620.0 85.6571142
8622.0 85.58062922
8624.0 85.52005288
8626.0 85.4780316
8628.0 85.423651
8630.0 85.3745756
8632.0 85.29195056
8634.0 85.26231476
8636.0 85.2061946
8638.0 85.1209469
8640.0 85.0895608
8642.0 85.04228886
8644.0 84.99943596
8646.0 84.93363998
8648.0 84.87403008
8650.0 84.8267825
8652.0 84.77071616
8654.0 84.73583378
8656.0 84.68772056
8658.0 84.63784858
8660.0 84.6179774
8662.0 84.56282254
8664.0 84.52443392
8666.0 84.49663398
8668.0 84.44149628
8670.0 84.406649
8672.0 84.36651464
8674.0 84.36782862
8676.0 84.29419544
8678.0 84.28316936
8680.0 84.2703808
8682.0 84.2664086
8684.0 84.23246584
8686.0 84.2064597
8688.0 84.18221904
8690.0 84.1756069
8692.0 84.19631332
8694.0 84.18176894
8696.0 84.16105792
8698.0 84.14739742
8700.0 84.156644
8702.0 84.13769846
8704.0 84.13637232
8706.0 84.14385378
8708.0 84.156618
8710.0 84.1403166
8712.0 84.1363456
8714.0 84.15438886
8716.0 84.13456652
8718.0 84.14820358
8720.0 84.153034
8722.0 84.15874332
8724.0 84.16004968
8726.0 84.1798397
8728.0 84.17674208
8730.0 84.1586824
8732.0 84.1934268
8734.0 84.18680662
8736.0 84.21626328
8738.0 84.18412494
8740.0 84.2373308
8742.0 84.24478214
8744.0 84.24871296
8746.0 84.25176284
8748.0 84.305826
8750.0 84.29128
8752.0 84.32158664
8754.0 84.34045642
8756.0 84.3619608
8758.0 84.37994442
8760.0 84.3970456
8762.0 84.42469334
8764.0 84.43211768
8766.0 84.45448356
8768.0 84.46190328
8770.0 84.4912937
8772.0 84.48552572
8774.0 84.49381822
8776.0 84.54077248
8778.0 84.5314853
8780.0 84.5643714
8782.0 84.60164492
8784.0 84.60377336
8786.0 84.60677914
8788.0 84.61593224
8790.0 84.6057607
8792.0 84.64125824
8794.0 84.6389884
8796.0 84.64813364
8798.0 84.65991102
8800.0 84.699782
8802.0 84.65890968
8804.0 84.65752
8806.0 84.64557992
8808.0 84.6493992
8810.0 84.627777
8812.0 84.63154336
8814.0 84.58712664
8816.0 84.5847236
8818.0 84.5499278
8820.0 84.5684704
8822.0 84.50917952
8824.0 84.52766632
8826.0 84.50593648
8828.0 84.48157696
8830.0 84.4685526
8832.0 84.43980992
8834.0 84.4023434
8836.0 84.406712
8838.0 84.38404224
8840.0 84.3578792
8842.0 84.33432028
8844.0 84.30553152
8846.0 84.28978352
8848.0 84.23489848
8850.0 84.24086
8852.0 84.17295328
8854.0 84.19016536
8856.0 84.14657984
8858.0 84.10907444
8860.0 84.0915168
8862.0 84.06440952
8864.0 84.02083264
8866.0 84.01970284
8868.0 83.9700624
8870.0 83.9472616
8872.0 83.91147512
8874.0 83.89298296
8876.0 83.85805504
8878.0 83.8559576
8880.0 83.8011532
8882.0 83.79125384
8884.0 83.77788208
8886.0 83.72654144
8888.0 83.70366576
8890.0 83.6919834
8892.0 83.65960704
8894.0 83.6237842
8896.0 83.59140496
8898.0 83.55041996
8900.0 83.54986
8902.0 83.50199104
8904.0 83.4876448
8906.0 83.42002824
8908.0 83.40395264
8910.0 83.3732718
8912.0 83.30398456
8914.0 83.28360248
8916.0 83.26663664
8918.0 83.1956798
8920.0 83.1915524
8922.0 83.12662024
8924.0 83.1121984
8926.0 83.06611244
8928.0 83.06449376
8930.0 83.003025
8932.0 82.97489392
8934.0 82.94761096
8936.0 82.86996384
8938.0 82.85804604
8940.0 82.8273472
8942.0 82.79238256
8944.0 82.7838324
8946.0 82.71393608
8948.0 82.68663728
8950.0 82.676352
8952.0 82.6354228
8954.0 82.60300144
8956.0 82.57312768
8958.0 82.52965664
8960.0 82.5099704
8962.0 82.443585
8964.0 82.41031696
8966.0 82.394858
8968.0 82.35649296
8970.0 82.2884718
8972.0 82.29925344
8974.0 82.23040828
8976.0 82.19290576
8978.0 82.18670592
8980.0 82.124672
8982.0 82.07533972
8984.0 82.03953776
8986.0 81.9986694
8988.0 81.99157248
8990.0 81.9346676
8992.0 81.8853724
8994.0 81.84367716
8996.0 81.81041488
8998.0 81.78136296
9000.0 81.727888
9002.0 81.7086777
9004.0 81.65664308
9006.0 81.62396192
9008.0 81.58707456
9010.0 81.5535476
9012.0 81.50574236
9014.0 81.47725182
9016.0 81.4294576
9018.0 81.39341338
9020.0 81.3741324
9022.0 81.32886304
9024.0 81.29700032
9026.0 81.2450436
9028.0 81.19895732
9030.0 81.1737869
9032.0 81.12520008
9034.0 81.0933347
9036.0 81.073157
9038.0 81.02124246
9040.0 80.9968768
9042.0 80.93913894
9044.0 80.92226844
9046.0 80.88371494
9048.0 80.80268608
9050.0 80.7716475
9052.0 80.74975692
9054.0 80.69791002
9056.0 80.6585472
9058.0 80.62084862
9060.0 80.5740142
9062.0 80.5396422
9064.0 80.48369208
9066.0 80.45762
9068.0 80.40749472
9070.0 80.3648399
9072.0 80.35615152
9074.0 80.28616974
9076.0 80.27083732
9078.0 80.22570666
9080.0 80.191332
9082.0 80.16108716
9084.0 80.12505396
9086.0 80.06590152
9088.0 80.05463584
9090.0 80.0153
9092.0 79.96689672
9094.0 79.91850408
9096.0 79.89730616
9098.0 79.86703662
9100.0 79.812071
9102.0 79.77604236
9104.0 79.76385792
9106.0 79.6957642
9108.0 79.67863112
9110.0 79.6105716
9112.0 79.58768056
9114.0 79.531963
9116.0 79.52300064
9118.0 79.45336352
9120.0 79.4198016
9122.0 79.38541782
9124.0 79.34121048
9126.0 79.32973238
9128.0 79.26426384
9130.0 79.2413215
9132.0 79.1963094
9134.0 79.14885528
9136.0 79.11610192
9138.0 79.09966036
9140.0 79.036722
9142.0 79.0202641
9144.0 78.98423584
9146.0 78.92459328
9148.0 78.89508556
9150.0 78.8631305
9152.0 78.85393824
9154.0 78.80245766
9156.0 78.73555592
9158.0 78.75312822
9160.0 78.6838084
9162.0 78.63804436
9164.0 78.60769464
9166.0 78.59922126
9168.0 78.54616688
9170.0 78.5157993
9172.0 78.46438332
9174.0 78.42187936
9176.0 78.40282896
9178.0 78.3894191
9180.0 78.3275192
9182.0 78.28017642
9184.0 78.26593216
9186.0 78.2097203
9188.0 78.18577788
9190.0 78.148123
9192.0 78.10241368
9194.0 78.06878982
9196.0 78.01826296
9198.0 78.00796802
9200.0 77.9679
9202.0 77.9019534
9204.0 77.8922595
9206.0 77.83356567
9208.0 77.80939704
9210.0 77.782809
9212.0 77.74819344
9214.0 77.72078619
9216.0 77.67254592
9218.0 77.64592902
9220.0 77.6265021
9222.0 77.58066681
9224.0 77.57560464
9226.0 77.51858004
9228.0 77.4623727
9230.0 77.46285195
9232.0 77.4385632
9234.0 77.39512431
9236.0 77.33176638
9238.0 77.29711065
9240.0 77.2799682
9242.0 77.24211441
9244.0 77.21857818
9246.0 77.1735621
9248.0 77.16669576
9250.0 77.11134975
9252.0 77.09015688
9254.0 77.03086107
9256.0 77.008068
9258.0 76.97733321
9260.0 76.9251993
9262.0 76.89366909
9264.0 76.85580048
9266.0 76.8266343
9268.0 76.80141324
9270.0 76.7493078
9272.0 76.70590596
9274.0 76.67593227
9276.0 76.67436126
9278.0 76.63015971
9280.0 76.6001556
9282.0 76.54256334
9284.0 76.54012398
9286.0 76.50694755
9288.0 76.48399536
9290.0 76.44529935
9292.0 76.43018592
9294.0 76.3906941
9296.0 76.34178048
9298.0 76.32819783
9300.0 76.281642
9302.0 76.28057313
9304.0 76.22617464
9306.0 76.21722567
9308.0 76.17066672
9310.0 76.126464
9312.0 76.123722
9314.0 76.07794755
9316.0 76.06499886
9318.0 76.0137567
9320.0 75.9804816
9322.0 75.95500392
9324.0 75.92093574
9326.0 75.87673107
9328.0 75.84266016
9330.0 75.81637185
9332.0 75.7675023
9334.0 75.74664699
9336.0 75.73510428
9338.0 75.71343288
9340.0 75.6466965
9342.0 75.60715983
9344.0 75.59090232
9346.0 75.54903048
9348.0 75.51336366
9350.0 75.476145
9352.0 75.46293072
9354.0 75.43576002
9356.0 75.3621636
9358.0 75.3550974
9360.0 75.3147696
9362.0 75.29761644
9364.0 75.2603697
9366.0 75.24858597
9368.0 75.22057968
9370.0 75.1871673
9372.0 75.15683208
9374.0 75.12263871
9376.0 75.07612656
9378.0 75.06577962
9380.0 75.0223419
9382.0 75.00042792
9384.0 74.97465696
9386.0 74.93351892
9388.0 74.89775538
9390.0 74.8619895
9392.0 74.83618656
9394.0 74.80654029
9396.0 74.7439569
9398.0 74.72119875
9400.0 74.686185
9402.0 74.60048364
9404.0 74.52165336
9406.0 74.43137331
9408.0 74.36928168
9410.0 74.31930825
9412.0 74.17504206
9414.0 74.11439169
9416.0 74.0491374
9418.0 73.95885126
9420.0 73.8640395
9422.0 73.78586982
9424.0 73.72277568
9426.0 73.63249824
9428.0 73.54750272
9430.0 73.4745384
9432.0 73.40530164
9434.0 73.29851784
9436.0 73.1992779
9438.0 73.16219403
9440.0 73.0689288
9442.0 72.98763039
9444.0 72.90557742
9446.0 72.83171238
9448.0 72.74219472
9450.0 72.64599825
9452.0 72.58026546
9454.0 72.4974327
9456.0 72.3938568
9458.0 72.31177773
9460.0 72.2319084
9462.0 72.14833674
9464.0 72.05886432
9466.0 71.98118298
9468.0 71.87774454
9470.0 71.78536785
9472.0 71.70914952
9474.0 71.62411659
9476.0 71.51932128
9478.0 71.44235361
9480.0 71.3617158
9482.0 71.2774209
9484.0 71.19458118
9486.0 71.09791203
9488.0 71.02888608
9490.0 70.9271586
9492.0 70.85447034
9494.0 70.75496043
9496.0 70.67718252
9498.0 70.59433062
9500.0 70.5042585
9502.0 70.42500801
9504.0 70.34358432
9506.0 70.25424414
9508.0 70.16563242
9510.0 70.08491805
9512.0 69.99559788
9514.0 69.89770323
9516.0 69.810558
9518.0 69.71271294
9520.0 69.6469752
9522.0 69.5342031
9524.0 69.44780808
9526.0 69.37633053
9528.0 69.27290052
9530.0 69.1957284
9532.0 69.0845733
9534.0 69.00669795
9536.0 68.90268912
9538.0 68.81353164
9540.0 68.7025575
9542.0 68.62399632
9544.0 68.53137228
9546.0 68.42754354
9548.0 68.35318782
9550.0 68.25291525
9552.0 68.1617664
9554.0 68.07272724
9556.0 67.99136706
9558.0 67.88214738
9560.0 67.8126264
9562.0 67.73889996
9564.0 67.63185
9566.0 67.54494663
9568.0 67.44766968
9570.0 67.36009875
9572.0 67.29185982
9574.0 67.17670605
9576.0 67.08985488
9578.0 67.00094622
9580.0 66.925782
9582.0 66.83550516
9584.0 66.72400848
9586.0 66.63994326
9588.0 66.53059716
9590.0 66.4458783
9592.0 66.34480392
9594.0 66.24717435
9596.0 66.15433602
9598.0 66.06423405
9600.0 65.974824
9602.0 65.84172084
9604.0 65.72629464
9606.0 65.62239138
9608.0 65.54343744
9610.0 65.4031884
9612.0 65.27717328
9614.0 65.1874662
9616.0 65.10107976
9618.0 64.98455766
9620.0 64.8854514
9622.0 64.76500818
9624.0 64.67126064
9626.0 64.54824822
9628.0 64.44920316
9630.0 64.3375668
9632.0 64.24978968
9634.0 64.1302662
9636.0 64.01212524
9638.0 63.91182618
9640.0 63.8016672
9642.0 63.69022974
9644.0 63.6122646
9646.0 63.47532558
9648.0 63.38294424
9650.0 63.28206
9652.0 63.18443928
9654.0 63.06795114
9656.0 62.95606416
9658.0 62.84097588
9660.0 62.7440658
9662.0 62.6212944
9664.0 62.50117992
9666.0 62.4011073
9668.0 62.31905172
9670.0 62.1964782
9672.0 62.08295808
9674.0 61.97204592
9676.0 61.87267884
9678.0 61.77905778
9680.0 61.6573836
9682.0 61.54787028
9684.0 61.42568844
9686.0 61.3371915
9688.0 61.24296384
9690.0 61.1221737
9692.0 60.99640632
9694.0 60.90285972
9696.0 60.80992584
9698.0 60.69687696
9700.0 60.585129
9702.0 60.49408122
9704.0 60.38238528
9706.0 60.28757856
9708.0 60.1616136
9710.0 60.0593706
9712.0 59.96334864
9714.0 59.85864048
9716.0 59.74962084
9718.0 59.65113882
9720.0 59.5390872
9722.0 59.4196911
9724.0 59.34647136
9726.0 59.24063976
9728.0 59.11645104
9730.0 59.0155926
9732.0 58.90802484
9734.0 58.7925621
9736.0 58.6972416
9738.0 58.59765756
9740.0 58.4804862
9742.0 58.38760128
9744.0 58.27716576
9746.0 58.16978874
9748.0 58.06907004
9750.0 57.9515175
9752.0 57.84964272
9754.0 57.76456506
9756.0 57.65789868
9758.0 57.54170214
9760.0 57.4506156
9762.0 57.34521546
9764.0 57.22914132
9766.0 57.13508196
9768.0 57.04693152
9770.0 56.9291814
9772.0 56.83038756
9774.0 56.72157834
9776.0 56.63692368
9778.0 56.52227388
9780.0 56.427612
9782.0 56.30777514
9784.0 56.21897424
9786.0 56.12081046
9788.0 56.01857184
9790.0 55.9204152
9792.0 55.82805936
9794.0 55.72120662
9796.0 55.6161186
9798.0 55.51105506
9800.0 55.411776
9802.0 55.25424801
9804.0 55.10479626
9806.0 54.95078547
9808.0 54.79795116
9810.0 54.6661764
9812.0 54.50881212
9814.0 54.36846162
9816.0 54.21172536
9818.0 54.04773213
9820.0 53.922519
9822.0 53.77481973
9824.0 53.62322004
9826.0 53.47108872
9828.0 53.31232998
9830.0 53.1724392
9832.0 53.0258904
9834.0 52.87768857
9836.0 52.7152329
9838.0 52.58786643
9840.0 52.4298474
9842.0 52.30125855
9844.0 52.14165228
9846.0 52.00699365
9848.0 51.84745776
9850.0 51.70842675
9852.0 51.5655963
9854.0 51.40777005
9856.0 51.27239772
9858.0 51.11888265
9860.0 50.9669946
9862.0 50.8220055
9864.0 50.67805824
9866.0 50.53724568
9868.0 50.39692038
9870.0 50.2262532
9872.0 50.09479272
9874.0 49.93779033
9876.0 49.80725694
9878.0 49.65752142
9880.0 49.49802
9882.0 49.34937069
9884.0 49.2140358
9886.0 49.05771192
9888.0 48.91517748
9890.0 48.7888443
9892.0 48.62850912
9894.0 48.48791301
9896.0 48.33722592
9898.0 48.20109012
9900.0 48.044907
9902.0 47.92363686
9904.0 47.77291764
9906.0 47.62123002
9908.0 47.4927588
9910.0 47.33711955
9912.0 47.1957516
9914.0 47.04310476
9916.0 46.91875266
9918.0 46.76559867
9920.0 46.6216812
9922.0 46.4762943
9924.0 46.333782
9926.0 46.19699442
9928.0 46.0582272
9930.0 45.891765
9932.0 45.75962664
9934.0 45.60276888
9936.0 45.45399564
9938.0 45.31134717
9940.0 45.1752327
9942.0 45.02081736
9944.0 44.87949144
9946.0 44.71955334
9948.0 44.58977856
9950.0 44.4432825
9952.0 44.30183724
9954.0 44.16081039
9956.0 44.0174574
9958.0 43.87407687
9960.0 43.7469984
9962.0 43.58000007
9964.0 43.45863786
9966.0 43.30432044
9968.0 43.16660568
9970.0 43.0297155
9972.0 42.8754195
9974.0 42.74242812
9976.0 42.60977712
9978.0 42.4567899
9980.0 42.3117288
9982.0 42.16664934
9984.0 42.05985264
9986.0 41.94799749
9988.0 41.70839526
9990.0 41.57452035
9992.0 41.4401184
9994.0 41.30690436
9996.0 41.16250872
9998.0 41.02615467
10000.0 40.833882
10002.0 40.70541048
10004.0 40.54645608
10006.0 40.37618988
10008.0 40.2168108
10010.0 40.0677732
10012.0 39.91243428
10014.0 39.7586832
10016.0 39.59503212
10018.0 39.44118024
10020.0 39.2949756
10022.0 39.1292196
10024.0 38.96308764
10026.0 38.80661376
10028.0 38.65688064
10030.0 38.4962994
10032.0 38.34322764
10034.0 38.18849748
10036.0 38.02466664
10038.0 37.8702318
10040.0 37.7145582
10042.0 37.55339604
10044.0 37.39299252
10046.0 37.23756552
10048.0 37.07365572
10050.0 36.912423
10052.0 36.74359044
10054.0 36.60162408
10056.0 36.4474422
10058.0 36.26848056
10060.0 36.1150002
10062.0 35.95958124
10064.0 35.79006396
10066.0 35.63236908
10068.0 35.47316364
10070.0 35.3139246
10072.0 35.15972724
10074.0 34.99751076
10076.0 34.8367242
10078.0 34.67627496
10080.0 34.526832
10082.0 34.36876248
10084.0 34.20500688
10086.0 34.05072852
10088.0 33.90404592
10090.0 33.7294134
10092.0 33.58531512
10094.0 33.40938036
10096.0 33.2534268
10098.0 33.0953586
10100.0 32.944698
10102.0 32.78008296
10104.0 32.61715956
10106.0 32.45556864
10108.0 32.29495776
10110.0 32.13432
10112.0 31.96411668
10114.0 31.80511008
10116.0 31.64833872
10118.0 31.48696584
10120.0 31.3281504
10122.0 31.1689674
10124.0 31.00463928
10126.0 30.83968692
10128.0 30.6867396
10130.0 30.5230122
10132.0 30.36833964
10134.0 30.21326256
10136.0 30.04667064
10138.0 29.8911672
10140.0 29.724582
10142.0 29.57109036
10144.0 29.40903072
10146.0 29.25326184
10148.0 29.09202936
10150.0 28.933146
10152.0 28.76357736
10154.0 28.60963884
10156.0 28.44449496
10158.0 28.28459292
10160.0 28.1194524
10162.0 27.95949324
10164.0 27.8023428
10166.0 27.63632472
10168.0 27.4706154
10170.0 27.3116544
10172.0 27.14093844
10174.0 26.98525584
10176.0 26.82287196
10178.0 26.66375304
10180.0 26.507295
10182.0 26.33588964
10184.0 26.17370532
10186.0 26.01603576
10188.0 25.8559032
10190.0 25.690719
10192.0 25.53837588
10194.0 25.37444316
10196.0 25.2081852
10198.0 25.05633156
10200.0 24.889785
10202.0 24.76015974
10204.0 24.6236688
10206.0 24.4851903
10208.0 24.35897772
10210.0 24.2262207
10212.0 24.08628672
10214.0 23.95671498
10216.0 23.82586548
10218.0 23.69181828
10220.0 23.5558332
10222.0 23.4196221
10224.0 23.29105764
10226.0 23.14962018
10228.0 23.01038112
10230.0 22.8899385
10232.0 22.74906348
10234.0 22.62215262
10236.0 22.48248912
10238.0 22.35500892
10240.0 22.220391
10242.0 22.08509226
10244.0 21.95159616
10246.0 21.8191998
10248.0 21.69076692
10250.0 21.5549775
10252.0 21.42511536
10254.0 21.2851737
10256.0 21.16022436
10258.0 21.02762376
10260.0 20.892216
10262.0 20.7561771
10264.0 20.62099536
10266.0 20.4872826
10268.0 20.3523048
10270.0 20.2169136
10272.0 20.08255452
10274.0 19.95104232
10276.0 19.81259616
10278.0 19.67822052
10280.0 19.5450354
10282.0 19.40706336
10284.0 19.27208832
10286.0 19.14024384
10288.0 19.00505244
10290.0 18.8706354
10292.0 18.7364016
10294.0 18.6071004
10296.0 18.46714584
10298.0 18.33344658
10300.0 18.200472
10302.0 18.06155922
10304.0 17.93846304
10306.0 17.79827448
10308.0 17.66050944
10310.0 17.5278006
10312.0 17.39558904
10314.0 17.263686
10316.0 17.13085848
10318.0 16.99678002
10320.0 16.8625128
10322.0 16.72566948
10324.0 16.59427584
10326.0 16.45290594
10328.0 16.31913876
10330.0 16.1888208
10332.0 16.04989896
10334.0 15.91770474
10336.0 15.7823988
10338.0 15.64709562
10340.0 15.512904
10342.0 15.37681158
10344.0 15.23855676
10346.0 15.10313382
10348.0 14.966952
10350.0 14.8353345
10352.0 14.69914992
10354.0 14.56551324
10356.0 14.43081744
10358.0 14.29465356
10360.0 14.1566292
10362.0 14.0269668
10364.0 13.89223512
10366.0 13.75552872
10368.0 13.62455496
10370.0 13.4850987
10372.0 13.35268032
10374.0 13.2166983
10376.0 13.08781152
10378.0 12.94874934
10380.0 12.8153916
10382.0 12.6753948
10384.0 12.54510312
10386.0 12.40584036
10388.0 12.27330576
10390.0 12.136005
10392.0 11.99924124
10394.0 11.86602642
10396.0 11.72653992
10398.0 11.59342692
10400.0 11.460384
10402.0 11.40705027
10404.0 11.35432602
10406.0 11.30601411
10408.0 11.25895248
10410.0 11.20705845
10412.0 11.15803026
10414.0 11.10457014
10416.0 11.05667472
10418.0 11.00819889
10420.0 10.9602693
10422.0 10.90886826
10424.0 10.8562608
10426.0 10.81018965
10428.0 10.75847994
10430.0 10.7112699
10432.0 10.65913656
10434.0 10.61005686
10436.0 10.55838132
10438.0 10.50650748
10440.0 10.4586036
10442.0 10.40781051
10444.0 10.35565044
10446.0 10.30814367
10448.0 10.25453736
10450.0 10.20763875
10452.0 10.15313754
10454.0 10.10239749
10456.0 10.0552608
10458.0 10.00175955
10460.0 9.9497178
10462.0 9.89931651
10464.0 9.84831624
10466.0 9.79933059
10468.0 9.75302658
10470.0 9.69657255
10472.0 9.64926072
10474.0 9.59868408
10476.0 9.55055508
10478.0 9.49794066
10480.0 9.446514
10482.0 9.4014456
10484.0 9.34743726
10486.0 9.29813121
10488.0 9.24456384
10490.0 9.1990305
10492.0 9.1486797
10494.0 9.09805491
10496.0 9.04827096
10498.0 8.99692182
10500.0 8.9471445
10502.0 8.89627428
10504.0 8.84595816
10506.0 8.79447753
10508.0 8.74399932
10510.0 8.6927277
10512.0 8.64209148
10514.0 8.59032135
10516.0 8.54163336
10518.0 8.48893425
10520.0 8.437392
10522.0 8.38526892
10524.0 8.33684472
10526.0 8.28534888
10528.0 8.23505448
10530.0 8.18367615
10532.0 8.13548412
10534.0 8.08371102
10536.0 8.03163312
10538.0 7.98391971
10540.0 7.9335792
10542.0 7.88114529
10544.0 7.83035064
10546.0 7.78212189
10548.0 7.73244708
10550.0 7.67977875
10552.0 7.63325088
10554.0 7.57984095
10556.0 7.53111216
10558.0 7.4799921
10560.0 7.4292714
10562.0 7.37530929
10564.0 7.3296741
10566.0 7.27920495
10568.0 7.22681784
10570.0 7.17432015
10572.0 7.1267616
10574.0 7.07365359
10576.0 7.02254076
10578.0 6.97316697
10580.0 6.9207318
10582.0 6.87010116
10584.0 6.81969504
10586.0 6.76825659
10588.0 6.71870928
10590.0 6.6666246
10592.0 6.61689
10594.0 6.56749509
10596.0 6.51528228
10598.0 6.46603569
10600.0 6.416586
10602.0 6.37554477
10604.0 6.33406204
10606.0 6.2937009
10608.0 6.25102936
10610.0 6.21421335
10612.0 6.17176728
10614.0 6.13099621
10616.0 6.090112
10618.0 6.0509241
10620.0 6.0091901
10622.0 5.9676045
10624.0 5.92561512
10626.0 5.88668876
10628.0 5.84515974
10630.0 5.80503105
10632.0 5.7633024
10634.0 5.72390298
10636.0 5.6817435
10638.0 5.64182962
10640.0 5.6013402
10642.0 5.55896757
10644.0 5.51953864
10646.0 5.47908735
10648.0 5.43634416
10650.0 5.39587525
10652.0 5.35447704
10654.0 5.31365355
10656.0 5.27322892
10658.0 5.23395208
10660.0 5.1929511
10662.0 5.15127785
10664.0 5.11116928
10666.0 5.07080574
10668.0 5.0308181
10670.0 4.99016475
10672.0 4.94881044
10674.0 4.90880559
10676.0 4.86795016
10678.0 4.82886558
10680.0 4.7883344
10682.0 4.74840908
10684.0 4.70712366
10686.0 4.66697945
10688.0 4.62569404
10690.0 4.58510385
10692.0 4.54533308
10694.0 4.50351029
10696.0 4.46353416
10698.0 4.42347441
10700.0 4.3819685
10702.0 4.34162592
10704.0 4.30085212
10706.0 4.26134166
10708.0 4.21963902
10710.0 4.1803245
10712.0 4.1389416
10714.0 4.09925817
10716.0 4.0588197
10718.0 4.01819186
10720.0 3.9780432
10722.0 3.93725346
10724.0 3.8973032
10726.0 3.85720374
10728.0 3.81723832
10730.0 3.77661625
10732.0 3.7372665
10734.0 3.69664526
10736.0 3.6562798
10738.0 3.61616274
10740.0 3.5758391
10742.0 3.5366443
10744.0 3.49682688
10746.0 3.45655203
10748.0 3.41594272
10750.0 3.3764565
10752.0 3.33676616
10754.0 3.29681022
10756.0 3.2567346
10758.0 3.21630895
10760.0 3.1768748
10762.0 3.13662582
10764.0 3.09643464
10766.0 3.05645988
10768.0 3.0165048
10770.0 2.97697435
10772.0 2.93696108
10774.0 2.89715193
10776.0 2.85741984
10778.0 2.81752627
10780.0 2.7771003
10782.0 2.73716945
10784.0 2.69743124
10786.0 2.65793403
10788.0 2.6184483
10790.0 2.5777027
10792.0 2.5383924
10794.0 2.49953539
10796.0 2.45914844
10798.0 2.42009922
10800.0 2.38065
10802.0 2.3612328
10804.0 2.3418708
10806.0 2.3211964
10808.0 2.3020008
10810.0 2.282616
10812.0 2.263737
10814.0 2.244124
10816.0 2.2243806
10818.0 2.2047424
10820.0 2.185276
10822.0 2.1658632
10824.0 2.1465028
10826.0 2.1273952
10828.0 2.1083118
10830.0 2.088592
10832.0 2.0689944
10834.0 2.0495808
10836.0 2.0308172
10838.0 2.0107776
10840.0 1.991493
10842.0 1.972464
10844.0 1.9529212
10846.0 1.933206
10848.0 1.9140712
10850.0 1.89444
10852.0 1.8749214
10854.0 1.8559828
10856.0 1.8368696
10858.0 1.8177024
10860.0 1.797951
10862.0 1.7783296
10864.0 1.7592624
10866.0 1.740548
10868.0 1.7212104
10870.0 1.701576
10872.0 1.68299
10874.0 1.663904
10876.0 1.6440912
10878.0 1.6250044
10880.0 1.606007
10882.0 1.5863736
10884.0 1.5677206
10886.0 1.5487996
10888.0 1.5297498
10890.0 1.510656
10892.0 1.4916306
10894.0 1.4728272
10896.0 1.4529284
10898.0 1.4340744
10900.0 1.41537
10902.0 1.39638
10904.0 1.3771304
10906.0 1.3579632
10908.0 1.3390316
10910.0 1.319752
10912.0 1.3009122
10914.0 1.2814464
10916.0 1.262749
10918.0 1.2435324
10920.0 1.224587
10922.0 1.205376
10924.0 1.1870208
10926.0 1.1672492
10928.0 1.1484592
10930.0 1.129536
10932.0 1.1110762
10934.0 1.0917572
10936.0 1.0729224
10938.0 1.0537184
10940.0 1.035056
10942.0 1.0162584
10944.0 0.9973116
10946.0 0.9784528
10948.0 0.9595242
10950.0 0.94067
10952.0 0.9217684
10954.0 0.9028512
10956.0 0.8839384
10958.0 0.8650668
10960.0 0.846324
10962.0 0.8276136
10964.0 0.8084344
10966.0 0.7898772
10968.0 0.7708246
10970.0 0.752064
10972.0 0.7332858
10974.0 0.7144456
10976.0 0.6956222
10978.0 0.6766056
10980.0 0.657895
10982.0 0.6390028
10984.0 0.6203538
10986.0 0.6012096
10988.0 0.5826822
10990.0 0.563772
10992.0 0.5449448
10994.0 0.5262488
10996.0 0.5074164
10998.0 0.4883788
11000.0 0.46982
11002.0 0.46606144
11004.0 0.46232256
11006.0 0.45853944
11008.0 0.45472284
11010.0 0.4511376
11012.0 0.44733052
11014.0 0.44361864
11016.0 0.4398264
11018.0 0.43615072
11020.0 0.4322298
11022.0 0.42862632
11024.0 0.4250156
11026.0 0.42115584
11028.0 0.4174932
11030.0 0.4137144
11032.0 0.40996644
11034.0 0.40622256
11036.0 0.40245268
11038.0 0.39879744
11040.0 0.3950142
11042.0 0.39127712
11044.0 0.3874654
11046.0 0.38378928
11048.0 0.3800428
11050.0 0.376336
11052.0 0.37252116
11054.0 0.36875832
11056.0 0.36505368
11058.0 0.36135552
11060.0 0.3576332
11062.0 0.3538348
11064.0 0.35011896
11066.0 0.34649408
11068.0 0.34268416
11070.0 0.3390804
11072.0 0.3352986
11074.0 0.33158752
11076.0 0.32788212
11078.0 0.3240996
11080.0 0.3203276
11082.0 0.31663632
11084.0 0.31292992
11086.0 0.3092712
11088.0 0.30557412
11090.0 0.3018176
11092.0 0.29807332
11094.0 0.29440632
11096.0 0.2906288
11098.0 0.28690304
11100.0 0.283176
11102.0 0.27947728
11104.0 0.27567428
11106.0 0.2719728
11108.0 0.26822096
11110.0 0.2645244
11112.0 0.26077032
11114.0 0.2569992
11116.0 0.253327
11118.0 0.24964104
11120.0 0.245843
11122.0 0.242048
11124.0 0.23837688
11126.0 0.23466008
11128.0 0.23091184
11130.0 0.2271312
11132.0 0.2233504
11134.0 0.21965528
11136.0 0.2159046
11138.0 0.21215264
11140.0 0.208439
11142.0 0.20471832
11144.0 0.20094632
11146.0 0.19718816
11148.0 0.19353888
11150.0 0.189728
11152.0 0.18597068
11154.0 0.18225408
11156.0 0.17851728
11158.0 0.17475768
11160.0 0.1709658
11162.0 0.1672176
11164.0 0.16346192
11166.0 0.15968568
11168.0 0.15591316
11170.0 0.1521744
11172.0 0.14843244
11174.0 0.14462496
11176.0 0.14086492
11178.0 0.1371096
11180.0 0.133315
11182.0 0.12955496
11184.0 0.1257564
11186.0 0.12197888
11188.0 0.11818812
11190.0 0.114384
11192.0 0.11061992
11194.0 0.1068256
11196.0 0.10305792
11198.0 0.09926592
11200.0 0.095478
11202.0 0.09455292
11204.0 0.09362332
11206.0 0.09269029
11208.0 0.09178464
11210.0 0.0908352
11212.0 0.0899204
11214.0 0.08898519
11216.0 0.0880302
11218.0 0.08711248
11220.0 0.0861759
11222.0 0.08524598
11224.0 0.08430664
11226.0 0.08339907
11228.0 0.08245336
11230.0 0.08151925
11232.0 0.08059464
11234.0 0.07965095
11236.0 0.07871344
11238.0 0.07776729
11240.0 0.076844
11242.0 0.0759032
11244.0 0.07496814
11246.0 0.07401702
11248.0 0.07309756
11250.0 0.07214175
11252.0 0.07121242
11254.0 0.07027053
11256.0 0.06932016
11258.0 0.06838152
11260.0 0.0674149
11262.0 0.06646839
11264.0 0.06553228
11266.0 0.06458197
11268.0 0.06363984
11270.0 0.0626951
11272.0 0.06175232
11274.0 0.06079815
11276.0 0.0598424
11278.0 0.05890587
11280.0 0.057957
11282.0 0.05700226
11284.0 0.05605004
11286.0 0.0551076
11288.0 0.0541604
11290.0 0.0532147
11292.0 0.05224716
11294.0 0.05129976
11296.0 0.05036096
11298.0 0.04940574
11300.0 0.048456
11302.0 0.0474908
11304.0 0.04653264
11306.0 0.04558953
11308.0 0.04462966
11310.0 0.04365675
11312.0 0.04271256
11314.0 0.04173709
11316.0 0.0407883
11318.0 0.03983519
11320.0 0.0388632
11322.0 0.03788499
11324.0 0.03693448
11326.0 0.03596881
11328.0 0.03501468
11330.0 0.0340361
11332.0 0.03307758
11334.0 0.03210075
11336.0 0.03114464
11338.0 0.03017695
11340.0 0.0292038
11342.0 0.02824368
11344.0 0.02727844
11346.0 0.02629476
11348.0 0.02533466
11350.0 0.02436675
11352.0 0.0234012
11354.0 0.02242408
11356.0 0.0214555
11358.0 0.02048949
11360.0 0.0195162
11362.0 0.01854628
11364.0 0.01757232
11366.0 0.01659982
11368.0 0.01563024
11370.0 0.01465365
11372.0 0.01368108
11374.0 0.01270425
11376.0 0.01173192
11378.0 0.0107569
11380.0 0.0097786
11382.0 0.00880614
11384.0 0.00782656
11386.0 0.00684775
11388.0 0.00587064
11390.0 0.0048934
11392.0 0.00391436
11394.0 0.00293625
11396.0 0.00195806
11398.0 0.0009793
11400.0 0.0
11402.0 0.0
11404.0 0.0
11406.0 0.0
11408.0 0.0
11410.0 0.0
11412.0 0.0
11414.0 0.0
11416.0 0.0
11418.0 0.0
11420.0 0.0
11422.0 0.0
11424.0 0.0
11426.0 0.0
11428.0 0.0
11430.0 0.0
11432.0 0.0
11434.0 0.0
11436.0 0.0
11438.0 0.0
11440.0 0.0
11442.0 0.0
11444.0 0.0
11446.0 0.0
11448.0 0.0
11450.0 0.0
11452.0 0.0
11454.0 0.0
11456.0 0.0
11458.0 0.0
11460.0 0.0
11462.0 0.0
11464.0 0.0
11466.0 0.0
11468.0 0.0
11470.0 0.0
11472.0 0.0
11474.0 0.0
11476.0 0.0
11478.0 0.0
11480.0 0.0
11482.0 0.0
11484.0 0.0
11486.0 0.0
11488.0 0.0
11490.0 0.0
11492.0 0.0
11494.0 0.0
11496.0 0.0
11498.0 0.0
11500.0 0.0
11502.0 0.0
11504.0 0.0
11506.0 0.0
11508.0 0.0
11510.0 0.0
11512.0 0.0
11514.0 0.0
11516.0 0.0
11518.0 0.0
11520.0 0.0
11522.0 0.0
11524.0 0.0
11526.0 0.0
11528.0 0.0
11530.0 0.0
11532.0 0.0
11534.0 0.0
11536.0 0.0
11538.0 0.0
11540.0 0.0
11542.0 0.0
11544.0 0.0
11546.0 0.0
11548.0 0.0
11550.0 0.0
11552.0 0.0
11554.0 0.0
11556.0 0.0
11558.0 0.0
11560.0 0.0
11562.0 0.0
11564.0 0.0
11566.0 0.0
11568.0 0.0
11570.0 0.0
11572.0 0.0
11574.0 0.0
11576.0 0.0
11578.0 0.0
11580.0 0.0
11582.0 0.0
11584.0 0.0
11586.0 0.0
11588.0 0.0
11590.0 0.0
11592.0 0.0
11594.0 0.0
11596.0 0.0
11598.0 0.0
11600.0 0.0
11602.0 0.0
11604.0 0.0
11606.0 0.0
11608.0 0.0
11610.0 0.0
11612.0 0.0
11614.0 0.0
11616.0 0.0
11618.0 0.0
11620.0 0.0
11622.0 0.0
11624.0 0.0
11626.0 0.0
11628.0 0.0
11630.0 0.0
11632.0 0.0
11634.0 0.0
11636.0 0.0
11638.0 0.0
11640.0 0.0
11642.0 0.0
11644.0 0.0
11646.0 0.0
11648.0 0.0
11650.0 0.0
11652.0 0.0
11654.0 0.0
11656.0 0.0
11658.0 0.0
11660.0 0.0
11662.0 0.0
11664.0 0.0
11666.0 0.0
11668.0 0.0
11670.0 0.0
11672.0 0.0
11674.0 0.0
11676.0 0.0
11678.0 0.0
11680.0 0.0
11682.0 0.0
11684.0 0.0
11686.0 0.0
11688.0 0.0
11690.0 0.0
11692.0 0.0
11694.0 0.0
11696.0 0.0
11698.0 0.0
11700.0 0.0
11702.0 0.0
11704.0 0.0
11706.0 0.0
11708.0 0.0
11710.0 0.0
11712.0 0.0
11714.0 0.0
11716.0 0.0
11718.0 0.0
11720.0 0.0
11722.0 0.0
11724.0 0.0
11726.0 0.0
11728.0 0.0
11730.0 0.0
11732.0 0.0
11734.0 0.0
11736.0 0.0
11738.0 0.0
11740.0 0.0
11742.0 0.0
11744.0 0.0
11746.0 0.0
11748.0 0.0
11750.0 0.0
11752.0 0.0
11754.0 0.0
11756.0 0.0
11758.0 0.0
11760.0 0.0
11762.0 0.0
11764.0 0.0
11766.0 0.0
11768.0 0.0
11770.0 0.0
11772.0 0.0
11774.0 0.0
11776.0 0.0
11778.0 0.0
11780.0 0.0
11782.0 0.0
11784.0 0.0
11786.0 0.0
11788.0 0.0
11790.0 0.0
11792.0 0.0
11794.0 0.0
11796.0 0.0
11798.0 0.0
11800.0 0.0
11802.0 0.0
11804.0 0.0
11806.0 0.0
11808.0 0.0
11810.0 0.0
11812.0 0.0
11814.0 0.0
11816.0 0.0
11818.0 0.0
11820.0 0.0
11822.0 0.0
11824.0 0.0
11826.0 0.0
11828.0 0.0
11830.0 0.0
11832.0 0.0
11834.0 0.0
11836.0 0.0
11838.0 0.0
11840.0 0.0
11842.0 0.0
11844.0 0.0
11846.0 0.0
11848.0 0.0
11850.0 0.0
11852.0 0.0
11854.0 0.0
11856.0 0.0
11858.0 0.0
11860.0 0.0
11862.0 0.0
11864.0 0.0
11866.0 0.0
11868.0 0.0
11870.0 0.0
11872.0 0.0
11874.0 0.0
11876.0 0.0
11878.0 0.0
11880.0 0.0
11882.0 0.0
11884.0 0.0
11886.0 0.0
11888.0 0.0
11890.0 0.0
11892.0 0.0
11894.0 0.0
11896.0 0.0
11898.0 0.0
11900.0 0.0
11902.0 0.0
11904.0 0.0
11906.0 0.0
11908.0 0.0
11910.0 0.0
11912.0 0.0
11914.0 0.0
11916.0 0.0
11918.0 0.0
11920.0 0.0
11922.0 0.0
11924.0 0.0
11926.0 0.0
11928.0 0.0
11930.0 0.0
11932.0 0.0
11934.0 0.0
11936.0 0.0
11938.0 0.0
11940.0 0.0
11942.0 0.0
11944.0 0.0
11946.0 0.0
11948.0 0.0
11950.0 0.0
11952.0 0.0
11954.0 0.0
11956.0 0.0
11958.0 0.0
11960.0 0.0
11962.0 0.0
11964.0 0.0
11966.0 0.0
11968.0 0.0
11970.0 0.0
11972.0 0.0
11974.0 0.0
11976.0 0.0
11978.0 0.0
11980.0 0.0
11982.0 0.0
11984.0 0.0
11986.0 0.0
11988.0 0.0
11990.0 0.0
11992.0 0.0
11994.0 0.0
11996.0 0.0
11998.0 0.0
12000.0 0.0
