# HST WFC3 F110W
# photon
# http://svo2.cab.inta-csic.es/theory/fps/index.php?id=HST/WFC3_IR.F110W&&mode=browse&gname=HST&gname2=WFC3_IR#filter


8.660000000000000000e+03 1.010813226335578399e-04
8.662378906250000000e+03 1.209980241340747394e-04
8.670000000000000000e+03 1.368299440030489489e-04
8.672381835937500000e+03 1.417859623124109486e-04
8.680000000000000000e+03 1.022463310348680117e-04
8.682383789062500000e+03 8.985357811099358761e-05
8.690000000000000000e+03 1.654837878521885867e-04
8.692386718750000000e+03 1.892230124281105705e-04
8.700000000000000000e+03 2.155631941040189866e-04
8.702389648437500000e+03 2.238440223230938741e-04
8.710000000000000000e+03 2.203753388282691562e-04
8.712392578125000000e+03 2.192829335273471997e-04
8.720000000000000000e+03 3.165559682797754182e-04
8.722394531250000000e+03 3.476147065050085179e-04
8.730000000000000000e+03 4.137360646173073248e-04
8.732397460937500000e+03 4.347088150377118672e-04
8.740000000000000000e+03 4.500019843113196296e-04
8.742400390625000000e+03 4.548581986983665044e-04
8.750000000000000000e+03 5.576330701257807033e-04
8.752403320312500000e+03 5.903363095142507167e-04
8.760000000000000000e+03 7.812940133887350848e-04
8.762405273437500000e+03 8.421305849992287082e-04
8.770000000000000000e+03 1.034709794011420391e-03
8.772408203125000000e+03 1.096151771959580313e-03
8.780000000000000000e+03 1.288998316453696330e-03
8.782411132812500000e+03 1.350621432593562734e-03
8.790000000000000000e+03 1.686502686788440668e-03
8.792414062500000000e+03 1.794005760306220101e-03
8.800000000000000000e+03 2.213018783519072295e-03
8.802416015625000000e+03 2.346496667500405208e-03
8.810000000000000000e+03 2.913925484816695406e-03
8.812418945312500000e+03 3.095768999244680533e-03
8.820000000000000000e+03 3.869095791985878701e-03
8.822421875000000000e+03 4.117320194840452634e-03
8.830000000000000000e+03 5.219176870739791751e-03
8.832424804687500000e+03 5.575692813122300542e-03
8.840000000000000000e+03 7.055677439013930026e-03
8.842427734375000000e+03 7.533016550905473167e-03
8.850000000000000000e+03 9.544175654112599383e-03
8.852429687500000000e+03 1.019359869780716264e-02
8.860000000000000000e+03 1.290775498384598603e-02
8.862432617187500000e+03 1.378545318199604977e-02
8.870000000000000000e+03 1.737972984475432900e-02
8.872435546875000000e+03 1.854386538888918787e-02
8.880000000000000000e+03 2.319853833021678219e-02
8.882438476562500000e+03 2.470850906580307829e-02
8.890000000000000000e+03 3.073236826128462884e-02
8.892440429687500000e+03 3.268878136635450238e-02
8.900000000000000000e+03 4.049456356743217494e-02
8.902443359375000000e+03 4.299198422022330185e-02
8.910000000000000000e+03 5.237876879646432421e-02
8.912446289062500000e+03 5.542484023493403356e-02
8.920000000000000000e+03 6.619871698249216174e-02
8.922449218750000000e+03 6.971453173714856066e-02
8.930000000000000000e+03 8.225138094961882695e-02
8.932452148437500000e+03 8.631837198952689583e-02
8.940000000000000000e+03 1.007705756677141073e-01
8.942454101562500000e+03 1.054807245854896408e-01
8.950000000000000000e+03 1.214256442211945897e-01
8.952457031250000000e+03 1.266556339351757599e-01
8.960000000000000000e+03 1.438538260767586452e-01
8.962459960937500000e+03 1.494502475129491637e-01
8.970000000000000000e+03 1.675559133635124154e-01
8.972462890625000000e+03 1.735197574648386920e-01
8.980000000000000000e+03 1.924579913050250002e-01
8.982464843750000000e+03 1.986310357670263982e-01
8.990000000000000000e+03 2.174660014425416621e-01
8.992467773437500000e+03 2.236493473035384705e-01
9.000000000000000000e+03 2.418306841726978185e-01
9.002470703125000000e+03 2.477173317394818219e-01
9.010000000000000000e+03 2.645106608836970685e-01
9.012473632812500000e+03 2.699787075413095927e-01
9.020000000000000000e+03 2.848403487292571756e-01
9.022476562500000000e+03 2.897917121870161594e-01
9.030000000000000000e+03 3.032605799800707769e-01
9.032478515625000000e+03 3.077042327973089630e-01
9.040000000000000000e+03 3.190038377702636985e-01
9.042481445312500000e+03 3.227365969507751675e-01
9.050000000000000000e+03 3.315807659868773571e-01
9.052484375000000000e+03 3.345761824246473171e-01
9.060000000000000000e+03 3.412238115863102106e-01
9.062487304687500000e+03 3.433579682087861129e-01
9.070000000000000000e+03 3.478743095235222738e-01
9.072489257812500000e+03 3.494457892665998044e-01
9.080000000000000000e+03 3.521988709539835005e-01
9.082492187500000000e+03 3.530417161709761276e-01
9.090000000000000000e+03 3.539931502194298973e-01
9.092495117187500000e+03 3.543108493498424161e-01
9.100000000000000000e+03 3.541471136867453962e-01
9.102498046875000000e+03 3.541670406043601060e-01
9.110000000000000000e+03 3.536381959515220719e-01
9.112500000000000000e+03 3.533890571091245492e-01
9.120000000000000000e+03 3.526031659914049543e-01
9.122502929687500000e+03 3.524149335344009537e-01
9.130000000000000000e+03 3.520613358023095274e-01
9.132505859375000000e+03 3.518701675515366611e-01
9.140000000000000000e+03 3.517508138759505854e-01
9.142508789062500000e+03 3.517853437510422565e-01
9.150000000000000000e+03 3.527034833154761295e-01
9.152510742187500000e+03 3.529384990142698242e-01
9.160000000000000000e+03 3.546663998524062777e-01
9.162513671875000000e+03 3.553223508387817753e-01
9.170000000000000000e+03 3.582179654423241488e-01
9.172516601562500000e+03 3.591183969581740465e-01
9.180000000000000000e+03 3.624858652988457997e-01
9.182519531250000000e+03 3.636981511291807467e-01
9.190000000000000000e+03 3.679827081949991752e-01
9.192522460937500000e+03 3.693530959352930854e-01
9.200000000000000000e+03 3.738190862292155026e-01
9.202524414062500000e+03 3.753441528107998026e-01
9.210000000000000000e+03 3.798876756945099298e-01
9.212527343750000000e+03 3.813457624139327540e-01
9.220000000000000000e+03 3.853821384580832232e-01
9.222530273437500000e+03 3.868322365452634970e-01
9.230000000000000000e+03 3.905996326772014360e-01
9.232533203125000000e+03 3.918834098337004579e-01
9.240000000000000000e+03 3.949474838392862952e-01
9.242535156250000000e+03 3.960738590221044575e-01
9.250000000000000000e+03 3.984888351295924336e-01
9.252538085937500000e+03 3.992271354648170290e-01
9.260000000000000000e+03 4.003614978453431950e-01
9.262541015625000000e+03 4.008340796222995550e-01
9.270000000000000000e+03 4.012116730246262364e-01
9.272543945312500000e+03 4.012552568098419203e-01
9.280000000000000000e+03 4.005421347890207873e-01
9.282546875000000000e+03 4.003841119563281148e-01
9.290000000000000000e+03 3.992890100555084310e-01
9.292548828125000000e+03 3.988284919489689662e-01
9.300000000000000000e+03 3.970533219469537523e-01
9.302551757812500000e+03 3.965297218709533666e-01
9.310000000000000000e+03 3.949330639900116013e-01
9.312554687500000000e+03 3.942996798707765760e-01
9.320000000000000000e+03 3.926884812426663096e-01
9.322557617187500000e+03 3.922185786426636844e-01
9.330000000000000000e+03 3.912529789135635871e-01
9.332559570312500000e+03 3.908360019870591451e-01
9.340000000000000000e+03 3.904313607200483593e-01
9.342562500000000000e+03 3.903760118689141301e-01
9.350000000000000000e+03 3.911281450461171483e-01
9.352565429687500000e+03 3.913034984717360110e-01
9.360000000000000000e+03 3.924560508371255918e-01
9.362568359375000000e+03 3.929399285940144981e-01
9.370000000000000000e+03 3.950493404341982595e-01
9.372570312500000000e+03 3.956943695023981689e-01
9.380000000000000000e+03 3.983640564952589114e-01
9.382573242187500000e+03 3.993766117644468316e-01
9.390000000000000000e+03 4.027358495986737008e-01
9.392576171875000000e+03 4.039035826795185358e-01
9.400000000000000000e+03 4.072770699596395261e-01
9.402579101562500000e+03 4.082635694146534711e-01
9.410000000000000000e+03 4.110234048234346349e-01
9.412582031250000000e+03 4.120736984333546182e-01
9.420000000000000000e+03 4.149148678084835229e-01
9.422583984375000000e+03 4.158150908560422909e-01
9.430000000000000000e+03 4.179081345763758781e-01
9.432586914062500000e+03 4.187901094314016581e-01
9.440000000000000000e+03 4.205882698738205305e-01
9.442589843750000000e+03 4.211251668629111822e-01
9.450000000000000000e+03 4.219239693752214193e-01
9.452592773437500000e+03 4.222958747688310144e-01
9.460000000000000000e+03 4.225967847597200122e-01
9.462594726562500000e+03 4.227018892793030780e-01
9.470000000000000000e+03 4.223414614487365215e-01
9.472597656250000000e+03 4.221217535297306922e-01
9.480000000000000000e+03 4.210172624774228822e-01
9.482600585937500000e+03 4.207208388719761993e-01
9.490000000000000000e+03 4.195837503811382652e-01
9.492603515625000000e+03 4.191824112258213941e-01
9.500000000000000000e+03 4.180440051602676843e-01
9.502606445312500000e+03 4.175323996404372018e-01
9.510000000000000000e+03 4.162522105222393187e-01
9.512608398437500000e+03 4.158913648180200262e-01
9.520000000000000000e+03 4.150564177814114464e-01
9.522611328125000000e+03 4.146687736890989351e-01
9.530000000000000000e+03 4.139948283858598255e-01
9.532614257812500000e+03 4.138471829476106367e-01
9.540000000000000000e+03 4.141914968685414533e-01
9.542617187500000000e+03 4.143129303948372977e-01
9.550000000000000000e+03 4.153145880397821066e-01
9.552619140625000000e+03 4.155774963027005775e-01
9.560000000000000000e+03 4.166921454886523546e-01
9.562622070312500000e+03 4.171805221843460920e-01
9.570000000000000000e+03 4.189773990006039894e-01
9.572625000000000000e+03 4.196168136658616210e-01
9.580000000000000000e+03 4.218268289236325463e-01
9.582627929687500000e+03 4.225206109630775253e-01
9.590000000000000000e+03 4.247638957380701630e-01
9.592630859375000000e+03 4.256591295596648394e-01
9.600000000000000000e+03 4.281077388918169691e-01
9.602632812500000000e+03 4.289417271535473364e-01
9.610000000000000000e+03 4.308965847072227517e-01
9.612635742187500000e+03 4.314992137492369983e-01
9.620000000000000000e+03 4.328367207674111428e-01
9.622638671875000000e+03 4.334123148025339489e-01
9.630000000000000000e+03 4.345957786938202116e-01
9.632641601562500000e+03 4.350660031600648292e-01
9.640000000000000000e+03 4.357771019527628686e-01
9.642643554687500000e+03 4.359335820636129344e-01
9.650000000000000000e+03 4.358222807628540640e-01
9.652646484375000000e+03 4.358794221441453232e-01
9.660000000000000000e+03 4.354066484049440855e-01
9.662649414062500000e+03 4.352346006011996726e-01
9.670000000000000000e+03 4.343396084046153294e-01
9.672652343750000000e+03 4.339169854252873937e-01
9.680000000000000000e+03 4.325996380283644860e-01
9.682655273437500000e+03 4.322195594230445748e-01
9.690000000000000000e+03 4.310593836725997718e-01
9.692657226562500000e+03 4.306377307471663807e-01
9.700000000000000000e+03 4.295192116065249532e-01
9.702660156250000000e+03 4.290148105493707398e-01
9.710000000000000000e+03 4.278367515130872545e-01
9.712663085937500000e+03 4.275046672200341624e-01
9.720000000000000000e+03 4.269038220728823552e-01
9.722666015625000000e+03 4.266835749136364542e-01
9.730000000000000000e+03 4.266847405847251640e-01
9.732667968750000000e+03 4.265868388545238643e-01
9.740000000000000000e+03 4.268885356505102147e-01
9.742670898437500000e+03 4.270940883912707764e-01
9.750000000000000000e+03 4.280913966596319731e-01
9.752673828125000000e+03 4.284542428177510187e-01
9.760000000000000000e+03 4.298921580527148567e-01
9.762676757812500000e+03 4.304167357307960851e-01
9.770000000000000000e+03 4.320738086229675146e-01
9.772679687500000000e+03 4.325804853703391073e-01
9.780000000000000000e+03 4.341727789091969769e-01
9.782681640625000000e+03 4.348542516347186915e-01
9.790000000000000000e+03 4.368349754488131120e-01
9.792684570312500000e+03 4.375608471624442553e-01
9.800000000000000000e+03 4.394110358323357612e-01
9.802687500000000000e+03 4.400282535763929692e-01
9.810000000000000000e+03 4.413872375825651506e-01
9.812690429687500000e+03 4.417844278615251086e-01
9.820000000000000000e+03 4.424966071448870886e-01
9.822692382812500000e+03 4.428589432993020880e-01
9.830000000000000000e+03 4.433440985579686355e-01
9.832695312500000000e+03 4.435827309298142063e-01
9.840000000000000000e+03 4.436967627110680601e-01
9.842698242187500000e+03 4.437370135018645634e-01
9.850000000000000000e+03 4.433708630126099171e-01
9.852701171875000000e+03 4.431307838864236848e-01
9.860000000000000000e+03 4.420301711966622138e-01
9.862703125000000000e+03 4.417225819434886791e-01
9.870000000000000000e+03 4.405543262110820368e-01
9.872706054687500000e+03 4.401183156178543054e-01
9.880000000000000000e+03 4.387783143040367428e-01
9.882708984375000000e+03 4.382778194552607309e-01
9.890000000000000000e+03 4.368514626474397367e-01
9.892711914062500000e+03 4.362169381537792101e-01
9.900000000000000000e+03 4.346795557119035314e-01
9.902714843750000000e+03 4.342055427272758505e-01
9.910000000000000000e+03 4.330922796500269456e-01
9.912716796875000000e+03 4.326742911534776637e-01
9.920000000000000000e+03 4.321137617510580342e-01
9.922719726562500000e+03 4.319018817580812519e-01
9.930000000000000000e+03 4.318168642266052570e-01
9.932722656250000000e+03 4.317827487241009954e-01
9.940000000000000000e+03 4.321780771688623624e-01
9.942725585937500000e+03 4.322233745066823007e-01
9.950000000000000000e+03 4.328449774475549572e-01
9.952727539062500000e+03 4.331766652898100256e-01
9.960000000000000000e+03 4.345830319986788148e-01
9.962730468750000000e+03 4.351093686500054347e-01
9.970000000000000000e+03 4.369495304211061248e-01
9.972733398437500000e+03 4.376399099303081575e-01
9.980000000000000000e+03 4.397319115633407383e-01
9.982736328125000000e+03 4.405178845879203497e-01
9.990000000000000000e+03 4.427596701491597897e-01
9.992739257812500000e+03 4.434992899310044034e-01
1.000000000000000000e+04 4.453922690060242995e-01
1.000274121093750000e+04 4.462784197865313218e-01
1.001000000000000000e+04 4.484258736929180311e-01
1.001274414062500000e+04 4.492367091263326784e-01
1.002000000000000000e+04 4.510349009139848486e-01
1.002274707031250000e+04 4.517144877491672261e-01
1.003000000000000000e+04 4.531377067587661345e-01
1.003275000000000000e+04 4.536760288732402113e-01
1.004000000000000000e+04 4.544700531775661689e-01
1.004275195312500000e+04 4.546623550504824141e-01
1.005000000000000000e+04 4.544556647248491066e-01
1.005275488281250000e+04 4.544823678111882259e-01
1.006000000000000000e+04 4.539916047917362807e-01
1.006275781250000000e+04 4.538023874289628390e-01
1.007000000000000000e+04 4.527298455667280175e-01
1.007275976562500000e+04 4.523184230719742294e-01
1.008000000000000000e+04 4.507921717163075881e-01
1.008276269531250000e+04 4.502068326568618994e-01
1.009000000000000000e+04 4.483213194474985341e-01
1.009276562500000000e+04 4.475978266231443459e-01
1.010000000000000000e+04 4.454392327948295538e-01
1.010276855468750000e+04 4.446098866708605990e-01
1.011000000000000000e+04 4.426518385257759980e-01
1.011277148437500000e+04 4.417934015905087830e-01
1.012000000000000000e+04 4.397678898393090896e-01
1.012277441406250000e+04 4.390928059275481798e-01
1.013000000000000000e+04 4.376573585258152765e-01
1.013277734375000000e+04 4.371029818815646006e-01
1.014000000000000000e+04 4.361555206660822082e-01
1.014277929687500000e+04 4.357885764380149962e-01
1.015000000000000000e+04 4.353783321408258855e-01
1.015278222656250000e+04 4.352185416420783493e-01
1.016000000000000000e+04 4.354646157503305193e-01
1.016278515625000000e+04 4.355578312717250378e-01
1.017000000000000000e+04 4.364992862414853181e-01
1.017278808593750000e+04 4.368617606912124085e-01
1.018000000000000000e+04 4.383999478963066521e-01
1.018279003906250000e+04 4.388893186490774867e-01
1.019000000000000000e+04 4.405925673278190957e-01
1.019279296875000000e+04 4.413567845833747394e-01
1.020000000000000000e+04 4.440115534583257695e-01
1.020279589843750000e+04 4.450495675834340026e-01
1.021000000000000000e+04 4.480030589640430216e-01
1.021279785156250000e+04 4.491502878193255888e-01
1.022000000000000000e+04 4.523633596968286708e-01
1.022280078125000000e+04 4.536128233248538644e-01
1.023000000000000000e+04 4.568719223442407884e-01
1.023280371093750000e+04 4.581412734631133965e-01
1.024000000000000000e+04 4.611863160116861926e-01
1.024280664062500000e+04 4.623738791711163310e-01
1.025000000000000000e+04 4.652482981821501329e-01
1.025280859375000000e+04 4.663706609687848781e-01
1.026000000000000000e+04 4.688443101777558519e-01
1.026281152343750000e+04 4.698110482912338792e-01
1.027000000000000000e+04 4.717779725207230657e-01
1.027281542968750000e+04 4.725478677248516335e-01
1.028000000000000000e+04 4.739191954968770548e-01
1.028281738281250000e+04 4.743413599526813962e-01
1.029000000000000000e+04 4.748846240862842905e-01
1.029282031250000000e+04 4.752118713879585066e-01
1.030000000000000000e+04 4.754436919470336198e-01
1.030282324218750000e+04 4.755336831994648739e-01
1.031000000000000000e+04 4.752556926577837793e-01
1.031282617187500000e+04 4.751446551705157950e-01
1.032000000000000000e+04 4.745693172468863907e-01
1.032282812500000000e+04 4.743407855572416287e-01
1.033000000000000000e+04 4.733183484058474111e-01
1.033283105468750000e+04 4.729129972577845176e-01
1.034000000000000000e+04 4.717840383365061174e-01
1.034283398437500000e+04 4.713361367073338748e-01
1.035000000000000000e+04 4.702963687026746609e-01
1.035283593750000000e+04 4.698831011243189137e-01
1.036000000000000000e+04 4.689281554504098892e-01
1.036283886718750000e+04 4.685480934267650666e-01
1.037000000000000000e+04 4.677316667836802777e-01
1.037284179687500000e+04 4.674060272697986296e-01
1.038000000000000000e+04 4.669409722858057776e-01
1.038284375000000000e+04 4.667551345150958153e-01
1.039000000000000000e+04 4.666919732913061281e-01
1.039284667968750000e+04 4.666656031255699832e-01
1.040000000000000000e+04 4.668500988846655542e-01
1.040284960937500000e+04 4.669275707819453558e-01
1.041000000000000000e+04 4.678410765964941542e-01
1.041285253906250000e+04 4.682050722987831093e-01
1.042000000000000000e+04 4.693821879705671885e-01
1.042285546875000000e+04 4.698519481739434345e-01
1.043000000000000000e+04 4.713198402175422519e-01
1.043285839843750000e+04 4.719069376753340372e-01
1.044000000000000000e+04 4.736161821373890413e-01
1.044286132812500000e+04 4.743009500091370789e-01
1.045000000000000000e+04 4.761512350217547707e-01
1.045286328125000000e+04 4.767757451627376297e-01
1.046000000000000000e+04 4.784541302282656061e-01
1.046286621093750000e+04 4.792459677226740267e-01
1.047000000000000000e+04 4.812152118660966149e-01
1.047286914062500000e+04 4.820074029163908813e-01
1.048000000000000000e+04 4.838073522566395668e-01
1.048287207031250000e+04 4.845322921276096206e-01
1.049000000000000000e+04 4.860737875270534913e-01
1.049287402343750000e+04 4.866952960498864278e-01
1.050000000000000000e+04 4.879924995040632596e-01
1.050287695312500000e+04 4.884024538311443342e-01
1.051000000000000000e+04 4.889837231285028563e-01
1.051287988281250000e+04 4.892183968412647244e-01
1.052000000000000000e+04 4.894988802919679749e-01
1.052288183593750000e+04 4.896118599341477973e-01
1.053000000000000000e+04 4.896436818176932992e-01
1.053288476562500000e+04 4.896561866558216680e-01
1.054000000000000000e+04 4.892409389552015986e-01
1.054288769531250000e+04 4.890717352502716997e-01
1.055000000000000000e+04 4.883688561056893085e-01
1.055289062500000000e+04 4.880827211920427122e-01
1.056000000000000000e+04 4.872402568756331598e-01
1.056289257812500000e+04 4.868971685854470155e-01
1.057000000000000000e+04 4.859086184384931451e-01
1.057289648437500000e+04 4.855050285192594739e-01
1.058000000000000000e+04 4.845716885031700061e-01
1.058289941406250000e+04 4.841904053780067829e-01
1.059000000000000000e+04 4.831872483378535366e-01
1.059290136718750000e+04 4.827770246028332268e-01
1.060000000000000000e+04 4.821389999320567776e-01
1.060290429687500000e+04 4.818674290490302936e-01
1.061000000000000000e+04 4.812922580773065784e-01
1.061290722656250000e+04 4.810563544024414884e-01
1.062000000000000000e+04 4.807394785748111410e-01
1.062291015625000000e+04 4.806092536360034306e-01
1.063000000000000000e+04 4.806241499500391035e-01
1.063291210937500000e+04 4.806302441196723119e-01
1.064000000000000000e+04 4.808366226703315038e-01
1.064291503906250000e+04 4.809213188210874068e-01
1.065000000000000000e+04 4.814117705550520210e-01
1.065291796875000000e+04 4.816137947022878230e-01
1.066000000000000000e+04 4.823202770991296129e-01
1.066291992187500000e+04 4.826116599743836000e-01
1.067000000000000000e+04 4.835001738830423945e-01
1.067292285156250000e+04 4.838670261526171745e-01
1.068000000000000000e+04 4.850981735231279512e-01
1.068292578125000000e+04 4.857295212146990893e-01
1.069000000000000000e+04 4.872392387156680993e-01
1.069292871093750000e+04 4.877421981447370158e-01
1.070000000000000000e+04 4.889360144799643204e-01
1.070293066406250000e+04 4.894308743074223256e-01
1.071000000000000000e+04 4.906097963373681758e-01
1.071293359375000000e+04 4.910993161525089024e-01
1.072000000000000000e+04 4.921451350552265569e-01
1.072293652343750000e+04 4.925800521985875813e-01
1.073000000000000000e+04 4.934619952288157863e-01
1.073293945312500000e+04 4.938292746893984120e-01
1.074000000000000000e+04 4.945610852399090485e-01
1.074294238281250000e+04 4.948663146346684583e-01
1.075000000000000000e+04 4.954377905278206096e-01
1.075294531250000000e+04 4.956767469222866374e-01
1.076000000000000000e+04 4.959847170707371022e-01
1.076294824218750000e+04 4.961138326120931863e-01
1.077000000000000000e+04 4.962047982942664470e-01
1.077295019531250000e+04 4.962430698626889569e-01
1.078000000000000000e+04 4.960804089827969832e-01
1.078295312500000000e+04 4.960128494094136475e-01
1.079000000000000000e+04 4.956919006002487027e-01
1.079295605468750000e+04 4.955576131020697495e-01
1.080000000000000000e+04 4.951033499111927583e-01
1.080295800781250000e+04 4.949198424396485385e-01
1.081000000000000000e+04 4.943625755295865121e-01
1.081296093750000000e+04 4.941288022414933034e-01
1.082000000000000000e+04 4.936357043297701086e-01
1.082296386718750000e+04 4.934285768600204514e-01
1.083000000000000000e+04 4.929554498102217686e-01
1.083296679687500000e+04 4.927563001116290198e-01
1.084000000000000000e+04 4.923456754645140210e-01
1.084296875000000000e+04 4.921730969479153339e-01
1.085000000000000000e+04 4.918767170473438699e-01
1.085297167968750000e+04 4.917519944516456909e-01
1.086000000000000000e+04 4.916406095898087081e-01
1.086297460937500000e+04 4.917199850801484140e-01
1.087000000000000000e+04 4.919992025458389540e-01
1.087297656250000000e+04 4.919924610110313901e-01
1.088000000000000000e+04 4.921554539775375159e-01
1.088298046875000000e+04 4.922252231401877398e-01
1.089000000000000000e+04 4.926007192420137626e-01
1.089298339843750000e+04 4.927613840182462068e-01
1.090000000000000000e+04 4.932298242918436992e-01
1.090298632812500000e+04 4.934298466900442492e-01
1.091000000000000000e+04 4.939700508889414143e-01
1.091298828125000000e+04 4.942012755430126858e-01
1.092000000000000000e+04 4.948358597374054590e-01
1.092299121093750000e+04 4.951076963776967488e-01
1.093000000000000000e+04 4.957721571714283071e-01
1.093299414062500000e+04 4.960571126301393519e-01
1.094000000000000000e+04 4.967003581046088856e-01
1.094299609375000000e+04 4.969765245362157691e-01
1.095000000000000000e+04 4.975314575306231668e-01
1.095299902343750000e+04 4.977699699232503994e-01
1.096000000000000000e+04 4.982215134477611107e-01
1.096300195312500000e+04 4.984164370449973847e-01
1.097000000000000000e+04 4.986914420350899158e-01
1.097300488281250000e+04 4.989395428389588050e-01
1.098000000000000000e+04 4.994140753668632748e-01
1.098300683593750000e+04 4.994904327408252187e-01
1.099000000000000000e+04 4.996382060448840701e-01
1.099300976562500000e+04 4.996722091296029733e-01
1.100000000000000000e+04 4.994930573254968142e-01
1.100301269531250000e+04 4.994341880685542745e-01
1.101000000000000000e+04 4.991668727787075266e-01
1.101301464843750000e+04 4.990514925462353202e-01
1.102000000000000000e+04 4.986413318447705523e-01
1.102301757812500000e+04 4.984640796686360953e-01
1.103000000000000000e+04 4.979647133444377038e-01
1.103302148437500000e+04 4.977485429008302042e-01
1.104000000000000000e+04 4.972476217055716297e-01
1.104302441406250000e+04 4.970304464900391350e-01
1.105000000000000000e+04 4.965001727438030921e-01
1.105302636718750000e+04 4.962700272262171586e-01
1.106000000000000000e+04 4.957172114330885559e-01
1.106302929687500000e+04 4.956058259711747516e-01
1.107000000000000000e+04 4.954337362627281305e-01
1.107303222656250000e+04 4.952298337485921964e-01
1.108000000000000000e+04 4.948804058783166093e-01
1.108303417968750000e+04 4.947281843761984210e-01
1.109000000000000000e+04 4.944766802596884392e-01
1.109303710937500000e+04 4.943669779818763987e-01
1.110000000000000000e+04 4.942478029798225148e-01
1.110304003906250000e+04 4.941957432961108787e-01
1.111000000000000000e+04 4.943318743277815841e-01
1.111304199218750000e+04 4.943913825242699511e-01
1.112000000000000000e+04 4.947064926772233862e-01
1.112304492187500000e+04 4.948444243407160714e-01
1.113000000000000000e+04 4.952263322919964184e-01
1.113304785156250000e+04 4.953937365107745627e-01
1.114000000000000000e+04 4.959237526813520258e-01
1.114305078125000000e+04 4.962862263277350583e-01
1.115000000000000000e+04 4.971789928615140131e-01
1.115305273437500000e+04 4.974413474717037653e-01
1.116000000000000000e+04 4.981039004055176633e-01
1.116305566406250000e+04 4.983954008713684103e-01
1.117000000000000000e+04 4.991199041213683074e-01
1.117305859375000000e+04 4.994391017492486595e-01
1.118000000000000000e+04 5.001268340851960925e-01
1.118306054687500000e+04 5.004301522833733973e-01
1.119000000000000000e+04 5.010614789332302754e-01
1.119306445312500000e+04 5.013403529043436446e-01
1.120000000000000000e+04 5.018335694558505589e-01
1.120306738281250000e+04 5.021917609365252888e-01
1.121000000000000000e+04 5.028739325969454610e-01
1.121307031250000000e+04 5.030440224245469327e-01
1.122000000000000000e+04 5.033291776104084070e-01
1.122307226562500000e+04 5.034556338228869388e-01
1.123000000000000000e+04 5.035392491865607889e-01
1.123307519531250000e+04 5.035763649429503275e-01
1.124000000000000000e+04 5.034423773397789237e-01
1.124307812500000000e+04 5.033827814069453677e-01
1.125000000000000000e+04 5.030709020956138922e-01
1.125308007812500000e+04 5.029320553062939236e-01
1.126000000000000000e+04 5.024852170769341653e-01
1.126308300781250000e+04 5.022860484461643127e-01
1.127000000000000000e+04 5.017035541791721176e-01
1.127308593750000000e+04 5.015760586114911268e-01
1.128000000000000000e+04 5.011593966065931438e-01
1.128308886718750000e+04 5.008404996339927973e-01
1.129000000000000000e+04 5.000341120911077075e-01
1.129309082031250000e+04 4.996733251204317772e-01
1.130000000000000000e+04 4.988224287707836435e-01
1.130309375000000000e+04 4.984412603446677359e-01
1.131000000000000000e+04 4.976163623987516216e-01
1.131309667968750000e+04 4.972463330266884141e-01
1.132000000000000000e+04 4.964903956238447824e-01
1.132309863281250000e+04 4.961509412578142264e-01
1.133000000000000000e+04 4.954149332204614842e-01
1.133310156250000000e+04 4.952153666686259781e-01
1.134000000000000000e+04 4.949604336653849468e-01
1.134310546875000000e+04 4.947140520303810463e-01
1.135000000000000000e+04 4.944466282312436900e-01
1.135310839843750000e+04 4.943259998328836113e-01
1.136000000000000000e+04 4.942164623071234608e-01
1.136311035156250000e+04 4.941669918396240369e-01
1.137000000000000000e+04 4.942920314002282600e-01
1.137311328125000000e+04 4.943485407136682386e-01
1.138000000000000000e+04 4.946458860638253685e-01
1.138311621093750000e+04 4.949122571735186105e-01
1.139000000000000000e+04 4.956728322467245373e-01
1.139311816406250000e+04 4.958855472661776176e-01
1.140000000000000000e+04 4.965289939449784584e-01
1.140312109375000000e+04 4.968321669245262528e-01
1.141000000000000000e+04 4.977084442622606297e-01
1.141312402343750000e+04 4.981065605140020391e-01
1.142000000000000000e+04 4.991481388719530288e-01
1.142312695312500000e+04 4.996220052247769550e-01
1.143000000000000000e+04 5.007100689364616386e-01
1.143312890625000000e+04 5.012056049654236567e-01
1.144000000000000000e+04 5.023390904921598565e-01
1.144313183593750000e+04 5.029904389285695387e-01
1.145000000000000000e+04 5.044224007614870331e-01
1.145313476562500000e+04 5.049415687439734457e-01
1.146000000000000000e+04 5.059942258115355251e-01
1.146313671875000000e+04 5.064753796245869966e-01
1.147000000000000000e+04 5.075406208574599898e-01
1.147313964843750000e+04 5.080281203530107037e-01
1.148000000000000000e+04 5.090206406589130594e-01
1.148314257812500000e+04 5.094754764565420091e-01
1.149000000000000000e+04 5.102313340592923296e-01
1.149314648437500000e+04 5.107153553075409746e-01
1.150000000000000000e+04 5.116182052939726166e-01
1.150314843750000000e+04 5.118873658397880000e-01
1.151000000000000000e+04 5.123092729982541282e-01
1.151315136718750000e+04 5.125033881958747095e-01
1.152000000000000000e+04 5.127007493569146757e-01
1.152315429687500000e+04 5.127916671297758633e-01
1.153000000000000000e+04 5.127815110232815110e-01
1.153315625000000000e+04 5.127768089954777286e-01
1.154000000000000000e+04 5.126386912846148114e-01
1.154315917968750000e+04 5.127129466271147518e-01
1.155000000000000000e+04 5.127637729855000215e-01
1.155316210937500000e+04 5.126490201901087174e-01
1.156000000000000000e+04 5.122591959201465706e-01
1.156316503906250000e+04 5.120786694934582606e-01
1.157000000000000000e+04 5.115641601260254578e-01
1.157316699218750000e+04 5.113256489008717320e-01
1.158000000000000000e+04 5.107654621392186955e-01
1.158316992187500000e+04 5.105054633190851954e-01
1.159000000000000000e+04 5.099006622497015417e-01
1.159317285156250000e+04 5.097572979245593716e-01
1.160000000000000000e+04 5.095975393650141738e-01
1.160317480468750000e+04 5.093863261562171507e-01
1.161000000000000000e+04 5.090186650418793146e-01
1.161317773437500000e+04 5.088473988960534600e-01
1.162000000000000000e+04 5.084949182401303780e-01
1.162318066406250000e+04 5.083305008830272254e-01
1.163000000000000000e+04 5.080787016508564458e-01
1.163318359375000000e+04 5.080987195768061904e-01
1.164000000000000000e+04 5.082955543759924977e-01
1.164318554687500000e+04 5.082497855784684493e-01
1.165000000000000000e+04 5.083101178143960563e-01
1.165318945312500000e+04 5.083383489636510433e-01
1.166000000000000000e+04 5.085482880179197362e-01
1.166319238281250000e+04 5.086467164142089992e-01
1.167000000000000000e+04 5.090042118747764022e-01
1.167319433593750000e+04 5.091720085884509084e-01
1.168000000000000000e+04 5.096359408937602975e-01
1.168319726562500000e+04 5.099925869967093517e-01
1.169000000000000000e+04 5.109214984645948920e-01
1.169320019531250000e+04 5.112198351764184467e-01
1.170000000000000000e+04 5.119101869363233970e-01
1.170320312500000000e+04 5.122354974030263186e-01
1.171000000000000000e+04 5.129666332899417425e-01
1.171320507812500000e+04 5.133115219311952249e-01
1.172000000000000000e+04 5.141267444814586751e-01
1.172320800781250000e+04 5.146519865339276301e-01
1.173000000000000000e+04 5.157990985396444517e-01
1.173321093750000000e+04 5.162011905680887747e-01
1.174000000000000000e+04 5.169738763974160989e-01
1.174321289062500000e+04 5.173396746100663579e-01
1.175000000000000000e+04 5.180376394781702754e-01
1.175321582031250000e+04 5.183684585701582304e-01
1.176000000000000000e+04 5.189948431312575439e-01
1.176321875000000000e+04 5.192921316653785757e-01
1.177000000000000000e+04 5.198465680966385394e-01
1.177322167968750000e+04 5.202523105318018759e-01
1.178000000000000000e+04 5.209824677571575080e-01
1.178322363281250000e+04 5.211874430179129769e-01
1.179000000000000000e+04 5.214270032513953490e-01
1.179322656250000000e+04 5.215410966612613608e-01
1.180000000000000000e+04 5.216503911918243253e-01
1.180323046875000000e+04 5.216794110207588764e-01
1.181000000000000000e+04 5.216396338365550944e-01
1.181323242187500000e+04 5.217636264211907848e-01
1.182000000000000000e+04 5.219129239990354385e-01
1.182323535156250000e+04 5.218411396242796929e-01
1.183000000000000000e+04 5.215961719058141988e-01
1.183323828125000000e+04 5.214788637890750422e-01
1.184000000000000000e+04 5.211752823719276728e-01
1.184324121093750000e+04 5.210297135283806780e-01
1.185000000000000000e+04 5.206208213754153213e-01
1.185324316406250000e+04 5.205675980922326307e-01
1.186000000000000000e+04 5.204271641749963484e-01
1.186324609375000000e+04 5.202164606076623565e-01
1.187000000000000000e+04 5.197883658436293075e-01
1.187324902343750000e+04 5.195823633679778064e-01
1.188000000000000000e+04 5.192295896817036294e-01
1.188325097656250000e+04 5.190596548911478036e-01
1.189000000000000000e+04 5.187649824558792089e-01
1.189325390625000000e+04 5.187657633858818729e-01
1.190000000000000000e+04 5.187903881873452416e-01
1.190325683593750000e+04 5.186592053317043982e-01
1.191000000000000000e+04 5.185859151331052574e-01
1.191325976562500000e+04 5.185504665499125476e-01
1.192000000000000000e+04 5.184666757912219648e-01
1.192326171875000000e+04 5.184261078146564783e-01
1.193000000000000000e+04 5.184665984877362410e-01
1.193326464843750000e+04 5.184862116674082699e-01
1.194000000000000000e+04 5.187314679939850626e-01
1.194326757812500000e+04 5.189938963864795252e-01
1.195000000000000000e+04 5.196186481719654582e-01
1.195326953125000000e+04 5.197785763156826944e-01
1.196000000000000000e+04 5.201710649942995479e-01
1.196327343750000000e+04 5.203619970962817254e-01
1.197000000000000000e+04 5.209104374667646864e-01
1.197327636718750000e+04 5.211776322541133988e-01
1.198000000000000000e+04 5.217652340273820633e-01
1.198327929687500000e+04 5.221966098300268033e-01
1.199000000000000000e+04 5.230479465488807600e-01
1.199328125000000000e+04 5.233188500655042708e-01
1.200000000000000000e+04 5.239415669260885089e-01
1.200328417968750000e+04 5.242671400205721755e-01
1.201000000000000000e+04 5.248752805158130030e-01
1.201328710937500000e+04 5.251730375452320354e-01
1.202000000000000000e+04 5.257709154044885036e-01
1.202328906250000000e+04 5.262100750876897992e-01
1.203000000000000000e+04 5.270617688252621225e-01
1.203329199218750000e+04 5.273333914706163084e-01
1.204000000000000000e+04 5.277849151394864435e-01
1.204329492187500000e+04 5.280067686489983148e-01
1.205000000000000000e+04 5.283572132808863620e-01
1.205329785156250000e+04 5.285296267457115782e-01
1.206000000000000000e+04 5.287275744093402619e-01
1.206329980468750000e+04 5.289723203663430073e-01
1.207000000000000000e+04 5.293268764207076371e-01
1.207330273437500000e+04 5.293542448128670808e-01
1.208000000000000000e+04 5.292977217477129459e-01
1.208330566406250000e+04 5.292697948601898794e-01
1.209000000000000000e+04 5.291001057272725072e-01
1.209330859375000000e+04 5.290161893329886622e-01
1.210000000000000000e+04 5.287426453838767193e-01
1.210331054687500000e+04 5.287548010611283766e-01
1.211000000000000000e+04 5.286593795647861471e-01
1.211331445312500000e+04 5.284642740744565081e-01
1.212000000000000000e+04 5.280240569470169287e-01
1.212331738281250000e+04 5.278055187150082483e-01
1.213000000000000000e+04 5.273221256106960242e-01
1.213331933593750000e+04 5.270819086033434742e-01
1.214000000000000000e+04 5.265027763273041339e-01
1.214332226562500000e+04 5.263619182622610859e-01
1.215000000000000000e+04 5.261591807076849703e-01
1.215332519531250000e+04 5.259107138558707373e-01
1.216000000000000000e+04 5.253475421799136402e-01
1.216332812500000000e+04 5.250666135851715932e-01
1.217000000000000000e+04 5.246282638372591345e-01
1.217333007812500000e+04 5.244093723816383168e-01
1.218000000000000000e+04 5.240487197341846537e-01
1.218333300781250000e+04 5.240153937650545712e-01
1.219000000000000000e+04 5.240507411744129707e-01
1.219333593750000000e+04 5.239212501403108790e-01
1.220000000000000000e+04 5.237826005755584768e-01
1.220333789062500000e+04 5.236970603441496452e-01
1.221000000000000000e+04 5.236392504897338096e-01
1.221334082031250000e+04 5.237573716505382615e-01
1.222000000000000000e+04 5.241202169505445596e-01
1.222334375000000000e+04 5.241551527711483249e-01
1.223000000000000000e+04 5.243659102483358980e-01
1.223334667968750000e+04 5.244718974413488111e-01
1.224000000000000000e+04 5.247447448920015134e-01
1.224334863281250000e+04 5.248820998442950136e-01
1.225000000000000000e+04 5.253069943491714966e-01
1.225335156250000000e+04 5.256691465275723507e-01
1.226000000000000000e+04 5.264840553569418713e-01
1.226335546875000000e+04 5.267472355645478332e-01
1.227000000000000000e+04 5.273777163208174246e-01
1.227335742187500000e+04 5.276963758339259236e-01
1.228000000000000000e+04 5.283731681969885408e-01
1.228336035156250000e+04 5.287156345550853009e-01
1.229000000000000000e+04 5.294549501431191629e-01
1.229336328125000000e+04 5.299791727073088765e-01
1.230000000000000000e+04 5.309530031029343622e-01
1.230336621093750000e+04 5.312972737760289776e-01
1.231000000000000000e+04 5.319944073946897278e-01
1.231336816406250000e+04 5.323484555172628419e-01
1.232000000000000000e+04 5.330110107272979514e-01
1.232337109375000000e+04 5.333478891040781544e-01
1.233000000000000000e+04 5.339869846937081999e-01
1.233337402343750000e+04 5.344635898704666044e-01
1.234000000000000000e+04 5.352325547380432091e-01
1.234337597656250000e+04 5.354730905332262259e-01
1.235000000000000000e+04 5.358851244903077848e-01
1.235337890625000000e+04 5.360953536924440987e-01
1.236000000000000000e+04 5.364123245071541479e-01
1.236338183593750000e+04 5.365742597302294303e-01
1.237000000000000000e+04 5.367238899129019858e-01
1.237338476562500000e+04 5.369527355988349404e-01
1.238000000000000000e+04 5.373198578354992927e-01
1.238338671875000000e+04 5.373554133366513774e-01
1.239000000000000000e+04 5.372537762508828862e-01
1.239338964843750000e+04 5.372016562106498583e-01
1.240000000000000000e+04 5.370319479019440845e-01
1.240339257812500000e+04 5.369666507199093441e-01
1.241000000000000000e+04 5.367131718301811905e-01
1.241339453125000000e+04 5.367354302098119589e-01
1.242000000000000000e+04 5.366988180654239660e-01
1.242339843750000000e+04 5.365271565150658839e-01
1.243000000000000000e+04 5.361757587483844123e-01
1.243340136718750000e+04 5.359946095270827771e-01
1.244000000000000000e+04 5.355517879050792907e-01
1.244340429687500000e+04 5.353232163104489905e-01
1.245000000000000000e+04 5.349220686333451269e-01
1.245340625000000000e+04 5.348672001741704429e-01
1.246000000000000000e+04 5.347942037869342080e-01
1.246340917968750000e+04 5.346038262553156617e-01
1.247000000000000000e+04 5.342525776856930086e-01
1.247341210937500000e+04 5.340706376355034424e-01
1.248000000000000000e+04 5.337654963924897134e-01
1.248341406250000000e+04 5.336072754953284925e-01
1.249000000000000000e+04 5.333711258015527701e-01
1.249341699218750000e+04 5.334008890860063579e-01
1.250000000000000000e+04 5.336000056053150642e-01
1.250341992187500000e+04 5.335098108164455510e-01
1.251000000000000000e+04 5.334808039816083536e-01
1.251342285156250000e+04 5.334656998188018751e-01
1.252000000000000000e+04 5.335048163375958330e-01
1.252342480468750000e+04 5.335251761582910923e-01
1.253000000000000000e+04 5.337073129241012293e-01
1.253342773437500000e+04 5.339551172073780938e-01
1.254000000000000000e+04 5.344927894838890081e-01
1.254343066406250000e+04 5.346204815520944065e-01
1.255000000000000000e+04 5.350494897961073359e-01
1.255343261718750000e+04 5.352736849959230936e-01
1.256000000000000000e+04 5.357968962718525630e-01
1.256343554687500000e+04 5.362243765090261016e-01
1.257000000000000000e+04 5.371184821672816412e-01
1.257343945312500000e+04 5.374330830871595355e-01
1.258000000000000000e+04 5.380804615206501440e-01
1.258344238281250000e+04 5.384201979442138075e-01
1.259000000000000000e+04 5.391110039585769176e-01
1.259344433593750000e+04 5.394738991878561540e-01
1.260000000000000000e+04 5.401171403699847051e-01
1.260344726562500000e+04 5.406029537818038966e-01
1.261000000000000000e+04 5.415045848603178280e-01
1.261345019531250000e+04 5.418238302255062866e-01
1.262000000000000000e+04 5.425803905126549420e-01
1.262345214843750000e+04 5.429791915893936727e-01
1.263000000000000000e+04 5.436272988746985169e-01
1.263345507812500000e+04 5.439693222469418332e-01
1.264000000000000000e+04 5.444992193842114192e-01
1.264345800781250000e+04 5.449361968859876004e-01
1.265000000000000000e+04 5.456785676459494638e-01
1.265346093750000000e+04 5.459142218758956666e-01
1.266000000000000000e+04 5.462226016860379785e-01
1.266346289062500000e+04 5.463859238519105377e-01
1.267000000000000000e+04 5.466304793711228571e-01
1.267346582031250000e+04 5.467601455658425147e-01
1.268000000000000000e+04 5.468619319630892983e-01
1.268346875000000000e+04 5.470739329957677866e-01
1.269000000000000000e+04 5.473130418640843597e-01
1.269347070312500000e+04 5.472820322577210961e-01
1.270000000000000000e+04 5.471892753579569169e-01
1.270347363281250000e+04 5.471399110442464186e-01
1.271000000000000000e+04 5.469341266953182679e-01
1.271347656250000000e+04 5.468244808406397262e-01
1.272000000000000000e+04 5.465394233420847181e-01
1.272348046875000000e+04 5.465455026479616452e-01
1.273000000000000000e+04 5.464167473009532427e-01
1.273348242187500000e+04 5.461896427522194841e-01
1.274000000000000000e+04 5.457634654115642858e-01
1.274348535156250000e+04 5.455355196521580741e-01
1.275000000000000000e+04 5.450482109063304881e-01
1.275348828125000000e+04 5.447872333918318821e-01
1.276000000000000000e+04 5.443110988876298517e-01
1.276349023437500000e+04 5.440558479792352298e-01
1.277000000000000000e+04 5.435898993465706486e-01
1.277349316406250000e+04 5.434976016727445236e-01
1.278000000000000000e+04 5.433295310814314494e-01
1.278349609375000000e+04 5.430812724271893988e-01
1.279000000000000000e+04 5.426776163763175065e-01
1.279349902343750000e+04 5.424604135060131505e-01
1.280000000000000000e+04 5.421204316585314098e-01
1.280350097656250000e+04 5.419059628461898592e-01
1.281000000000000000e+04 5.415914187211895436e-01
1.281350390625000000e+04 5.415794049656861286e-01
1.282000000000000000e+04 5.416491377866388124e-01
1.282350683593750000e+04 5.415290737725783066e-01
1.283000000000000000e+04 5.414177817722984898e-01
1.283350878906250000e+04 5.413576366047900823e-01
1.284000000000000000e+04 5.413428889503938413e-01
1.284351171875000000e+04 5.413349043301266539e-01
1.285000000000000000e+04 5.413786464412965183e-01
1.285351464843750000e+04 5.415602347192052246e-01
1.286000000000000000e+04 5.420490043694007332e-01
1.286351757812500000e+04 5.421560662131097441e-01
1.287000000000000000e+04 5.423775799037058309e-01
1.287351953125000000e+04 5.424978380917885312e-01
1.288000000000000000e+04 5.428004526073139102e-01
1.288352343750000000e+04 5.429649740921577150e-01
1.289000000000000000e+04 5.433392390884541623e-01
1.289352636718750000e+04 5.437019485379430694e-01
1.290000000000000000e+04 5.444508161558935244e-01
1.290352832031250000e+04 5.446999301459777287e-01
1.291000000000000000e+04 5.451286347659486387e-01
1.291353125000000000e+04 5.453625439069538228e-01
1.292000000000000000e+04 5.458040133097750157e-01
1.292353417968750000e+04 5.460451963441849133e-01
1.293000000000000000e+04 5.464420632242997788e-01
1.293353710937500000e+04 5.468193431036869612e-01
1.294000000000000000e+04 5.474054741886293929e-01
1.294353906250000000e+04 5.475661525665288520e-01
1.295000000000000000e+04 5.478270004893429634e-01
1.295354199218750000e+04 5.479699916165859941e-01
1.296000000000000000e+04 5.481931982757736188e-01
1.296354492187500000e+04 5.483157110894938402e-01
1.297000000000000000e+04 5.483924819582834953e-01
1.297354785156250000e+04 5.484346693217360125e-01
1.298000000000000000e+04 5.483125982161543011e-01
1.298354980468750000e+04 5.484065467900679502e-01
1.299000000000000000e+04 5.485050829318437460e-01
1.299355273437500000e+04 5.483981053728974597e-01
1.300000000000000000e+04 5.481063733394299087e-01
1.300355566406250000e+04 5.480118381033569630e-01
1.301000000000000000e+04 5.476851739607103697e-01
1.301355761718750000e+04 5.475047689561983733e-01
1.302000000000000000e+04 5.470245940696624176e-01
1.302356054687500000e+04 5.469201473205880237e-01
1.303000000000000000e+04 5.466432014320985466e-01
1.303356445312500000e+04 5.463285845679554109e-01
1.304000000000000000e+04 5.456662627198521909e-01
1.304356738281250000e+04 5.452989933436933612e-01
1.305000000000000000e+04 5.445600517755667669e-01
1.305356933593750000e+04 5.441498857631646979e-01
1.306000000000000000e+04 5.433412310992017380e-01
1.306357226562500000e+04 5.428918655678265370e-01
1.307000000000000000e+04 5.420070245403166842e-01
1.307357519531250000e+04 5.416746863494318331e-01
1.308000000000000000e+04 5.410734851866939588e-01
1.308357714843750000e+04 5.405785077580406162e-01
1.309000000000000000e+04 5.396985201901366436e-01
1.309358007812500000e+04 5.392078509388512630e-01
1.310000000000000000e+04 5.384037314136139729e-01
1.310358300781250000e+04 5.379547924985922380e-01
1.311000000000000000e+04 5.371832843339894303e-01
1.311358593750000000e+04 5.367520028586107994e-01
1.312000000000000000e+04 5.361102631417472564e-01
1.312358789062500000e+04 5.359098994805033822e-01
1.313000000000000000e+04 5.357681904274246287e-01
1.313359082031250000e+04 5.355298787211526523e-01
1.314000000000000000e+04 5.351407766267353150e-01
1.314359375000000000e+04 5.349225189188527851e-01
1.315000000000000000e+04 5.346842812365385500e-01
1.315359570312500000e+04 5.345505090637392431e-01
1.316000000000000000e+04 5.344563878453642003e-01
1.316359863281250000e+04 5.345621526195473150e-01
1.317000000000000000e+04 5.349366280361635972e-01
1.317360156250000000e+04 5.349885114311971890e-01
1.318000000000000000e+04 5.352703712299441419e-01
1.318360546875000000e+04 5.354292353168154106e-01
1.319000000000000000e+04 5.358545690382577886e-01
1.319360742187500000e+04 5.360945814449746827e-01
1.320000000000000000e+04 5.366995795828303217e-01
1.320361035156250000e+04 5.370009638308735900e-01
1.321000000000000000e+04 5.378035757351213864e-01
1.321361328125000000e+04 5.384178160956606396e-01
1.322000000000000000e+04 5.395451238493522705e-01
1.322361523437500000e+04 5.400228807130702524e-01
1.323000000000000000e+04 5.410169899895318490e-01
1.323361816406250000e+04 5.415803976885624760e-01
1.324000000000000000e+04 5.426679499572121257e-01
1.324362109375000000e+04 5.432850985256657550e-01
1.325000000000000000e+04 5.444397271648938608e-01
1.325362402343750000e+04 5.450957706345338494e-01
1.326000000000000000e+04 5.462909241588247422e-01
1.326362597656250000e+04 5.469706714979893913e-01
1.327000000000000000e+04 5.482530921131424373e-01
1.327362890625000000e+04 5.491473965399843449e-01
1.328000000000000000e+04 5.505904257657411316e-01
1.328363183593750000e+04 5.512488491452079975e-01
1.329000000000000000e+04 5.523664923496742762e-01
1.329363378906250000e+04 5.530043064330015801e-01
1.330000000000000000e+04 5.540014977560369092e-01
1.330363671875000000e+04 5.545712059981899866e-01
1.331000000000000000e+04 5.553982428856063525e-01
1.331363964843750000e+04 5.558713377796333788e-01
1.332000000000000000e+04 5.565097012700017665e-01
1.332364257812500000e+04 5.570422695765666621e-01
1.333000000000000000e+04 5.577880606661594909e-01
1.333364453125000000e+04 5.580485990244236083e-01
1.334000000000000000e+04 5.582380802570753309e-01
1.334364843750000000e+04 5.583468643964530909e-01
1.335000000000000000e+04 5.582449546794699957e-01
1.335365136718750000e+04 5.581863612232238481e-01
1.336000000000000000e+04 5.578431535954913034e-01
1.336365332031250000e+04 5.576456320035112491e-01
1.337000000000000000e+04 5.570540802321489737e-01
1.337365625000000000e+04 5.567132558432678069e-01
1.338000000000000000e+04 5.558713773833240390e-01
1.338365917968750000e+04 5.555528484824222568e-01
1.339000000000000000e+04 5.547541993311371211e-01
1.339366210937500000e+04 5.541256065515056672e-01
1.340000000000000000e+04 5.528477016365292984e-01
1.340366406250000000e+04 5.519988995880649174e-01
1.341000000000000000e+04 5.503838971585771622e-01
1.341366699218750000e+04 5.494495679355845263e-01
1.342000000000000000e+04 5.477407796447240074e-01
1.342366992187500000e+04 5.467509473753933147e-01
1.343000000000000000e+04 5.449663594413214351e-01
1.343367187500000000e+04 5.439315926107608501e-01
1.344000000000000000e+04 5.420914912627617932e-01
1.344367480468750000e+04 5.411867293870940010e-01
1.345000000000000000e+04 5.396805879313830712e-01
1.345367773437500000e+04 5.386417685892377349e-01
1.346000000000000000e+04 5.369296859139436329e-01
1.346368066406250000e+04 5.359333538858134238e-01
1.347000000000000000e+04 5.342930169937534224e-01
1.347368261718750000e+04 5.333374862558293295e-01
1.348000000000000000e+04 5.318191367296348782e-01
1.348368554687500000e+04 5.309336865256547577e-01
1.349000000000000000e+04 5.296333188541164638e-01
1.349368945312500000e+04 5.288738274351835189e-01
1.350000000000000000e+04 5.278326472867268526e-01
1.350369238281250000e+04 5.273579192681296934e-01
1.351000000000000000e+04 5.267514756923059593e-01
1.351369433593750000e+04 5.262366351699976352e-01
1.352000000000000000e+04 5.255834840237216810e-01
1.352369726562500000e+04 5.252006837944986906e-01
1.353000000000000000e+04 5.247601552483427412e-01
1.353370019531250000e+04 5.245016286039868580e-01
1.354000000000000000e+04 5.242670404169403886e-01
1.354370214843750000e+04 5.241292111773258044e-01
1.355000000000000000e+04 5.241966845985001067e-01
1.355370507812500000e+04 5.242363075080010981e-01
1.356000000000000000e+04 5.243865357675090433e-01
1.356370800781250000e+04 5.244749271412278979e-01
1.357000000000000000e+04 5.246885010273201200e-01
1.357371093750000000e+04 5.249741164327402787e-01
1.358000000000000000e+04 5.255744172206837650e-01
1.358371289062500000e+04 5.257687993574851060e-01
1.359000000000000000e+04 5.261220647818306562e-01
1.359371582031250000e+04 5.263306831087046778e-01
1.360000000000000000e+04 5.266549101464798044e-01
1.360371875000000000e+04 5.264769478657889135e-01
1.361000000000000000e+04 5.260807103771595328e-01
1.361372070312500000e+04 5.258456452790566393e-01
1.362000000000000000e+04 5.253287387510605644e-01
1.362372363281250000e+04 5.250220344455714949e-01
1.363000000000000000e+04 5.243680429676297328e-01
1.363372656250000000e+04 5.239797618406215607e-01
1.364000000000000000e+04 5.230734219179493660e-01
1.364373046875000000e+04 5.225348665543266824e-01
1.365000000000000000e+04 5.213756040696352345e-01
1.365373242187500000e+04 5.208455196753742911e-01
1.366000000000000000e+04 5.197902179768366659e-01
1.366373535156250000e+04 5.190028848630259262e-01
1.367000000000000000e+04 5.174261331652184603e-01
1.367373828125000000e+04 5.164866415921307574e-01
1.368000000000000000e+04 5.146306477993454198e-01
1.368374023437500000e+04 5.135238495781107027e-01
1.369000000000000000e+04 5.115797693532164736e-01
1.369374316406250000e+04 5.104192236425352247e-01
1.370000000000000000e+04 5.084647670414955689e-01
1.370374609375000000e+04 5.072965796804262961e-01
1.371000000000000000e+04 5.053492944247698349e-01
1.371374902343750000e+04 5.041839417250163491e-01
1.372000000000000000e+04 5.024939319854664355e-01
1.372375097656250000e+04 5.014814285801156846e-01
1.373000000000000000e+04 5.000945309133111305e-01
1.373375390625000000e+04 4.992625555833287709e-01
1.374000000000000000e+04 4.980439429371828486e-01
1.374375683593750000e+04 4.974649198136235628e-01
1.375000000000000000e+04 4.966994970365948281e-01
1.375375878906250000e+04 4.960861769307969293e-01
1.376000000000000000e+04 4.954975365434238221e-01
1.376376171875000000e+04 4.951427160794300009e-01
1.377000000000000000e+04 4.949846945064221293e-01
1.377376464843750000e+04 4.948886450862022279e-01
1.378000000000000000e+04 4.950802817793867328e-01
1.378376757812500000e+04 4.951948517227616753e-01
1.379000000000000000e+04 4.956049565104810317e-01
1.379376953125000000e+04 4.958514380955679757e-01
1.380000000000000000e+04 4.965049335131466179e-01
1.380377343750000000e+04 4.970072998990138213e-01
1.381000000000000000e+04 4.977925933873915132e-01
1.381377636718750000e+04 4.982674295429624367e-01
1.382000000000000000e+04 4.987811197991497414e-01
1.382377832031250000e+04 4.990918565573519983e-01
1.383000000000000000e+04 4.991955914944741779e-01
1.383378125000000000e+04 5.000080659477341705e-01
1.384000000000000000e+04 5.008097692504270837e-01
1.384378417968750000e+04 5.012979807499154949e-01
1.385000000000000000e+04 5.013835262846420004e-01
1.385378710937500000e+04 5.015905420721900043e-01
1.386000000000000000e+04 5.011241570747695384e-01
1.386378906250000000e+04 5.006827352867002645e-01
1.387000000000000000e+04 4.992112144320996481e-01
1.387379199218750000e+04 4.983103842755132740e-01
1.388000000000000000e+04 4.962896012902708320e-01
1.388379492187500000e+04 4.950512229266886277e-01
1.389000000000000000e+04 4.927267861227820345e-01
1.389379785156250000e+04 4.913006504870909286e-01
1.390000000000000000e+04 4.890368798265118389e-01
1.390379980468750000e+04 4.876465888111106706e-01
1.391000000000000000e+04 4.855315119282068714e-01
1.391380273437500000e+04 4.842310994197438490e-01
1.392000000000000000e+04 4.827204069667955788e-01
1.392380566406250000e+04 4.817902712676381261e-01
1.393000000000000000e+04 4.808346219687712475e-01
1.393380761718750000e+04 4.802454365200365394e-01
1.394000000000000000e+04 4.791987611434839756e-01
1.394381054687500000e+04 4.785528158257232878e-01
1.395000000000000000e+04 4.763375334143331030e-01
1.395381445312500000e+04 4.749690018430317018e-01
1.396000000000000000e+04 4.699750895050043842e-01
1.396381738281250000e+04 4.668864301958146057e-01
1.397000000000000000e+04 4.568643474793893655e-01
1.397381933593750000e+04 4.506603362992439576e-01
1.398000000000000000e+04 4.335544357746435873e-01
1.398382226562500000e+04 4.229542706805540786e-01
1.399000000000000000e+04 3.983682346482692593e-01
1.399382519531250000e+04 3.831141877991789957e-01
1.400000000000000000e+04 3.520559384426699689e-01
1.400382714843750000e+04 3.326429705383815438e-01
1.401000000000000000e+04 2.966745259877653917e-01
1.401383007812500000e+04 2.743348293061940169e-01
1.402000000000000000e+04 2.380157504294027893e-01
1.402383300781250000e+04 2.154303391730042483e-01
1.403000000000000000e+04 1.816736471007975584e-01
1.403383593750000000e+04 1.606556859560027972e-01
1.404000000000000000e+04 1.326578211993608980e-01
1.404383789062500000e+04 1.152083380794995532e-01
1.405000000000000000e+04 9.345374606970312248e-02
1.405384082031250000e+04 7.988070158045926239e-02
1.406000000000000000e+04 6.401980878786736606e-02
1.406384375000000000e+04 5.411168835151281692e-02
1.407000000000000000e+04 4.255277491902875742e-02
1.407384570312500000e+04 3.533605929273345853e-02
1.408000000000000000e+04 2.772042614946123099e-02
1.408384863281250000e+04 2.294208437636392067e-02
1.409000000000000000e+04 1.831419541797012218e-02
1.409385156250000000e+04 1.541365640095813429e-02
1.410000000000000000e+04 1.231690745223330656e-02
1.410385546875000000e+04 1.037312051736261932e-02
1.411000000000000000e+04 8.273563431398085061e-03
1.411385742187500000e+04 6.954195520206149679e-03
1.412000000000000000e+04 5.773773541724783361e-03
1.412386035156250000e+04 5.031193520284122853e-03
1.413000000000000000e+04 4.208063086087837981e-03
1.413386328125000000e+04 3.689608117819288650e-03
1.414000000000000000e+04 3.183670063070588238e-03
1.414386523437500000e+04 2.864687869029645430e-03
1.415000000000000000e+04 2.311493854213013226e-03
1.415386816406250000e+04 1.962342967658115694e-03
1.416000000000000000e+04 1.598634355796239078e-03
1.416387109375000000e+04 1.368794538832615463e-03
1.417000000000000000e+04 1.110169262172677491e-03
1.417387402343750000e+04 9.465334191631401229e-04
1.418000000000000000e+04 7.106379427306771255e-04
1.418387597656250000e+04 5.612371109241307953e-04
1.419000000000000000e+04 5.646148496918856029e-04
1.419387890625000000e+04 5.665766113086902504e-04
1.420000000000000000e+04 5.016423696409553828e-04
1.420388183593750000e+04 4.604395641134202428e-04
1.421000000000000000e+04 3.946371545806183078e-04
1.421388378906250000e+04 3.528629946123210625e-04
1.422000000000000000e+04 3.184372565006986927e-04
1.422388671875000000e+04 2.965588675416888664e-04
1.423000000000000000e+04 2.445382521796691643e-04
1.423388964843750000e+04 2.114371262258636392e-04
1.424000000000000000e+04 1.805887360444534406e-04
1.424389257812500000e+04 1.609354613203795644e-04
1.425000000000000000e+04 1.446617553635511978e-04
1.425389453125000000e+04 1.342837231764889227e-04
1.426000000000000000e+04 1.325380807563529095e-04
1.426389843750000000e+04 1.314233780764004331e-04
1.427000000000000000e+04 1.102912682462115846e-04
1.427390136718750000e+04 9.677833101978584212e-05
1.428000000000000000e+04 8.005748200745540230e-05
1.428390429687500000e+04 6.935215941298232230e-05
1.429000000000000000e+04 6.804327500242844803e-05
1.429390625000000000e+04 6.720445411975845549e-05
1.430000000000000000e+04 6.325449504777550620e-05
1.430390917968750000e+04 6.072038918670960789e-05
1.431000000000000000e+04 5.893736721618615128e-05
1.432000000000000000e+04 5.600963518747185976e-05
