#LRIS_V
#photon
#Keck LRIS v band http://svo2.cab.inta-csic.es/theory/fps/index.php?id=Keck/LRIS.V&&mode=browse&gname=Keck&gname2=LRIS#filter 
4247.95 0.00609257
4250.39 0.00663634
4252.84 0.00638732
4255.29 0.00498948
4257.73 0.00594442
4260.18 0.00551975
4262.62 0.00623505
4265.07 0.00594818
4267.51 0.00600413
4269.96 0.00603607
4272.41 0.00550779
4274.85 0.00440423
4277.3 0.00539522
4279.74 0.00470555
4282.19 0.00453664
4284.63 0.00462938
4287.08 0.00572602
4289.53 0.00500654
4291.97 0.00421135
4294.42 0.00444633
4296.86 0.00512154
4299.31 0.00499023
4301.75 0.00368152
4304.2 0.00511053
4306.65 0.00535005
4309.09 0.00415414
4311.54 0.00499862
4313.98 0.00396843
4316.43 0.00366872
4318.87 0.00381311
4321.32 0.00374904
4323.77 0.0047332
4326.21 0.00417609
4328.66 0.00365168
4331.1 0.00306136
4333.55 0.00457447
4335.99 0.00415002
4338.44 0.004459
4340.89 0.00365406
4343.33 0.00328324
4345.78 0.00416916
4348.22 0.00501886
4350.67 0.00485771
4353.12 0.00508031
4355.56 0.00383644
4358.01 0.00416482
4360.45 0.00359571
4362.9 0.00399379
4365.34 0.00323139
4367.79 0.00350576
4370.24 0.00461946
4372.68 0.00496688
4375.13 0.00412363
4377.57 0.0039636
4380.02 0.00508795
4382.46 0.00381254
4384.91 0.00318147
4387.36 0.00409329
4389.8 0.0030375
4392.25 0.00531941
4394.69 0.00577654
4397.14 0.00426494
4399.58 0.0041816
4402.03 0.00508329
4404.48 0.00502214
4406.92 0.00496842
4409.37 0.00431219
4411.81 0.00400579
4414.26 0.00491509
4416.7 0.0044141
4419.15 0.0031733
4421.6 0.00444519
4424.04 0.00490927
4426.49 0.00419807
4428.93 0.00497254
4431.38 0.00404291
4433.82 0.00392485
4436.27 0.00374125
4438.72 0.0035504
4441.16 0.00418684
4443.61 0.00397547
4446.05 0.00389533
4448.5 0.00356078
4450.94 0.00457867
4453.39 0.00450924
4455.84 0.00422409
4458.28 0.00378667
4460.73 0.00406117
4463.17 0.00352472
4465.62 0.00367286
4468.06 0.00350132
4470.51 0.00312632
4472.96 0.00416104
4475.4 0.00471993
4477.85 0.00468534
4480.29 0.00343336
4482.74 0.00380644
4485.18 0.0041827
4487.63 0.00421995
4490.08 0.00499698
4492.52 0.00421466
4494.97 0.00310484
4497.41 0.00358336
4499.86 0.00416653
4502.3 0.00430317
4504.75 0.0035033
4507.2 0.00365823
4509.64 0.00383776
4512.09 0.00416071
4514.53 0.00427099
4516.98 0.00385703
4519.42 0.00415034
4521.87 0.00437803
4524.32 0.00378357
4526.76 0.00321274
4529.21 0.00297179
4531.65 0.00421186
4534.1 0.00377662
4536.54 0.00419096
4538.99 0.00396479
4541.44 0.00361859
4543.88 0.00323156
4546.33 0.00371684
4548.77 0.00439536
4551.22 0.00405662
4553.66 0.00361241
4556.11 0.0037431
4558.56 0.00432064
4561.0 0.00448283
4563.45 0.00394249
4565.89 0.0033888
4568.34 0.00323727
4570.78 0.00457468
4573.23 0.00491154
4575.68 0.00403375
4578.12 0.00385874
4580.57 0.00394497
4583.01 0.00439956
4585.46 0.00382516
4587.9 0.00385306
4590.35 0.00455027
4592.8 0.00439262
4595.24 0.00401635
4597.69 0.0038964
4600.13 0.0038974
4602.58 0.00421823
4605.02 0.00399312
4607.47 0.0044035
4609.92 0.00398275
4612.36 0.00440256
4614.81 0.0042499
4617.25 0.00356149
4619.7 0.00451457
4622.14 0.00466116
4624.59 0.0047389
4627.04 0.00431682
4629.48 0.00417767
4631.93 0.00374452
4634.37 0.00370257
4636.82 0.00430572
4639.26 0.00400758
4641.71 0.00380866
4644.16 0.00401203
4646.6 0.00363799
4649.05 0.00351558
4651.49 0.00422239
4653.94 0.0044726
4656.38 0.00410751
4658.83 0.00380022
4661.28 0.0044041
4663.72 0.00458547
4666.17 0.00373675
4668.61 0.00369291
4671.06 0.00408634
4673.5 0.00446025
4675.95 0.00427922
4678.4 0.00398147
4680.84 0.00427091
4683.29 0.00495825
4685.73 0.00486291
4688.18 0.00465826
4690.62 0.00474194
4693.07 0.00431761
4695.52 0.00412484
4697.96 0.00453854
4700.41 0.00489102
4702.85 0.00494672
4705.3 0.00465512
4707.74 0.00507812
4710.19 0.00475731
4712.64 0.00478896
4715.08 0.00463406
4717.53 0.00485198
4719.97 0.00484924
4722.42 0.00536418
4724.86 0.00533549
4727.31 0.00492976
4729.76 0.0053097
4732.2 0.00551743
4734.65 0.00511318
4737.09 0.00559154
4739.54 0.00557971
4741.98 0.00558586
4744.43 0.0060633
4746.88 0.00580641
4749.32 0.00587802
4751.77 0.00651579
4754.21 0.00710498
4756.66 0.00709984
4759.1 0.00740656
4761.55 0.0076343
4764.0 0.00791841
4766.44 0.00802484
4768.89 0.00827743
4771.33 0.00858799
4773.78 0.00986294
4776.22 0.0102675
4778.67 0.0111952
4781.12 0.0112362
4783.56 0.0119259
4786.01 0.0132223
4788.45 0.0143738
4790.9 0.0151264
4793.34 0.0160887
4795.79 0.0173192
4798.24 0.0184915
4800.68 0.0203509
4803.13 0.0216115
4805.57 0.0235895
4808.02 0.0258095
4810.46 0.0276339
4812.91 0.0293618
4815.36 0.031713
4817.8 0.034555
4820.25 0.0371779
4822.69 0.0399736
4825.14 0.0434273
4827.58 0.0470917
4830.03 0.0505011
4832.48 0.0543258
4834.92 0.0580642
4837.37 0.0625324
4839.81 0.0671938
4842.26 0.0717846
4844.7 0.0767284
4847.15 0.0817528
4849.6 0.0877766
4852.04 0.0933147
4854.49 0.0991183
4856.93 0.10579
4859.38 0.112277
4861.82 0.11884
4864.27 0.125438
4866.72 0.132659
4869.16 0.140375
4871.61 0.147871
4874.05 0.155461
4876.5 0.163622
4878.94 0.171765
4881.39 0.180146
4883.84 0.188286
4886.28 0.196671
4888.73 0.205184
4891.17 0.214509
4893.62 0.223919
4896.06 0.232649
4898.51 0.241457
4900.96 0.251466
4903.4 0.260691
4905.85 0.270445
4908.29 0.279606
4910.74 0.28875
4913.18 0.298708
4915.63 0.308189
4918.08 0.317402
4920.52 0.32634
4922.97 0.335805
4925.41 0.34507
4927.86 0.354327
4930.3 0.364243
4932.75 0.373481
4935.2 0.382627
4937.64 0.391078
4940.09 0.400035
4942.53 0.409246
4944.98 0.418086
4947.42 0.425903
4949.87 0.435152
4952.32 0.443466
4954.76 0.451246
4957.21 0.459846
4959.65 0.468065
4962.1 0.47552
4964.54 0.483111
4966.99 0.49149
4969.44 0.499099
4971.88 0.5067
4974.33 0.513857
4976.77 0.520615
4979.22 0.527319
4981.66 0.534579
4984.11 0.541405
4986.56 0.548088
4989.0 0.554574
4991.45 0.560752
4993.89 0.566755
4996.34 0.572897
4998.78 0.578732
5001.23 0.58432
5003.68 0.590477
5006.12 0.596182
5008.57 0.601299
5011.01 0.606976
5013.46 0.612358
5015.9 0.61731
5018.35 0.622193
5020.8 0.627393
5023.24 0.631479
5025.69 0.63631
5028.13 0.641592
5030.58 0.645432
5033.02 0.649711
5035.47 0.653497
5037.92 0.657889
5040.36 0.661644
5042.81 0.665878
5045.25 0.669598
5047.7 0.673537
5050.14 0.677093
5052.59 0.680322
5055.04 0.684064
5057.48 0.687366
5059.93 0.690422
5062.37 0.694392
5064.82 0.697186
5067.27 0.700145
5069.71 0.703007
5072.16 0.705606
5074.6 0.708448
5077.05 0.711979
5079.49 0.714503
5081.94 0.71663
5084.39 0.719221
5086.83 0.721761
5089.28 0.723807
5091.72 0.726247
5094.17 0.728565
5096.61 0.73115
5099.06 0.733631
5101.51 0.735402
5103.95 0.737217
5106.4 0.739641
5108.84 0.741511
5111.29 0.743259
5113.73 0.745005
5116.18 0.746669
5118.63 0.748505
5121.07 0.750285
5123.52 0.752186
5125.96 0.753542
5128.41 0.755307
5130.85 0.756745
5133.3 0.758572
5135.75 0.759816
5138.19 0.761491
5140.64 0.762713
5143.08 0.764181
5145.53 0.765483
5147.97 0.766768
5150.42 0.768468
5152.87 0.769517
5155.31 0.770004
5157.76 0.771293
5160.2 0.772748
5162.65 0.77394
5165.09 0.774916
5167.54 0.775843
5169.99 0.776914
5172.43 0.778049
5174.88 0.778492
5177.32 0.778718
5179.77 0.780802
5182.21 0.781608
5184.66 0.782307
5187.11 0.783153
5189.55 0.784088
5192.0 0.784576
5194.44 0.785007
5196.89 0.785357
5199.33 0.786188
5201.78 0.787337
5204.23 0.787929
5206.67 0.788482
5209.12 0.789267
5211.56 0.789402
5214.01 0.789736
5216.45 0.790429
5218.9 0.790448
5221.35 0.790798
5223.79 0.792141
5226.24 0.792312
5228.68 0.791682
5231.13 0.79244
5233.57 0.793497
5236.02 0.793674
5238.47 0.794433
5240.91 0.794169
5243.36 0.794621
5245.8 0.794571
5248.25 0.794413
5250.69 0.794913
5253.14 0.795079
5255.59 0.7949
5258.03 0.795601
5260.48 0.795891
5262.92 0.795683
5265.37 0.796109
5267.81 0.796119
5270.26 0.795877
5272.71 0.795888
5275.15 0.796652
5277.6 0.796869
5280.04 0.795983
5282.49 0.796157
5284.93 0.796236
5287.38 0.795664
5289.83 0.796211
5292.27 0.795904
5294.72 0.795987
5297.16 0.796144
5299.61 0.795482
5302.05 0.795871
5304.5 0.795694
5306.95 0.795585
5309.39 0.79564
5311.84 0.795154
5314.28 0.794791
5316.73 0.794584
5319.17 0.79425
5321.62 0.794097
5324.07 0.793833
5326.51 0.793656
5328.96 0.793045
5331.4 0.792756
5333.85 0.792265
5336.29 0.792151
5338.74 0.791619
5341.19 0.791315
5343.63 0.790861
5346.08 0.79085
5348.52 0.790096
5350.97 0.789101
5353.41 0.789448
5355.86 0.788851
5358.31 0.78879
5360.75 0.78753
5363.2 0.787244
5365.64 0.787116
5368.09 0.786514
5370.53 0.785757
5372.98 0.785097
5375.43 0.784465
5377.87 0.783728
5380.32 0.783494
5382.76 0.782708
5385.21 0.782071
5387.65 0.781738
5390.1 0.780942
5392.55 0.780364
5394.99 0.779841
5397.44 0.779247
5399.88 0.777911
5402.33 0.776722
5404.77 0.777174
5407.22 0.776411
5409.67 0.774994
5412.11 0.774065
5414.56 0.773063
5417.0 0.772999
5419.45 0.772227
5421.89 0.771195
5424.34 0.770019
5426.79 0.769435
5429.23 0.768945
5431.68 0.767969
5434.12 0.767012
5436.57 0.765898
5439.01 0.764395
5441.46 0.76364
5443.91 0.762653
5446.35 0.762082
5448.8 0.760592
5451.24 0.760272
5453.69 0.758849
5456.13 0.757685
5458.58 0.757205
5461.03 0.755677
5463.47 0.754213
5465.92 0.75308
5468.36 0.752723
5470.81 0.751606
5473.25 0.750097
5475.7 0.749323
5478.15 0.747857
5480.59 0.746575
5483.04 0.745414
5485.48 0.744554
5487.93 0.743091
5490.37 0.741866
5492.82 0.740944
5495.27 0.740005
5497.71 0.738326
5500.16 0.736831
5502.6 0.735681
5505.05 0.7346
5507.49 0.732991
5509.94 0.731687
5512.39 0.730453
5514.83 0.728971
5517.28 0.727601
5519.72 0.725799
5522.17 0.725365
5524.61 0.723877
5527.06 0.721947
5529.51 0.720641
5531.95 0.719316
5534.4 0.717336
5536.84 0.716081
5539.29 0.714544
5541.73 0.713207
5544.18 0.711796
5546.63 0.710434
5549.07 0.709055
5551.52 0.707291
5553.96 0.7055
5556.41 0.704089
5558.85 0.702402
5561.3 0.700673
5563.75 0.699429
5566.19 0.697263
5568.64 0.695563
5571.08 0.694289
5573.53 0.692635
5575.97 0.690282
5578.42 0.689082
5580.87 0.687893
5583.31 0.68567
5585.76 0.683809
5588.2 0.681919
5590.65 0.680233
5593.09 0.678764
5595.54 0.67705
5597.99 0.674908
5600.43 0.673209
5602.88 0.671308
5605.32 0.66901
5607.77 0.667647
5610.21 0.665579
5612.66 0.66367
5615.11 0.661777
5617.55 0.659902
5620.0 0.657645
5622.44 0.65565
5624.89 0.653863
5627.33 0.652373
5629.78 0.650173
5632.23 0.648066
5634.67 0.646079
5637.12 0.64384
5639.56 0.641753
5642.01 0.640182
5644.45 0.638205
5646.9 0.636016
5649.35 0.63382
5651.79 0.631673
5654.24 0.629764
5656.68 0.628105
5659.13 0.625794
5661.57 0.623067
5664.02 0.620952
5666.47 0.619349
5668.91 0.617294
5671.36 0.614825
5673.8 0.612557
5676.25 0.610227
5678.69 0.608621
5681.14 0.606535
5683.59 0.604028
5686.03 0.602056
5688.48 0.599567
5690.92 0.597197
5693.37 0.595008
5695.81 0.592652
5698.26 0.590684
5700.71 0.588173
5703.15 0.585948
5705.6 0.583829
5708.04 0.581478
5710.49 0.579002
5712.93 0.576677
5715.38 0.574352
5717.83 0.571734
5720.27 0.569615
5722.72 0.567577
5725.16 0.565222
5727.61 0.562445
5730.05 0.559913
5732.5 0.558303
5734.95 0.555858
5737.39 0.552967
5739.84 0.550568
5742.28 0.548412
5744.73 0.545998
5747.17 0.543468
5749.62 0.540863
5752.07 0.538436
5754.51 0.536369
5756.96 0.533946
5759.4 0.531375
5761.85 0.528859
5764.3 0.526264
5766.74 0.524086
5769.19 0.521509
5771.63 0.519081
5774.08 0.516647
5776.52 0.513877
5778.97 0.511516
5781.42 0.509057
5783.86 0.50634
5786.31 0.504058
5788.75 0.501818
5791.2 0.499413
5793.64 0.496793
5796.09 0.494023
5798.54 0.491403
5800.98 0.488757
5803.43 0.486521
5805.87 0.484225
5808.32 0.48194
5810.76 0.479078
5813.21 0.476452
5815.66 0.474096
5818.1 0.471277
5820.55 0.468505
5822.99 0.466284
5825.44 0.463748
5827.88 0.461219
5830.33 0.45847
5832.78 0.456002
5835.22 0.453274
5837.67 0.450903
5840.11 0.44834
5842.56 0.445851
5845.0 0.443412
5847.45 0.440905
5849.9 0.438346
5852.34 0.435717
5854.79 0.432477
5857.23 0.430415
5859.68 0.42786
5862.12 0.425196
5864.57 0.422714
5867.02 0.420003
5869.46 0.417472
5871.91 0.415148
5874.35 0.412807
5876.8 0.410031
5879.24 0.40716
5881.69 0.404605
5884.14 0.402348
5886.58 0.399669
5889.03 0.397187
5891.47 0.394558
5893.92 0.392248
5896.36 0.389442
5898.81 0.386764
5901.26 0.384284
5903.7 0.38175
5906.15 0.379246
5908.59 0.376864
5911.04 0.374246
5913.48 0.371646
5915.93 0.369247
5918.38 0.366729
5920.82 0.364101
5923.27 0.361631
5925.71 0.358898
5928.16 0.356477
5930.6 0.354185
5933.05 0.351608
5935.5 0.349091
5937.94 0.346342
5940.39 0.344209
5942.83 0.341785
5945.28 0.339206
5947.72 0.336632
5950.17 0.33425
5952.62 0.331732
5955.06 0.329264
5957.51 0.326829
5959.95 0.324495
5962.4 0.322113
5964.84 0.31953
5967.29 0.317162
5969.74 0.314707
5972.18 0.31241
5974.63 0.309974
5977.07 0.307704
5979.52 0.305456
5981.96 0.303048
5984.41 0.300609
5986.86 0.298004
5989.3 0.29566
5991.75 0.29331
5994.19 0.290889
5996.64 0.288764
5999.08 0.286318
6001.53 0.283829
6003.98 0.281656
6006.42 0.279469
6008.87 0.276992
6011.31 0.274654
6013.76 0.272386
6016.2 0.270137
6018.65 0.267898
6021.1 0.265989
6023.54 0.263584
6025.99 0.261309
6028.43 0.259015
6030.88 0.256674
6033.32 0.254512
6035.77 0.252519
6038.22 0.250276
6040.66 0.24786
6043.11 0.245631
6045.55 0.243399
6048.0 0.241431
6050.44 0.239149
6052.89 0.237082
6055.34 0.235177
6057.78 0.23309
6060.23 0.230932
6062.67 0.228795
6065.12 0.226687
6067.56 0.224785
6070.01 0.222466
6072.46 0.220487
6074.9 0.21844
6077.35 0.216336
6079.79 0.214406
6082.24 0.212284
6084.68 0.210452
6087.13 0.208418
6089.58 0.206674
6092.02 0.204398
6094.47 0.202293
6096.91 0.200583
6099.36 0.198606
6101.8 0.19673
6104.25 0.194704
6106.7 0.192855
6109.14 0.190967
6111.59 0.189068
6114.03 0.187358
6116.48 0.18541
6118.92 0.183624
6121.37 0.181748
6123.82 0.179711
6126.26 0.177865
6128.71 0.176096
6131.15 0.174376
6133.6 0.172694
6136.04 0.170886
6138.49 0.169201
6140.94 0.167392
6143.38 0.165695
6145.83 0.163943
6148.27 0.16224
6150.72 0.160595
6153.16 0.158898
6155.61 0.157154
6158.06 0.155483
6160.5 0.153748
6162.95 0.152236
6165.39 0.150505
6167.84 0.148877
6170.28 0.147357
6172.73 0.145729
6175.18 0.144231
6177.62 0.142574
6180.07 0.141061
6182.51 0.139492
6184.96 0.137903
6187.4 0.136469
6189.85 0.134925
6192.3 0.133337
6194.74 0.131955
6197.19 0.130466
6199.63 0.128962
6202.08 0.127469
6204.52 0.12606
6206.97 0.124624
6209.42 0.123329
6211.86 0.121845
6214.31 0.120439
6216.75 0.119234
6219.2 0.117745
6221.64 0.116268
6224.09 0.114855
6226.54 0.11327
6228.98 0.11232
6231.43 0.11107
6233.87 0.109785
6236.32 0.108477
6238.76 0.107188
6241.21 0.105876
6243.66 0.104597
6246.1 0.103369
6248.55 0.102058
6250.99 0.100805
6253.44 0.09972
6255.88 0.098612
6258.33 0.0973241
6260.78 0.0961512
6263.22 0.0948164
6265.67 0.0936743
6268.11 0.0925447
6270.56 0.0913787
6273.0 0.0902411
6275.45 0.089288
6277.9 0.0879982
6280.34 0.0869771
6282.79 0.0858344
6285.23 0.0847132
6287.68 0.0838312
6290.12 0.0827627
6292.57 0.0815094
6295.02 0.0805229
6297.46 0.0794898
6299.91 0.078475
6302.35 0.0775263
6304.8 0.07661
6307.24 0.0756274
6309.69 0.07464
6312.14 0.0736499
6314.58 0.0727769
6317.03 0.07179
6319.47 0.0707833
6321.92 0.0699694
6324.36 0.0689934
6326.81 0.0679689
6329.26 0.0671485
6331.7 0.0661742
6334.15 0.065305
6336.59 0.0644504
6339.04 0.0636394
6341.48 0.0627731
6343.93 0.0618484
6346.38 0.0609589
6348.82 0.0601524
6351.27 0.0593694
6353.71 0.0585355
6356.16 0.0578219
6358.6 0.0570054
6361.05 0.0561965
6363.5 0.0556106
6365.94 0.0547208
6368.39 0.0539894
6370.83 0.0532151
6373.28 0.0523812
6375.72 0.0517083
6378.17 0.0509488
6380.62 0.0502874
6383.06 0.0495758
6385.51 0.0487382
6387.95 0.0481784
6390.4 0.0474609
6392.84 0.046808
6395.29 0.0462085
6397.74 0.0454785
6400.18 0.0448528
6402.63 0.0442162
6405.07 0.0435225
6407.52 0.0429197
6409.96 0.0423091
6412.41 0.0416528
6414.86 0.0409953
6417.3 0.0404045
6419.75 0.0398813
6422.19 0.0392819
6424.64 0.0387293
6427.08 0.0381927
6429.53 0.0376853
6431.98 0.0370552
6434.42 0.0365784
6436.87 0.0360157
6439.31 0.0354697
6441.76 0.0348957
6444.2 0.0342821
6446.65 0.0338202
6449.1 0.0332914
6451.54 0.0328491
6453.99 0.0324441
6456.43 0.0319232
6458.88 0.0313512
6461.32 0.0308777
6463.77 0.0304659
6466.22 0.0299743
6468.66 0.0295496
6471.11 0.029055
6473.55 0.0286286
6476.0 0.0281942
6478.45 0.027761
6480.89 0.0272886
6483.34 0.0268118
6485.78 0.0264191
6488.23 0.0260473
6490.67 0.0256908
6493.12 0.0252638
6495.57 0.0248592
6498.01 0.0244273
6500.46 0.0239893
6502.9 0.0235994
6505.35 0.0233376
6507.79 0.0229932
6510.24 0.0225877
6512.69 0.022239
6515.13 0.0219214
6517.58 0.0215418
6520.02 0.0211617
6522.47 0.0208063
6524.91 0.0205128
6527.36 0.0201471
6529.81 0.0198084
6532.25 0.0194577
6534.7 0.0191919
6537.14 0.01888
6539.59 0.018571
6542.03 0.0183409
6544.48 0.0179804
6546.93 0.0177465
6549.37 0.0175092
6551.82 0.0171761
6554.26 0.0169436
6556.71 0.0165598
6559.15 0.0162311
6561.6 0.01602
6564.05 0.0156441
6566.49 0.0154741
6568.94 0.0152783
6571.38 0.0150126
6573.83 0.014746
6576.27 0.0144999
6578.72 0.0141952
6581.17 0.0139053
6583.61 0.0137073
6586.06 0.0135594
6588.5 0.0132938
6590.95 0.013093
6593.39 0.0128774
6595.84 0.0126519
6598.29 0.0124642
6600.73 0.0122984
6603.18 0.0120528
6605.62 0.0118226
6608.07 0.0116465
6610.51 0.0114081
6612.96 0.0112179
6615.41 0.0110381
6617.85 0.0108996
6620.3 0.0107689
6622.74 0.0104922
6625.19 0.0102794
6627.63 0.0101277
6630.08 0.00990166
6632.53 0.00974874
6634.97 0.00960435
6637.42 0.0094487
6639.86 0.00928778
6642.31 0.00909228
6644.75 0.0089347
6647.2 0.00883672
6649.65 0.00865313
6652.09 0.00853814
6654.54 0.00845705
6656.98 0.00821345
6659.43 0.00806865
6661.87 0.00793019
6664.32 0.00776927
6666.77 0.0076557
6669.21 0.00750326
6671.66 0.00735211
6674.1 0.00725895
6676.55 0.00716018
6678.99 0.0070228
6681.44 0.00690331
6683.89 0.00678253
6686.33 0.00657611
6688.78 0.0064838
6691.22 0.00639017
6693.67 0.00628687
6696.11 0.00619487
6698.56 0.006094
6701.01 0.00597951
6703.45 0.0058078
6705.9 0.00576801
6708.34 0.00572694
6710.79 0.00548929
6713.23 0.00534247
6715.68 0.00528936
6718.13 0.00527111
6720.57 0.00507976
6723.02 0.00493354
6725.46 0.00489372
6727.91 0.00480312
6730.35 0.00465536
6732.8 0.00459497
6735.25 0.0045424
6737.69 0.0044537
6740.14 0.00436207
6742.58 0.00429649
6745.03 0.00419436
6747.47 0.00412753
6749.92 0.00403635
6752.37 0.00397477
6754.81 0.00384849
6757.26 0.00380706
6759.7 0.00376251
6762.15 0.00366908
6764.59 0.00363545
6767.04 0.00358888
6769.49 0.00349149
6771.93 0.00345603
6774.38 0.00345467
6776.82 0.0033284
6779.27 0.00326298
6781.71 0.00316453
6784.16 0.00309476
6786.61 0.00300883
6789.05 0.00298098
6791.5 0.00296337
6793.94 0.00294562
6796.39 0.00283929
6798.83 0.0027442
6801.28 0.00270433
6803.73 0.00266647
6806.17 0.00262822
6808.62 0.00259001
6811.06 0.00257048
6813.51 0.00248872
6815.95 0.0024552
6818.4 0.00239505
6820.85 0.00243703
6823.29 0.0023376
6825.74 0.00228986
6828.18 0.00227658
6830.63 0.00225587
6833.07 0.00215831
6835.52 0.0021128
6837.97 0.002139
6840.41 0.00208429
6842.86 0.00203052
6845.3 0.00197108
6847.75 0.00196946
6850.19 0.00191847
6852.64 0.00186065
6855.09 0.00186534
6857.53 0.00176613
6859.98 0.00178538
6862.42 0.00174329
6864.87 0.00165805
6867.31 0.00167457
6869.76 0.00166384
6872.21 0.00166834
6874.65 0.00159365
6877.1 0.00155124
6879.54 0.00156939
6881.99 0.00151946
6884.43 0.00147762
6886.88 0.00144283
6889.33 0.00143425
6891.77 0.00143326
6894.22 0.00135371
6896.66 0.00132633
6899.11 0.00131722
6901.55 0.00132208
6904.0 0.0012819
6906.45 0.00132795
6908.89 0.00128009
6911.34 0.00115574
6913.78 0.00114555
6916.23 0.00115959
6918.67 0.00113648
6921.12 0.00109162
6923.57 0.00117068
6926.01 0.00114896
6928.46 0.00107321
6930.9 0.00105419
6933.35 0.00105972
6935.79 0.00103645
6938.24 0.000986864
6940.69 0.000953836
6943.13 0.000919924
6945.58 0.000936156
6948.02 0.000895736
6950.47 0.00089987
6952.91 0.000910594
6955.36 0.000904077
6957.81 0.000869908
6960.25 0.000914958
6962.7 0.000921186
6965.14 0.000840393
6967.59 0.000862031
6970.03 0.000816549
6972.48 0.00080404
6974.93 0.000793803
6977.37 0.00074018
6979.82 0.000801718
6982.26 0.000798777
6984.71 0.000757248
6987.15 0.000743698
6989.6 0.000712146
6992.05 0.000721335
6994.49 0.000722499
6996.94 0.000668626
6999.38 0.000637613
7001.83 0.000674426
7004.27 0.000690791
7006.72 0.000625298
7009.17 0.000604925
7011.61 0.000726875
7014.06 0.000646151
7016.5 0.000583355
7018.95 0.000599561
7021.39 0.000591807
7023.84 0.000608817
7026.29 0.000568225
7028.73 0.000583644
7031.18 0.000540319
7033.62 0.00052402
7036.07 0.000569816
7038.51 0.000530251
7040.96 0.000555438
7043.41 0.000470371
7045.85 0.000521026
7048.3 0.000507251
7050.74 0.000500948
7053.19 0.000502031
7055.63 0.000509291
7058.08 0.000484344
7060.53 0.000427828
7062.97 0.000454115
7065.42 0.000462924
7067.86 0.000414441
7070.31 0.000392838
7072.75 0.000368202
7075.2 0.000404233
7077.65 0.000472225
7080.09 0.000393129
7082.54 0.000466635
7084.98 0.000435912
7087.43 0.000398968
7089.87 0.000380543
7092.32 0.000333344
7094.77 0.000392443
7097.21 0.000405148
7099.66 0.000395331
7102.1 0.00036414
7104.55 0.000405636
7106.99 0.000419002
7109.44 0.000373299
7111.89 0.000381344
7114.33 0.00037586
7116.78 0.000382461
7119.22 0.000357621
7121.67 0.000375575
7124.11 0.00032943
7126.56 0.000373623
7129.01 0.000362901
7131.45 0.000356203
7133.9 0.000393686
7136.34 0.000377482
7138.79 0.000346422
7141.23 0.000356116
7143.68 0.000292589
7146.13 0.000319495
7148.57 0.000316421
7151.02 0.000270672
7153.46 0.000256664
7155.91 0.000233198
7158.35 0.000297777
7160.8 0.000334985
7163.25 0.00031204
7165.69 0.000315218
7168.14 0.000310957
7170.58 0.000310676
7173.03 0.000266136
7175.47 0.000318588
7177.92 0.000345388
7180.37 0.000267513
7182.81 0.000256305
7185.26 0.000292886
7187.7 0.000316437
7190.15 0.000314513
7192.6 0.000296734
7195.04 0.000241336
7197.49 0.000251823
7199.93 0.000294889
7202.38 0.00029371
7204.82 0.000277052
7207.27 0.000261657
7209.72 0.000262088
7212.16 0.000265731
7214.61 0.000268926
7217.05 0.00026889
7219.5 0.000248808
7221.94 0.000258752
7224.39 0.00026115
7226.84 0.000271759
7229.28 0.000286814
7231.73 0.000260539
7234.17 0.000252614
7236.62 0.000239834
7239.06 0.000249199
7241.51 0.000246199
7243.96 0.000234532
7246.4 0.00024943
7248.85 0.000237024
7251.29 0.000219861
7253.74 0.00025618
7256.18 0.000291206
7258.63 0.000252231
7261.08 0.000264172
7263.52 0.000243219
7265.97 0.000222148
7268.41 0.000269109
7270.86 0.00024359
7273.3 0.000236602
7275.75 0.000238413
7278.2 0.000230834
7280.64 0.000231883
7283.09 0.00023531
7285.53 0.00024469
7287.98 0.000297442
7290.42 0.000291019
7292.87 0.000238823
7295.32 0.00021467
7297.76 0.000202855
7300.21 0.000217175
7302.65 0.000187618
7305.1 0.000251348
7307.54 0.00029791
7309.99 0.000287159
7312.44 0.000243578
7314.88 0.000214691
7317.33 0.000256274
7319.77 0.000225742
7322.22 0.000249087
7324.66 0.000259576
7327.11 0.000239857
7329.56 0.000268472
7332.0 0.000230742
7334.45 0.000219128
7336.89 0.000245081
7339.34 0.00023841
7341.78 0.00022289
7344.23 0.000233187
7346.68 0.000251248
7349.12 0.000185437
7351.57 0.000217979
7354.01 0.000247527
7356.46 0.000274568
7358.9 0.000249228
7361.35 0.000264162
7363.8 0.000242352
7366.24 0.000231308
7368.69 0.000232969
7371.13 0.000216279
7373.58 0.000221112
7376.02 0.000234482
7378.47 0.000231746
7380.92 0.000222623
7383.36 0.000186787
7385.81 0.000201349
7388.25 0.000223503
7390.7 0.000226028
7393.14 0.000228353
7395.59 0.000252908
7398.04 0.000210108
7400.48 0.000225221
7402.93 0.000257851
7405.37 0.000245722
7407.82 0.000186328
7410.26 0.000177793
7412.71 0.000224271
7415.16 0.000212199
7417.6 0.000234894
7420.05 0.000262394
7422.49 0.000244406
7424.94 0.000248845
7427.38 0.000235346
7429.83 0.000210612
7432.28 0.000225559
7434.72 0.000230134
7437.17 0.000242063
7439.61 0.000250965
7442.06 0.000217975
7444.5 0.000185771
7446.95 0.000203419
7449.4 0.000218858
7451.84 0.000242841
7454.29 0.000278839
7456.73 0.000280023
7459.18 0.000261267
7461.62 0.000252877
7464.07 0.000291372
7466.52 0.000272798
7468.96 0.000285357
7471.41 0.000227355
7473.85 0.000209835
7476.3 0.000227877
7478.74 0.000237966
7481.19 0.000292234
7483.64 0.000265347
7486.08 0.000241788
7488.53 0.000251065
7490.97 0.000220429
7493.42 0.000211183
7495.86 0.000239006
7498.31 0.00028955
7500.76 0.000251623
7503.2 0.000237776
7505.65 0.000244813
7508.09 0.000266587
7510.54 0.000253104
7512.98 0.000212541
7515.43 0.000216021
7517.88 0.000236342
7520.32 0.000289243
7522.77 0.000233405
7525.21 0.000274113
7527.66 0.00020679
7530.1 0.000232288
7532.55 0.000208239
7535.0 0.000221036
7537.44 0.000266879
7539.89 0.000278799
7542.33 0.000236641
7544.78 0.00026733
7547.22 0.000259475
7549.67 0.000226714
7552.12 0.000218037
7554.56 0.000276867
7557.01 0.000245941
7559.45 0.000230139
7561.9 0.000253884
7564.34 0.000296674
7566.79 0.000263526
7569.24 0.00024394
7571.68 0.000277648
7574.13 0.000277064
7576.57 0.000273285
7579.02 0.000258442
7581.46 0.000198301
7583.91 0.000262191
7586.36 0.000252598
7588.8 0.000276963
7591.25 0.000252859
7593.69 0.000230514
7596.14 0.000233771
7598.58 0.000244007
7601.03 0.000266176
7603.48 0.000241788
7605.92 0.00026595
7608.37 0.000282623
7610.81 0.000256094
7613.26 0.000230512
7615.7 0.000178116
7618.15 0.000258425
7620.6 0.000273634
7623.04 0.000222768
7625.49 0.00025922
7627.93 0.000245039
7630.38 0.000214676
7632.82 0.000203484
7635.27 0.000205748
7637.72 0.000214759
7640.16 0.000216077
7642.61 0.000223193
7645.05 0.000234152
7647.5 0.000259634
7649.94 0.000218357
7652.39 0.000213736
7654.84 0.00023619
7657.28 0.00023771
7659.73 0.00028893
7662.17 0.000278181
7664.62 0.000265577
7667.06 0.000226415
7669.51 0.000245166
7671.96 0.00023434
7674.4 0.00024336
7676.85 0.000242139
7679.29 0.00025491
7681.74 0.000230773
7684.18 0.000209532
7686.63 0.000217149
7689.08 0.000231212
7691.52 0.000251164
7693.97 0.000223862
7696.41 0.000234054
7698.86 0.000215971
7701.3 0.00021663
7703.75 0.000240893
7706.2 0.00018834
7708.64 0.000201659
7711.09 0.000201523
7713.53 0.000210196
7715.98 0.000220099
7718.42 0.000251184
7720.87 0.000260118
7723.32 0.00022352
7725.76 0.000227416
7728.21 0.000243648
7730.65 0.00024525
7733.1 0.000203447
7735.54 0.000137674
7737.99 0.00018256
7740.44 0.000241955
7742.88 0.000207864
7745.33 0.000223753
7747.77 0.000194402
7750.22 0.000192382
7752.66 0.000161826
7755.11 0.000227948
7757.56 0.000197729
7760.0 0.000190647
7762.45 0.00022727
7764.89 0.000235148
7767.34 0.000206757
7769.78 0.000233973
7772.23 0.000214326
7774.68 0.000210028
7777.12 0.000197995
7779.57 0.000181508
7782.01 0.000167073
7784.46 0.000143496
7786.9 0.000225043
7789.35 0.000206608
7791.8 0.000176145
7794.24 0.000207773
7796.69 0.000211453
7799.13 0.000190411
7801.58 0.000203166
7804.02 0.000184751
7806.47 0.000208024
7808.92 0.000262827
7811.36 0.000216029
7813.81 0.000191179
7816.25 0.00017215
7818.7 0.000148115
7821.14 0.000198611
7823.59 0.000199582
7826.04 0.000176352
7828.48 0.000202449
7830.93 0.000209422
7833.37 0.000213413
7835.82 0.000214296
7838.26 0.00015299
7840.71 0.000146009
7843.16 0.000196608
7845.6 0.000183573
7848.05 0.000205148
7850.49 0.000213517
7852.94 0.0001949
7855.38 0.000195477
7857.83 0.000159613
7860.28 0.000156334
7862.72 0.000173529
7865.17 0.000171429
7867.61 0.000171744
7870.06 0.000219101
7872.5 0.000233066
7874.95 0.000207007
7877.4 0.000155733
7879.84 0.000176198
7882.29 0.000137544
7884.73 0.000125182
7887.18 0.000193577
7889.62 0.000179119
7892.07 0.000162722
7894.52 0.000193464
7896.96 0.000180946
7899.41 0.000177956
7901.85 0.000200228
7904.3 0.000160694
7906.75 0.000202713
7909.19 9.913e-05
7911.64 0.000149991
7914.08 0.000169303
7916.53 0.000145685
7918.97 0.000183057
7921.42 0.000153508
7923.87 0.00016157
7926.31 0.000178585
7928.76 0.000212044
7931.2 0.000176844
7933.65 0.000160861
7936.09 0.000144034
7938.54 0.000160039
7940.99 0.000199275
7943.43 0.000177229
7945.88 0.000199708
7948.32 0.000218856
7950.77 0.000146187
7953.21 0.000145516
7955.66 0.000179465
7958.11 0.000163994
7960.55 0.00015264
7963.0 0.000152715
7965.44 0.000143316
7967.89 0.000163492
7970.33 0.000205409
7972.78 0.000149123
7975.23 0.000150899
7977.67 0.000127681
7980.12 0.000124484
7982.56 0.00016738
7985.01 0.000146033
7987.45 0.000124375
7989.9 0.000139515
7992.35 0.000181586
7994.79 0.000187123
7997.24 0.0001883
7999.68 0.000167717
8002.13 0.000129277
8004.57 0.000153898
8007.02 0.000144324
8009.47 0.000173016
8011.91 0.000198758
8014.36 0.000124333
8016.8 0.00010785
8019.25 0.000156743
8021.69 0.000141804
8024.14 0.000129345
8026.59 0.000149055
8029.03 0.00013337
8031.48 0.000151155
8033.92 0.000103403
8036.37 0.000104661
8038.81 0.000154102
8041.26 0.000174035
8043.71 0.000191074
8046.15 0.000162624
8048.6 0.000165144
8051.04 0.000186371
8053.49 0.000213233
8055.93 0.000237298
8058.38 0.00020654
8060.83 0.000176832
8063.27 0.000278344
8065.72 0.000220525
8068.16 0.000128742
8070.61 0.000113906
8073.05 0.000129866
8075.5 0.000179237
8077.95 0.000206809
8080.39 0.000160231
8082.84 0.000163413
8085.28 0.00014022
8087.73 0.00015127
8090.17 0.000183962
8092.62 6.92615e-05
8095.07 0.000157568
8097.51 0.000195189
8099.96 0.000187238
8102.4 0.000183063
8104.85 0.000173321
8107.29 0.000221857
8109.74 0.000133419
8112.19 0.000113325
8114.63 0.000159171
8117.08 0.000196056
8119.52 0.000161932
8121.97 0.000169306
8124.41 0.000159591
8126.86 0.000168994
8129.31 0.000162861
8131.75 0.000178064
8134.2 0.000158369
8136.64 0.000172645
8139.09 0.000225821
8141.53 0.000158525
8143.98 0.000164824
8146.43 0.000235211
8148.87 0.000204063
8151.32 0.000158137
8153.76 0.000198005
8156.21 0.000173031
8158.65 0.000106061
8161.1 0.000220272
8163.55 0.000227717
8165.99 0.000149126
8168.44 0.000187468
8170.88 0.000236106
8173.33 0.000190854
8175.77 0.000168145
8178.22 0.000199716
8180.67 0.000150959
8183.11 0.00018022
8185.56 0.000243095
8188.0 0.000204353
8190.45 0.000182917
8192.89 0.000156423
8195.34 0.00016884
8197.79 0.00017081
8200.23 0.00012732
8202.68 0.000134525
8205.12 0.000155259
8207.57 0.000186358
8210.01 0.000201383
8212.46 0.00022126
8214.91 0.000199335
8217.35 0.000167507
8219.8 0.000195732
8222.24 0.000227468
8224.69 0.000205637
8227.13 0.000183306
8229.58 0.000229182
8232.03 0.000240351
8234.47 0.000147717
8236.92 0.000182744
8239.36 0.000216415
8241.81 0.000199552
8244.25 0.000178027
8246.7 0.000185061
8249.15 0.000224034
8251.59 0.000223567
8254.04 0.000166462
8256.48 0.000196876
8258.93 0.000139681
8261.37 0.000131786
8263.82 0.000253742
8266.27 0.000228204
8268.71 0.000226456
8271.16 0.000238489
8273.6 0.000199678
8276.05 0.000233914
8278.49 0.000284131
8280.94 0.000230502
8283.39 0.000222743
8285.83 0.000210444
8288.28 0.000254207
8290.72 0.00017565
8293.17 0.000202857
8295.61 0.000267437
8298.06 0.000268485
8300.51 0.000228591
8302.95 0.000195561
8305.4 0.000265188
8307.84 0.00026557
8310.29 0.000230061
8312.73 0.000242572
8315.18 0.000234442
8317.63 0.000214641
8320.07 0.000286434
8322.52 0.000273508
8324.96 0.000205931
8327.41 0.000260049
8329.85 0.000217668
8332.3 0.00025919
8334.75 0.000309149
8337.19 0.000235869
8339.64 0.000251421
8342.08 0.000303431
8344.53 0.000264985
8346.97 0.000247329
8349.42 0.000274883
8351.87 0.000268515
8354.31 0.000316495
8356.76 0.00028275
8359.2 0.000285899
8361.65 0.000264441
8364.09 0.000242256
8366.54 0.000206289
8368.99 0.000233099
8371.43 0.000284949
8373.88 0.000301277
8376.32 0.000357754
8378.77 0.000285263
8381.21 0.000196304
8383.66 0.000197918
8386.11 0.000266543
8388.55 0.000223909
8391.0 0.000272694
8393.44 0.000340425
8395.89 0.000283986
8398.33 0.000245797
8400.78 0.000255639
8403.23 0.000266165
8405.67 0.000259039
8408.12 0.000238004
8410.56 0.000244828
8413.01 0.000223146
8415.45 0.000284664
8417.9 0.00033237
8420.35 0.000354311
8422.79 0.000316129
8425.24 0.000326459
8427.68 0.000314711
8430.13 0.000320068
8432.57 0.000289816
8435.02 0.00022621
8437.47 0.000244191
8439.91 0.000321274
8442.36 0.00029724
8444.8 0.000283047
8447.25 0.000309026
8449.69 0.000340536
8452.14 0.000288963
8454.59 0.000342685
8457.03 0.000229992
8459.48 0.000207949
8461.92 0.000194477
8464.37 0.000224635
8466.81 0.000251274
8469.26 0.000259617
8471.71 0.000285689
8474.15 0.000305921
8476.6 0.000279123
8479.04 0.000261352
8481.49 0.000250585
8483.93 0.000308836
8486.38 0.000357206
8488.83 0.000325675
8491.27 0.000282868
8493.72 0.000304336
8496.16 0.000330322
8498.61 0.00025239
8501.05 0.000317779
8503.5 0.000255404
8505.95 0.000253114
8508.39 0.000340696
8510.84 0.000336799
8513.28 0.000281613
8515.73 0.000252195
8518.17 0.00015975
8520.62 0.000228987
8523.07 0.000302683
8525.51 0.000230977
8527.96 0.000254147
8530.4 0.000271297
8532.85 0.000234413
8535.29 0.000280947
8537.74 0.000309436
8540.19 0.000343943
8542.63 0.000305792
8545.08 0.000282659
8547.52 0.000323726
8549.97 0.00029319
8552.41 0.000305542
8554.86 0.000283231
8557.31 0.000287894
8559.75 0.000341776
8562.2 0.000319842
8564.64 0.000256077
8567.09 0.000229331
8569.53 0.00033384
8571.98 0.000292537
8574.43 0.000293004
8576.87 0.000350491
8579.32 0.00016688
8581.76 0.000171593
8584.21 0.000291543
8586.65 0.000289745
8589.1 0.000255383
8591.55 0.000265497
8593.99 0.000274959
8596.44 0.000268606
8598.88 0.000302031
8601.33 0.000241631
8603.78 0.000313923
8606.22 0.000257957
8608.67 0.000167029
8611.11 0.000217777
8613.56 0.000255784
8616.0 0.000187663
8618.45 0.000268867
8620.9 0.000265992
8623.34 0.000260279
8625.79 0.000296231
8628.23 0.000266541
8630.68 0.000330187
8633.12 0.000378326
8635.57 0.000343906
8638.02 0.00027728
8640.46 0.000276307
8642.91 0.000246946
8645.35 0.000374028
8647.8 0.000368075
8650.24 0.000319591
8652.69 0.00041151
8655.14 0.000425456
8657.58 0.000237344
8660.03 0.000216735
8662.47 0.00025757
8664.92 0.000255361
8667.36 0.000276817
8669.81 0.000256121
8672.26 0.000147013
8674.7 0.000314242
8677.15 0.00033525
8679.59 0.00026652
8682.04 0.000194814
8684.48 0.000377689
8686.93 0.000341852
8689.38 0.000370449
8691.82 0.00031578
8694.27 0.000319615
8696.71 0.00029448
8699.16 0.00033602
8701.6 0.000298015
8704.05 0.000272139
8706.5 0.000260206
8708.94 0.000229036
8711.39 0.000209421
8713.83 0.000266295
8716.28 0.000305019
8718.72 0.000342579
8721.17 0.000318582
8723.62 0.000306747
8726.06 0.000331273
8728.51 0.000230439
8730.95 0.000178334
8733.4 0.000230196
8735.84 0.000256507
8738.29 0.000297378
8740.74 0.000312379
8743.18 0.000303995
8745.63 0.000304389
8748.07 0.000273716
8750.52 0.000193802
8752.96 0.000160341
8755.41 0.000240858
8757.86 0.000311865
8760.3 0.000374657
8762.75 0.000303935
8765.19 0.00024309
8767.64 0.000328548
8770.08 0.000306622
8772.53 0.000180281
8774.98 0.000208863
8777.42 0.000354594
8779.87 0.000326983
8782.31 0.000223656
8784.76 0.000267021
8787.2 0.000361045
8789.65 0.000264606
8792.1 0.000280687
8794.54 0.000276042
8796.99 0.000264585
8799.43 0.000255515
8801.88 0.00023493
8804.32 0.000312834
8806.77 0.000323726
8809.22 0.000378564
8811.66 0.000394896
8814.11 0.000230162
8816.55 0.000206944
8819.0 0.000194417
8821.44 0.000271802
8823.89 0.000251352
8826.34 0.000211187
8828.78 0.000217332
8831.23 0.000258808
8833.67 0.000200481
8836.12 0.000127926
8838.56 0.000129101
8841.01 0.000241676
8843.46 0.000282658
8845.9 0.000237491
8848.35 0.000227116
8850.79 0.000188774
8853.24 0.000237721
8855.68 0.000206852
8858.13 0.000282386
8860.58 0.000243344
8863.02 0.000247941
8865.47 0.000297173
8867.91 0.000194355
8870.36 0.000320242
8872.8 0.000215076
8875.25 0.000351231
8877.7 0.00039445
8880.14 0.000344736
8882.59 0.000186846
8885.03 0.000179979
8887.48 0.00022203
8889.92 0.000236511
8892.37 0.00017666
8894.82 0.000206555
8897.26 0.000273529
8899.71 0.00023666
8902.15 0.000297562
8904.6 0.000261375
8907.04 0.000127526
8909.49 0.000292428
8911.94 0.000290969
8914.38 4.79848e-05
8916.83 9.51204e-05
8919.27 0.000143977
8921.72 0.000125627
8924.16 0.000252172
8926.61 0.000249293
8929.06 0.000165649
8931.5 0.000271677
8933.95 0.000271306
8936.39 0.000282502
8938.84 0.000292315
8941.28 0.000187776
8943.73 0.000224689
8946.18 0.000239973
8948.62 0.000208333
8951.07 0.000182059
8953.51 0.000214011
8955.96 0.000179815
8958.4 0.000156864
8960.85 0.000164987
8963.3 0.000236055
8965.74 0.000240283
8968.19 0.00018509
8970.63 0.000117594
8973.08 0.000131744
8975.52 0.000154371
8977.97 0.000178547
8980.42 0.000137258
8982.86 0.000222459
8985.31 8.99169e-05
8987.75 7.079e-05
8990.2 0.00014917
8992.64 0.000117054
8995.09 0.00023589
8997.54 0.000248241
8999.98 0.000172852
9002.43 7.73727e-05
9004.87 0.000212795
9007.32 0.000190019
9009.76 0.000226603
9012.21 0.000136586
9014.66 0.000191773
9017.1 6.74696e-05
9019.55 0.000207234
9021.99 0.000176451
9024.44 0.000103808
9026.88 0.000172543
9029.33 0.000214436
9031.78 0.000256
9034.22 0.000153733
9036.67 0.000292303
9039.11 0.000204579
9041.56 0.00012029
9044.0 0.000332364
9046.45 0.000206462
9048.9 0.000129011
9051.34 0.000203937
9053.79 0.000153481
9056.23 9.93004e-05
9058.68 0.000156562
9061.12 0.000217148
9063.57 0.000163037
9066.02 0.000364407
9068.46 0.00019092
9070.91 0.000200519
9073.35 0.000236058
9075.8 0.000266438
9078.24 6.27398e-05
9080.69 0.000117192
9083.14 0.000223425
9085.58 0.000185809
9088.03 7.49068e-05
9090.47 7.13206e-05
9092.92 0.000140034
9095.36 0.000158165
9097.81 5.61846e-05
9100.26 4.18563e-05
9102.7 0.000120223
9105.15 0.000182999
9107.59 0.00012395
9110.04 0.000125777
9112.48 0.000181135
9114.93 0.000143417
9117.38 0.000144518
9119.82 0.00014224
9122.27 0.000212012
9124.71 0.000173337
9127.16 0.000131055
9129.6 0.000159934
9132.05 9.70672e-05
9134.5 4.64332e-05
9136.94 4.85777e-05
9139.39 6.04793e-05
9141.83 5.25277e-05
9144.28 0.000147701
9146.72 0.000158808
9149.17 0.000108966
9151.62 5.0336e-05
9154.06 2.07761e-06
9156.51 0.000123195
9158.95 0.000205124
9161.4 0.000174738
9163.84 9.16323e-05
9166.29 9.02936e-05
9168.74 4.38253e-05
9171.18 6.37405e-05
9173.63 3.27874e-05
9176.07 -5.03458e-05
9178.52 -4.50173e-05
9180.96 7.53058e-05
9183.41 -0.000142336
9185.86 -0.000123022
9188.3 5.28516e-05
9190.75 0.000109262
9193.19 0.000137322
9195.64 8.93692e-05
9198.08 0.000246633
9200.53 0.000121405
9202.98 -1.54189e-05
9205.42 -5.12042e-05
9207.87 -0.000139932
9210.31 5.43702e-05
9212.76 -2.37469e-05
9215.2 1.55606e-07
9217.65 4.59714e-05
9220.1 5.42321e-05
9222.54 8.24868e-06
9224.99 0.00016291
9227.43 0.000160804
9229.88 0.0002482
9232.32 7.34606e-05
9234.77 -0.000104343
9237.22 4.49625e-05
9239.66 0.0001618
9242.11 0.000212445
9244.55 -5.93269e-05
9247.0 -3.81147e-05
9249.44 -2.74746e-05
9251.89 0.000107885
9254.34 -0.000149904
