#NIRI_J
#photon
#Gemini NIRI J band
5000.0 1.0000000000000002e-06
5010.0 1.0000000000000002e-06
5020.0 1.0000000000000002e-06
5030.0 1.0000000000000002e-06
5040.0 1.0000000000000002e-06
5050.0 1.0000000000000002e-06
5060.0 0.0
5070.0 1.0000000000000002e-06
5080.0 1.0000000000000002e-06
5090.0 1.0000000000000002e-06
5100.0 0.0
5110.0 0.0
5120.0 0.0
5130.0 0.0
5140.0 0.0
5150.0 1.0000000000000002e-06
5160.0 1.0000000000000002e-06
5170.0 1.0000000000000002e-06
5180.0 1.0000000000000002e-06
5190.0 1.0000000000000002e-06
5200.0 0.0
5210.0 0.0
5220.0 0.0
5230.0 0.0
5240.0 0.0
5250.0 0.0
5260.0 0.0
5270.0 0.0
5280.0 0.0
5290.0 0.0
5300.0 0.0
5310.0 0.0
5320.0 0.0
5330.0 1.0000000000000002e-06
5340.0 1.0000000000000002e-06
5350.0 1.0000000000000002e-06
5360.0 0.0
5370.0 1.0000000000000002e-06
5380.0 1.0000000000000002e-06
5390.0 1.0000000000000002e-06
5400.0 1.0000000000000002e-06
5410.0 1.0000000000000002e-06
5420.0 0.0
5430.0 0.0
5440.0 0.0
5450.0 0.0
5460.0 0.0
5470.0 0.0
5480.0 0.0
5490.0 0.0
5500.0 0.0
5510.0 0.0
5520.0 0.0
5530.0 0.0
5540.0 0.0
5550.0 0.0
5560.0 0.0
5570.0 0.0
5580.0 0.0
5590.0 0.0
5600.0 0.0
5610.0 0.0
5620.0 0.0
5630.0 0.0
5640.0 0.0
5650.0 0.0
5660.0 0.0
5670.0 0.0
5680.0 0.0
5690.0 0.0
5700.0 0.0
5710.0 1.0000000000000002e-06
5720.0 1.0000000000000002e-06
5730.0 1.0000000000000002e-06
5740.0 0.0
5750.0 0.0
5760.0 0.0
5770.0 0.0
5780.0 0.0
5790.0 1.0000000000000002e-06
5800.0 1.0000000000000002e-06
5810.0 1.0000000000000002e-06
5820.0 0.0
5830.0 0.0
5840.0 0.0
5850.0 0.0
5860.0 0.0
5870.0 0.0
5880.0 0.0
5890.0 0.0
5900.0 0.0
5910.0 0.0
5920.0 0.0
5930.0 1.0000000000000002e-06
5940.0 1.0000000000000002e-06
5950.0 1.0000000000000002e-06
5960.0 0.0
5970.0 0.0
5980.0 0.0
5990.0 0.0
6000.0 0.0
6010.0 1.0000000000000002e-06
6020.0 1.0000000000000002e-06
6030.0 1.0000000000000002e-06
6040.0 0.0
6050.0 0.0
6060.0 0.0
6070.0 0.0
6080.0 0.0
6090.0 0.0
6100.0 0.0
6110.0 0.0
6120.0 0.0
6130.0 0.0
6140.0 0.0
6150.0 0.0
6160.0 0.0
6170.0 0.0
6180.0 0.0
6190.0 0.0
6200.0 0.0
6210.0 0.0
6220.0 0.0
6230.0 0.0
6240.0 0.0
6250.0 1.0000000000000002e-06
6260.0 1.0000000000000002e-06
6270.0 1.0000000000000002e-06
6280.0 1.0000000000000002e-06
6290.0 1.0000000000000002e-06
6300.0 0.0
6310.0 0.0
6320.0 0.0
6330.0 1.0000000000000002e-06
6340.0 1.0000000000000002e-06
6350.0 2.0000000000000003e-06
6360.0 2.0000000000000003e-06
6370.0 1.0000000000000002e-06
6380.0 0.0
6390.0 1.0000000000000002e-06
6400.0 1.0000000000000002e-06
6410.0 2.0000000000000003e-06
6420.0 2.0000000000000003e-06
6430.0 2.0000000000000003e-06
6440.0 2.0000000000000003e-06
6450.0 2.9999999999999997e-06
6460.0 2.9999999999999997e-06
6470.0 4.000000000000001e-06
6480.0 4.000000000000001e-06
6490.0 5e-06
6500.0 5.999999999999999e-06
6510.0 8.000000000000001e-06
6520.0 9e-06
6530.0 1e-05
6540.0 1.1000000000000001e-05
6550.0 1.1999999999999999e-05
6560.0 1.1999999999999999e-05
6570.0 1.4e-05
6580.0 1.5e-05
6590.0 1.6000000000000003e-05
6600.0 1.7e-05
6610.0 1.8e-05
6620.0 1.9e-05
6630.0 2.1e-05
6640.0 2.2000000000000003e-05
6650.0 2.3999999999999997e-05
6660.0 2.5e-05
6670.0 2.8e-05
6680.0 3e-05
6690.0 3.4e-05
6700.0 3.8e-05
6710.0 4.3e-05
6720.0 4.7000000000000004e-05
6730.0 5.4000000000000005e-05
6740.0 6e-05
6750.0 6.9e-05
6760.0 7.8e-05
6770.0 8.9e-05
6780.0 0.0001
6790.0 0.000113
6800.0 0.000126
6810.0 0.000141
6820.0 0.000156
6830.0 0.00017500000000000003
6840.0 0.00019300000000000003
6850.0 0.000215
6860.0 0.000237
6870.0 0.000262
6880.0 0.000287
6890.0 0.000312
6900.0 0.000337
6910.0 0.00035700000000000006
6920.0 0.000377
6930.0 0.00037900000000000005
6940.0 0.00038100000000000005
6950.0 0.00036700000000000003
6960.0 0.00035299999999999996
6970.0 0.000333
6980.0 0.000313
6990.0 0.00029
7000.0 0.00026700000000000004
7010.0 0.000241
7020.0 0.000214
7030.0 0.000185
7040.0 0.000156
7050.0 0.00012800000000000002
7060.0 9.900000000000001e-05
7070.0 7.8e-05
7080.0 5.7e-05
7090.0 4.4999999999999996e-05
7100.0 3.2000000000000005e-05
7110.0 2.3e-05
7120.0 1.4e-05
7130.0 1.1000000000000001e-05
7140.0 7e-06
7150.0 5.999999999999999e-06
7160.0 4.000000000000001e-06
7170.0 2.9999999999999997e-06
7180.0 2.0000000000000003e-06
7190.0 2.0000000000000003e-06
7200.0 1.0000000000000002e-06
7210.0 1.0000000000000002e-06
7220.0 0.0
7230.0 1.0000000000000002e-06
7240.0 2.0000000000000003e-06
7250.0 1.0000000000000002e-06
7260.0 0.0
7270.0 0.0
7280.0 0.0
7290.0 0.0
7300.0 0.0
7310.0 1.0000000000000002e-06
7320.0 1.0000000000000002e-06
7330.0 1.0000000000000002e-06
7340.0 1.0000000000000002e-06
7350.0 1.0000000000000002e-06
7360.0 0.0
7370.0 1.0000000000000002e-06
7380.0 1.0000000000000002e-06
7390.0 1.0000000000000002e-06
7400.0 0.0
7410.0 0.0
7420.0 0.0
7430.0 0.0
7440.0 0.0
7450.0 0.0
7460.0 0.0
7470.0 0.0
7480.0 0.0
7490.0 0.0
7500.0 0.0
7510.0 0.0
7520.0 0.0
7530.0 0.0
7540.0 0.0
7550.0 0.0
7560.0 0.0
7570.0 0.0
7580.0 0.0
7590.0 0.0
7600.0 0.0
7610.0 0.0
7620.0 0.0
7630.0 0.0
7640.0 0.0
7650.0 0.0
7660.0 0.0
7670.0 1.0000000000000002e-06
7680.0 1.0000000000000002e-06
7690.0 1.0000000000000002e-06
7700.0 0.0
7710.0 0.0
7720.0 0.0
7730.0 0.0
7740.0 0.0
7750.0 0.0
7760.0 0.0
7770.0 0.0
7780.0 0.0
7790.0 0.0
7800.0 0.0
7810.0 0.0
7820.0 0.0
7830.0 0.0
7840.0 0.0
7850.0 0.0
7860.0 0.0
7870.0 0.0
7880.0 0.0
7890.0 0.0
7900.0 0.0
7910.0 0.0
7920.0 0.0
7930.0 0.0
7940.0 0.0
7950.0 0.0
7960.0 0.0
7970.0 0.0
7980.0 0.0
7990.0 0.0
8000.0 0.0
8010.0 0.0
8020.0 0.0
8030.0 1.0000000000000002e-06
8040.0 1.0000000000000002e-06
8050.0 2.9999999999999997e-06
8060.0 5e-06
8070.0 1.1999999999999999e-05
8080.0 1.8e-05
8090.0 1.7e-05
8100.0 1.6000000000000003e-05
8110.0 8.000000000000001e-06
8120.0 0.0
8130.0 0.0
8140.0 0.0
8150.0 0.0
8160.0 0.0
8170.0 0.0
8180.0 0.0
8190.0 0.0
8200.0 0.0
8210.0 0.0
8220.0 0.0
8230.0 0.0
8240.0 0.0
8250.0 0.0
8260.0 0.0
8270.0 0.0
8280.0 0.0
8290.0 5e-06
8300.0 1e-05
8310.0 5e-06
8320.0 0.0
8330.0 0.0
8340.0 0.0
8350.0 0.0
8360.0 0.0
8370.0 0.0
8380.0 0.0
8390.0 5e-06
8400.0 1e-05
8410.0 1.5e-05
8420.0 2e-05
8430.0 2e-05
8440.0 2e-05
8450.0 2.5e-05
8460.0 3e-05
8470.0 4.000000000000001e-06
8480.0 2.2000000000000003e-05
8490.0 1.0000000000000002e-06
8500.0 2e-05
8510.0 4.4999999999999996e-05
8520.0 7.000000000000001e-05
8530.0 7.000000000000001e-05
8540.0 7.000000000000001e-05
8550.0 5.4999999999999995e-05
8560.0 4e-05
8570.0 0.000123
8580.0 0.00028500000000000004
8590.0 0.000302
8600.0 0.00031800000000000003
8610.0 0.000241
8620.0 0.00016400000000000003
8630.0 0.000186
8640.0 0.000207
8650.0 0.000219
8660.0 0.00023
8670.0 0.00023400000000000002
8680.0 0.000238
8690.0 0.00025100000000000003
8700.0 0.000264
8710.0 0.000273
8720.0 0.000281
8730.0 0.000276
8740.0 0.00027
8750.0 0.000277
8760.0 0.000283
8770.0 0.000275
8780.0 0.00026700000000000004
8790.0 0.000249
8800.0 0.000231
8810.0 0.00022700000000000002
8820.0 0.000223
8830.0 0.000219
8840.0 0.000215
8850.0 0.000212
8860.0 0.00020899999999999998
8870.0 0.00021600000000000002
8880.0 0.000223
8890.0 0.000228
8900.0 0.00023300000000000003
8910.0 0.000229
8920.0 0.000225
8930.0 0.000243
8940.0 0.000261
8950.0 0.00026700000000000004
8960.0 0.000273
8970.0 0.000274
8980.0 0.000275
8990.0 0.000278
9000.0 0.00028000000000000003
9010.0 0.000284
9020.0 0.000288
9030.0 0.000279
9040.0 0.00026900000000000003
9050.0 0.000265
9060.0 0.00026
9070.0 0.000254
9080.0 0.000247
9090.0 0.000237
9100.0 0.00022700000000000002
9110.0 0.000219
9120.0 0.00021
9130.0 0.000202
9140.0 0.00019300000000000003
9150.0 0.00018700000000000002
9160.0 0.000181
9170.0 0.000172
9180.0 0.000162
9190.0 0.00015900000000000002
9200.0 0.000156
9210.0 0.000153
9220.0 0.00014900000000000002
9230.0 0.000139
9240.0 0.00012800000000000002
9250.0 0.00012200000000000001
9260.0 0.000116
9270.0 0.000114
9280.0 0.000111
9290.0 0.00010300000000000001
9300.0 9.400000000000001e-05
9310.0 8.9e-05
9320.0 8.4e-05
9330.0 7.8e-05
9340.0 7.2e-05
9350.0 6.5e-05
9360.0 5.7e-05
9370.0 5.3e-05
9380.0 4.7999999999999994e-05
9390.0 4.9e-05
9400.0 4.9e-05
9410.0 4.100000000000001e-05
9420.0 3.3e-05
9430.0 3.3e-05
9440.0 3.2000000000000005e-05
9450.0 3.4e-05
9460.0 3.6e-05
9470.0 4.100000000000001e-05
9480.0 4.6e-05
9490.0 4.7999999999999994e-05
9500.0 5e-05
9510.0 5.3e-05
9520.0 5.6e-05
9530.0 5.9e-05
9540.0 6.2e-05
9550.0 6.400000000000001e-05
9560.0 6.5e-05
9570.0 6.6e-05
9580.0 6.6e-05
9590.0 6.400000000000001e-05
9600.0 6.2e-05
9610.0 6e-05
9620.0 5.7e-05
9630.0 5.8e-05
9640.0 5.8e-05
9650.0 5.3e-05
9660.0 4.7999999999999994e-05
9670.0 4.2e-05
9680.0 3.6e-05
9690.0 3.4e-05
9700.0 3.2000000000000005e-05
9710.0 2.8e-05
9720.0 2.3e-05
9730.0 1.9e-05
9740.0 1.4e-05
9750.0 1e-05
9760.0 5.999999999999999e-06
9770.0 8.000000000000001e-06
9780.0 9e-06
9790.0 5e-06
9800.0 1.0000000000000002e-06
9810.0 2.9999999999999997e-06
9820.0 5e-06
9830.0 5e-06
9840.0 5e-06
9850.0 5e-06
9860.0 5e-06
9870.0 5e-06
9880.0 4.000000000000001e-06
9890.0 4.000000000000001e-06
9900.0 4.000000000000001e-06
9910.0 4.000000000000001e-06
9920.0 2.9999999999999997e-06
9930.0 2.9999999999999997e-06
9940.0 2.0000000000000003e-06
9950.0 2.9999999999999997e-06
9960.0 4.000000000000001e-06
9970.0 4.000000000000001e-06
9980.0 4.000000000000001e-06
9990.0 5.999999999999999e-06
10000.0 7e-06
10010.0 5.999999999999999e-06
10020.0 5e-06
10030.0 5e-06
10040.0 4.000000000000001e-06
10050.0 5.999999999999999e-06
10060.0 8.000000000000001e-06
10070.0 8.000000000000001e-06
10080.0 7e-06
10090.0 5.999999999999999e-06
10100.0 5e-06
10110.0 5.999999999999999e-06
10120.0 7e-06
10130.0 7e-06
10140.0 5.999999999999999e-06
10150.0 5e-06
10160.0 2.9999999999999997e-06
10170.0 5e-06
10180.0 5.999999999999999e-06
10190.0 4.000000000000001e-06
10200.0 2.0000000000000003e-06
10210.0 1.0000000000000002e-06
10220.0 0.0
10230.0 2.0000000000000003e-06
10240.0 2.9999999999999997e-06
10250.0 2.0000000000000003e-06
10260.0 1.0000000000000002e-06
10270.0 1.0000000000000002e-06
10280.0 0.0
10290.0 2.0000000000000003e-06
10300.0 4.000000000000001e-06
10310.0 2.0000000000000003e-06
10320.0 0.0
10330.0 2.0000000000000003e-06
10340.0 2.9999999999999997e-06
10350.0 4.000000000000001e-06
10360.0 5e-06
10370.0 5e-06
10380.0 4.000000000000001e-06
10390.0 4.000000000000001e-06
10400.0 4.000000000000001e-06
10410.0 5e-06
10420.0 5.999999999999999e-06
10430.0 7e-06
10440.0 8.000000000000001e-06
10450.0 7e-06
10460.0 5.999999999999999e-06
10470.0 5.999999999999999e-06
10480.0 5e-06
10490.0 7e-06
10500.0 9e-06
10510.0 9e-06
10520.0 8.000000000000001e-06
10530.0 8.000000000000001e-06
10540.0 8.000000000000001e-06
10550.0 1e-05
10560.0 1.1999999999999999e-05
10570.0 1.1000000000000001e-05
10580.0 1e-05
10590.0 1.1000000000000001e-05
10600.0 1.1999999999999999e-05
10610.0 1.1000000000000001e-05
10620.0 1e-05
10630.0 1e-05
10640.0 1e-05
10650.0 1.3e-05
10660.0 1.5e-05
10670.0 1.4e-05
10680.0 1.3e-05
10690.0 1.5e-05
10700.0 1.6000000000000003e-05
10710.0 1.7e-05
10720.0 1.7e-05
10730.0 2e-05
10740.0 2.2000000000000003e-05
10750.0 2.2000000000000003e-05
10760.0 2.1e-05
10770.0 2.3999999999999997e-05
10780.0 2.6e-05
10790.0 2.6e-05
10800.0 2.6e-05
10810.0 2.7000000000000002e-05
10820.0 2.7000000000000002e-05
10830.0 3.1e-05
10840.0 3.4e-05
10850.0 3.7000000000000005e-05
10860.0 4e-05
10870.0 4.100000000000001e-05
10880.0 4.100000000000001e-05
10890.0 4.3e-05
10900.0 4.4000000000000006e-05
10910.0 4.7999999999999994e-05
10920.0 5.1000000000000006e-05
10930.0 5.6e-05
10940.0 6.1000000000000005e-05
10950.0 6.7e-05
10960.0 7.2e-05
10970.0 7.6e-05
10980.0 8e-05
10990.0 8.6e-05
11000.0 0.0002
11010.0 0.000305
11020.0 0.00041000000000000005
11030.0 0.000755
11040.0 0.0011
11050.0 8.1e-05
11060.0 0.000939
11070.0 0.00034
11080.0 0.00026
11090.0 0.00045
11100.0 0.001159
11110.0 0.00031
11120.0 0.00054
11130.0 0.0005949999999999999
11140.0 0.0006500000000000001
11150.0 0.000299
11160.0 5.2e-05
11170.0 0.000605
11180.0 0.001158
11190.0 0.0007729999999999999
11200.0 0.000387
11210.0 0.000203
11220.0 1.9e-05
11230.0 0.0005870000000000001
11240.0 0.001154
11250.0 0.001327
11260.0 0.0014990000000000001
11270.0 0.0015840000000000001
11280.0 0.001668
11290.0 0.001789
11300.0 0.00191
11310.0 0.00253
11320.0 0.0031490000000000003
11330.0 0.003267
11340.0 0.0033850000000000004
11350.0 0.003614
11360.0 0.003842
11370.0 0.004572
11380.0 0.005301
11390.0 0.006286000000000001
11400.0 0.0072699999999999996
11410.0 0.007339
11420.0 0.0074080000000000005
11430.0 0.009365
11440.0 0.011322
11450.0 0.01257
11460.0 0.013817999999999999
11470.0 0.016103
11480.0 0.018388
11490.0 0.021589
11500.0 0.024790000000000003
11510.0 0.029972
11520.0 0.035154000000000005
11530.0 0.042034
11540.0 0.048914
11550.0 0.058487000000000004
11560.0 0.06805900000000001
11570.0 0.08306
11580.0 0.09806100000000001
11590.0 0.121571
11600.0 0.14508
11610.0 0.179855
11620.0 0.21463000000000002
11630.0 0.263295
11640.0 0.31196
11650.0 0.373305
11660.0 0.43465000000000004
11670.0 0.499745
11680.0 0.56484
11690.0 0.619145
11700.0 0.67345
11710.0 0.70659
11720.0 0.73973
11730.0 0.7517
11740.0 0.7636700000000001
11750.0 0.7628050000000001
11760.0 0.7619400000000001
11770.0 0.7556350000000001
11780.0 0.74933
11790.0 0.74303
11800.0 0.73673
11810.0 0.7315250000000001
11820.0 0.7263200000000001
11830.0 0.72407
11840.0 0.72182
11850.0 0.7215699999999999
11860.0 0.7213200000000001
11870.0 0.7238450000000001
11880.0 0.7263700000000001
11890.0 0.73095
11900.0 0.73553
11910.0 0.74078
11920.0 0.74603
11930.0 0.752375
11940.0 0.7587200000000001
11950.0 0.7654000000000001
11960.0 0.77208
11970.0 0.77824
11980.0 0.7844
11990.0 0.7902849999999999
12000.0 0.79617
12010.0 0.801835
12020.0 0.8075
12030.0 0.81142
12040.0 0.8153400000000001
12050.0 0.818805
12060.0 0.8222700000000001
12070.0 0.82525
12080.0 0.8282299999999999
12090.0 0.83045
12100.0 0.83267
12110.0 0.8337600000000001
12120.0 0.83485
12130.0 0.836225
12140.0 0.8376000000000001
12150.0 0.838025
12160.0 0.83845
12170.0 0.839515
12180.0 0.8405800000000001
12190.0 0.8415600000000001
12200.0 0.8425400000000001
12210.0 0.8434600000000001
12220.0 0.84438
12230.0 0.84532
12240.0 0.84626
12250.0 0.847285
12260.0 0.84831
12270.0 0.8496750000000001
12280.0 0.85104
12290.0 0.8535250000000001
12300.0 0.85601
12310.0 0.857575
12320.0 0.85914
12330.0 0.8610949999999999
12340.0 0.8630500000000001
12350.0 0.864405
12360.0 0.86576
12370.0 0.86764
12380.0 0.86952
12390.0 0.87048
12400.0 0.8714400000000001
12410.0 0.87196
12420.0 0.87248
12430.0 0.8723000000000001
12440.0 0.87212
12450.0 0.871505
12460.0 0.87089
12470.0 0.8691450000000001
12480.0 0.8674
12490.0 0.865495
12500.0 0.86359
12510.0 0.860435
12520.0 0.8572799999999999
12530.0 0.852715
12540.0 0.84815
12550.0 0.8428700000000001
12560.0 0.8375900000000001
12570.0 0.831755
12580.0 0.82592
12590.0 0.821515
12600.0 0.81711
12610.0 0.8139799999999999
12620.0 0.81085
12630.0 0.80669
12640.0 0.80253
12650.0 0.797115
12660.0 0.7917000000000001
12670.0 0.786295
12680.0 0.78089
12690.0 0.7778149999999999
12700.0 0.7747400000000001
12710.0 0.773535
12720.0 0.7723300000000001
12730.0 0.771535
12740.0 0.77074
12750.0 0.768935
12760.0 0.76713
12770.0 0.7642950000000001
12780.0 0.76146
12790.0 0.761495
12800.0 0.76153
12810.0 0.765285
12820.0 0.76904
12830.0 0.7731699999999999
12840.0 0.7773000000000001
12850.0 0.7788349999999999
12860.0 0.7803700000000001
12870.0 0.78051
12880.0 0.78065
12890.0 0.7850950000000001
12900.0 0.7895399999999999
12910.0 0.797735
12920.0 0.80593
12930.0 0.810315
12940.0 0.8147
12950.0 0.81431
12960.0 0.81392
12970.0 0.8200799999999999
12980.0 0.82624
12990.0 0.8349850000000001
13000.0 0.8437300000000001
13010.0 0.845245
13020.0 0.8467600000000001
13030.0 0.847565
13040.0 0.8483700000000001
13050.0 0.8570650000000001
13060.0 0.86576
13070.0 0.86982
13080.0 0.8738800000000001
13090.0 0.87003
13100.0 0.86618
13110.0 0.8709300000000001
13120.0 0.87568
13130.0 0.8810800000000001
13140.0 0.8864799999999999
13150.0 0.8807200000000001
13160.0 0.87496
13170.0 0.8717950000000001
13180.0 0.86863
13190.0 0.8721500000000001
13200.0 0.87567
13210.0 0.8666
13220.0 0.85753
13230.0 0.84327
13240.0 0.82901
13250.0 0.8218899999999999
13260.0 0.8147700000000001
13270.0 0.796405
13280.0 0.7780400000000001
13290.0 0.7506
13300.0 0.72316
13310.0 0.7006600000000001
13320.0 0.67816
13330.0 0.643025
13340.0 0.60789
13350.0 0.57023
13360.0 0.53257
13370.0 0.50049
13380.0 0.46841
13390.0 0.42961
13400.0 0.39081000000000005
13410.0 0.359215
13420.0 0.32762
13430.0 0.297835
13440.0 0.26805
13450.0 0.241005
13460.0 0.21396
13470.0 0.19326000000000002
13480.0 0.17256000000000002
13490.0 0.15449
13500.0 0.13641999999999999
13510.0 0.12298
13520.0 0.10954000000000001
13530.0 0.09825900000000001
13540.0 0.086977
13550.0 0.07682800000000001
13560.0 0.066679
13570.0 0.060518
13580.0 0.054356
13590.0 0.048431
13600.0 0.042506
13610.0 0.038405999999999996
13620.0 0.034306
13630.0 0.031117
13640.0 0.027927
13650.0 0.024583
13660.0 0.021238000000000003
13670.0 0.019923
13680.0 0.018608
13690.0 0.016907000000000002
13700.0 0.015205
13710.0 0.013721
13720.0 0.012237
13730.0 0.011117
13740.0 0.009997
13750.0 0.009402
13760.0 0.008807
13770.0 0.008361
13780.0 0.007915
13790.0 0.006782000000000001
13800.0 0.005647999999999999
13810.0 0.004777
13820.0 0.003905
13830.0 0.003706
13840.0 0.0035060000000000004
13850.0 0.004279
13860.0 0.005052
13870.0 0.00368
13880.0 0.002308
13890.0 0.002172
13900.0 0.002036
13910.0 0.002079
13920.0 0.002121
13930.0 0.001948
13940.0 0.001774
13950.0 0.001471
13960.0 0.001168
13970.0 0.001059
13980.0 0.00095
13990.0 0.001084
14000.0 0.0012180000000000001
14010.0 0.001293
14020.0 0.001368
14030.0 0.001374
14040.0 0.001379
14050.0 0.001077
14060.0 0.000775
14070.0 0.0005
14080.0 0.000225
14090.0 1.8e-05
14100.0 0.00026
14110.0 0.000183
14120.0 0.000625
14130.0 0.000771
14140.0 0.0009170000000000001
14150.0 0.000712
14160.0 0.0005070000000000001
14170.0 0.000278
14180.0 4.9e-05
14190.0 0.000491
14200.0 0.0010299999999999999
14210.0 4.3e-05
14220.0 0.001115
14230.0 0.000612
14240.0 0.000109
14250.0 6.1000000000000005e-05
14260.0 0.00023
14270.0 0.000375
14280.0 0.00098
14290.0 0.000871
14300.0 0.0007620000000000001
14310.0 0.000899
14320.0 0.001035
14330.0 0.000564
14340.0 9.3e-05
14350.0 5.8e-05
14360.0 2.2000000000000003e-05
14370.0 0.000629
14380.0 0.001235
14390.0 0.00041300000000000006
14400.0 0.00041000000000000005
14410.0 0.00052
14420.0 0.00063
14430.0 0.00011700000000000001
14440.0 0.000863
14450.0 0.000547
14460.0 0.00023
14470.0 0.000202
14480.0 0.000174
14490.0 0.00010300000000000001
14500.0 0.00038
14510.0 0.000109
14520.0 0.000162
14530.0 0.000531
14540.0 0.0009
14550.0 0.00034
14560.0 0.00021999999999999998
14570.0 7.8e-05
14580.0 0.00037600000000000003
14590.0 0.000311
14600.0 0.000245
14610.0 0.000195
14620.0 0.000145
14630.0 9.599999999999999e-05
14640.0 4.7000000000000004e-05
14650.0 0.000342
14660.0 0.00073
14670.0 0.00042
14680.0 0.00010999999999999999
14690.0 0.000139
14700.0 0.000387
14710.0 0.000422
14720.0 0.00123
14730.0 0.00107
14740.0 0.00091
14750.0 0.0005099999999999999
14760.0 0.00010999999999999999
14770.0 2.9e-05
14780.0 5.3e-05
14790.0 0.00019300000000000003
14800.0 0.000333
14810.0 0.000563
14820.0 0.0007920000000000001
14830.0 0.00045900000000000004
14840.0 0.000126
14850.0 0.0006510000000000001
14860.0 0.001176
14870.0 0.000398
14880.0 0.00038
14890.0 0.000415
14900.0 0.00045
14910.0 0.00028500000000000004
14920.0 0.00012
14930.0 0.00026
14940.0 0.0004
14950.0 0.000235
14960.0 7.000000000000001e-05
14970.0 0.00020600000000000002
14980.0 0.000481
14990.0 0.0002
15000.0 0.0008799999999999999
15010.0 3e-05
15020.0 2.9e-05
15030.0 2.7000000000000002e-05
15040.0 2.5e-05
15050.0 2.3e-05
15060.0 2.1e-05
15070.0 1.9e-05
15080.0 1.7e-05
15090.0 2.5e-05
15100.0 3.3e-05
15110.0 3.6e-05
15120.0 3.8e-05
15130.0 3.6e-05
15140.0 3.3e-05
15150.0 3.5000000000000004e-05
15160.0 3.6e-05
15170.0 3.4e-05
15180.0 3.1e-05
15190.0 3.2000000000000005e-05
15200.0 3.2000000000000005e-05
15210.0 3.2000000000000005e-05
15220.0 3.2000000000000005e-05
15230.0 3.2000000000000005e-05
15240.0 3.1e-05
15250.0 3.2000000000000005e-05
15260.0 3.3e-05
15270.0 3.2000000000000005e-05
15280.0 3e-05
15290.0 3.1e-05
15300.0 3.1e-05
15310.0 3.1e-05
15320.0 3.1e-05
15330.0 3.1e-05
15340.0 3.1e-05
15350.0 3e-05
15360.0 2.9e-05
15370.0 3.1e-05
15380.0 3.2000000000000005e-05
15390.0 3.1e-05
15400.0 2.9e-05
15410.0 2.9e-05
15420.0 2.9e-05
15430.0 2.9e-05
15440.0 2.9e-05
15450.0 2.9e-05
15460.0 2.8e-05
15470.0 2.8e-05
15480.0 2.8e-05
15490.0 2.9e-05
15500.0 3e-05
15510.0 3e-05
15520.0 3e-05
15530.0 2.9e-05
15540.0 2.7000000000000002e-05
15550.0 2.7000000000000002e-05
15560.0 2.7000000000000002e-05
15570.0 2.8e-05
15580.0 2.9e-05
15590.0 3e-05
15600.0 3e-05
15610.0 3e-05
15620.0 2.9e-05
15630.0 2.9e-05
15640.0 2.8e-05
15650.0 3e-05
15660.0 3.1e-05
15670.0 3e-05
15680.0 2.8e-05
15690.0 2.9e-05
15700.0 2.9e-05
15710.0 2.9e-05
15720.0 2.8e-05
15730.0 2.9e-05
15740.0 3e-05
15750.0 2.9e-05
15760.0 2.8e-05
15770.0 2.9e-05
15780.0 3e-05
15790.0 3e-05
15800.0 3e-05
15810.0 3e-05
15820.0 3e-05
15830.0 2.9e-05
15840.0 2.7000000000000002e-05
15850.0 2.8e-05
15860.0 2.9e-05
15870.0 3e-05
15880.0 3e-05
15890.0 3.1e-05
15900.0 3.1e-05
15910.0 3.1e-05
15920.0 3.1e-05
15930.0 3.3e-05
15940.0 3.4e-05
15950.0 3.3e-05
15960.0 3.1e-05
15970.0 3.2000000000000005e-05
15980.0 3.3e-05
15990.0 3.3e-05
16000.0 3.2000000000000005e-05
16010.0 3.3e-05
16020.0 3.3e-05
16030.0 3.4e-05
16040.0 3.4e-05
16050.0 3.5000000000000004e-05
16060.0 3.5000000000000004e-05
16070.0 3.6e-05
16080.0 3.7000000000000005e-05
16090.0 3.8e-05
16100.0 3.8e-05
16110.0 3.8e-05
16120.0 3.8e-05
16130.0 3.6e-05
16140.0 3.4e-05
16150.0 3.6e-05
16160.0 3.8e-05
16170.0 4e-05
16180.0 4.100000000000001e-05
16190.0 4.2e-05
16200.0 4.2e-05
16210.0 4.100000000000001e-05
16220.0 4e-05
16230.0 4.100000000000001e-05
16240.0 4.2e-05
16250.0 4.3e-05
16260.0 4.3e-05
16270.0 4.3e-05
16280.0 4.3e-05
16290.0 4.4000000000000006e-05
16300.0 4.4000000000000006e-05
16310.0 4.4999999999999996e-05
16320.0 4.4999999999999996e-05
16330.0 4.4999999999999996e-05
16340.0 4.4999999999999996e-05
16350.0 4.7000000000000004e-05
16360.0 4.7999999999999994e-05
16370.0 4.7000000000000004e-05
16380.0 4.6e-05
16390.0 4.9e-05
16400.0 5.1000000000000006e-05
16410.0 5.1000000000000006e-05
16420.0 5.1000000000000006e-05
16430.0 5.3e-05
16440.0 5.4999999999999995e-05
16450.0 5.4999999999999995e-05
16460.0 5.4999999999999995e-05
16470.0 5.8e-05
16480.0 6e-05
16490.0 6.1000000000000005e-05
16500.0 6.1000000000000005e-05
16510.0 6.1000000000000005e-05
16520.0 6e-05
16530.0 6.3e-05
16540.0 6.6e-05
16550.0 6.9e-05
16560.0 7.1e-05
16570.0 7.1e-05
16580.0 7.1e-05
16590.0 7.2e-05
16600.0 7.2e-05
16610.0 7.5e-05
16620.0 7.8e-05
16630.0 7.900000000000001e-05
16640.0 8e-05
16650.0 8.200000000000001e-05
16660.0 8.3e-05
16670.0 8.7e-05
16680.0 8.999999999999999e-05
16690.0 9.400000000000001e-05
16700.0 9.7e-05
16710.0 0.0001
16720.0 0.00010200000000000001
16730.0 0.00010200000000000001
16740.0 0.00010200000000000001
16750.0 0.00010800000000000001
16760.0 0.000113
16770.0 0.000115
16780.0 0.000116
16790.0 0.000118
16800.0 0.000119
16810.0 0.000124
16820.0 0.00012800000000000002
16830.0 0.000127
16840.0 0.000125
16850.0 0.000125
16860.0 0.000125
16870.0 0.000127
16880.0 0.00012800000000000002
16890.0 0.000129
16900.0 0.000129
16910.0 0.00013
16920.0 0.00013
16930.0 0.00012800000000000002
16940.0 0.000126
16950.0 0.000123
16960.0 0.000119
16970.0 0.000119
16980.0 0.000119
16990.0 0.000116
17000.0 0.000112
17010.0 0.000111
17020.0 0.00010999999999999999
17030.0 0.000104
17040.0 9.8e-05
17050.0 9.5e-05
17060.0 9.1e-05
17070.0 8.800000000000001e-05
17080.0 8.4e-05
17090.0 7.900000000000001e-05
17100.0 7.3e-05
17110.0 7.2e-05
17120.0 7.000000000000001e-05
17130.0 6.7e-05
17140.0 6.400000000000001e-05
17150.0 5.9e-05
17160.0 5.4000000000000005e-05
17170.0 5.2e-05
17180.0 5e-05
17190.0 5e-05
17200.0 5e-05
17210.0 4.7999999999999994e-05
17220.0 4.4999999999999996e-05
17230.0 4e-05
17240.0 3.5000000000000004e-05
17250.0 3.7000000000000005e-05
17260.0 3.8e-05
17270.0 3.7000000000000005e-05
17280.0 3.6e-05
17290.0 3.4e-05
17300.0 3.2000000000000005e-05
17310.0 3.3e-05
17320.0 3.3e-05
17330.0 3.2000000000000005e-05
17340.0 3e-05
17350.0 2.9e-05
17360.0 2.8e-05
17370.0 3e-05
17380.0 3.2000000000000005e-05
17390.0 3.1e-05
17400.0 3e-05
17410.0 3.2000000000000005e-05
17420.0 3.4e-05
17430.0 3.5000000000000004e-05
17440.0 3.6e-05
17450.0 3.5000000000000004e-05
17460.0 3.3e-05
17470.0 3.6e-05
17480.0 3.8e-05
17490.0 3.9e-05
17500.0 4e-05
17510.0 4.2e-05
17520.0 4.4000000000000006e-05
17530.0 4.7000000000000004e-05
17540.0 5e-05
17550.0 5.8e-05
17560.0 6.5e-05
17570.0 6.8e-05
17580.0 7.1e-05
17590.0 7.5e-05
17600.0 7.8e-05
17610.0 8.3e-05
17620.0 8.800000000000001e-05
17630.0 9.1e-05
17640.0 9.400000000000001e-05
17650.0 9.599999999999999e-05
17660.0 9.8e-05
17670.0 9.8e-05
17680.0 9.7e-05
17690.0 9.7e-05
17700.0 9.7e-05
17710.0 9.3e-05
17720.0 8.800000000000001e-05
17730.0 8.4e-05
17740.0 7.900000000000001e-05
17750.0 7.5e-05
17760.0 7.000000000000001e-05
17770.0 6.3e-05
17780.0 5.6e-05
17790.0 5.3e-05
17800.0 5e-05
17810.0 4.4999999999999996e-05
17820.0 3.9e-05
17830.0 3.6e-05
17840.0 3.3e-05
17850.0 3e-05
17860.0 2.6e-05
17870.0 2.3999999999999997e-05
17880.0 2.1e-05
17890.0 1.7e-05
17900.0 1.3e-05
17910.0 1.1999999999999999e-05
17920.0 1.1000000000000001e-05
17930.0 1e-05
17940.0 8.000000000000001e-06
17950.0 7e-06
17960.0 5.999999999999999e-06
17970.0 5e-06
17980.0 4.000000000000001e-06
17990.0 2.9999999999999997e-06
18000.0 1.0000000000000002e-06
18010.0 2.9999999999999997e-06
18020.0 4.000000000000001e-06
18030.0 2.9999999999999997e-06
18040.0 1.0000000000000002e-06
18050.0 2.0000000000000003e-06
18060.0 2.0000000000000003e-06
18070.0 1.0000000000000002e-06
18080.0 0.0
18090.0 1.0000000000000002e-06
18100.0 2.0000000000000003e-06
18110.0 2.0000000000000003e-06
18120.0 2.0000000000000003e-06
18130.0 2.0000000000000003e-06
18140.0 2.0000000000000003e-06
18150.0 2.9999999999999997e-06
18160.0 2.9999999999999997e-06
18170.0 2.0000000000000003e-06
18180.0 0.0
18190.0 0.0
18200.0 0.0
18210.0 2.0000000000000003e-06
18220.0 2.9999999999999997e-06
18230.0 2.0000000000000003e-06
18240.0 0.0
18250.0 0.0
18260.0 0.0
18270.0 1.0000000000000002e-06
18280.0 2.0000000000000003e-06
18290.0 2.0000000000000003e-06
18300.0 2.0000000000000003e-06
18310.0 2.9999999999999997e-06
18320.0 2.9999999999999997e-06
18330.0 5e-06
18340.0 5.999999999999999e-06
18350.0 5e-06
18360.0 2.9999999999999997e-06
18370.0 2.0000000000000003e-06
18380.0 1.0000000000000002e-06
18390.0 2.0000000000000003e-06
18400.0 2.0000000000000003e-06
18410.0 4.000000000000001e-06
18420.0 5.999999999999999e-06
18430.0 4.000000000000001e-06
18440.0 1.0000000000000002e-06
18450.0 1.0000000000000002e-06
18460.0 0.0
18470.0 2.0000000000000003e-06
18480.0 2.9999999999999997e-06
18490.0 2.0000000000000003e-06
18500.0 0.0
18510.0 0.0
18520.0 0.0
18530.0 0.0
18540.0 0.0
18550.0 2.0000000000000003e-06
18560.0 4.000000000000001e-06
18570.0 2.0000000000000003e-06
18580.0 0.0
18590.0 0.0
18600.0 0.0
18610.0 1.0000000000000002e-06
18620.0 1.0000000000000002e-06
18630.0 1.0000000000000002e-06
18640.0 0.0
18650.0 0.0
18660.0 0.0
18670.0 2.0000000000000003e-06
18680.0 2.9999999999999997e-06
18690.0 2.0000000000000003e-06
18700.0 0.0
18710.0 2.0000000000000003e-06
18720.0 2.9999999999999997e-06
18730.0 2.0000000000000003e-06
18740.0 0.0
18750.0 0.0
18760.0 0.0
18770.0 2.0000000000000003e-06
18780.0 4.000000000000001e-06
18790.0 2.9999999999999997e-06
18800.0 2.0000000000000003e-06
18810.0 2.0000000000000003e-06
18820.0 2.0000000000000003e-06
18830.0 1.0000000000000002e-06
18840.0 0.0
18850.0 0.0
18860.0 0.0
18870.0 1.0000000000000002e-06
18880.0 2.0000000000000003e-06
18890.0 2.9999999999999997e-06
18900.0 2.9999999999999997e-06
18910.0 2.0000000000000003e-06
18920.0 0.0
18930.0 1.0000000000000002e-06
18940.0 2.0000000000000003e-06
18950.0 1.0000000000000002e-06
18960.0 0.0
18970.0 0.0
18980.0 0.0
18990.0 2.0000000000000003e-06
19000.0 4.000000000000001e-06
19010.0 2.9999999999999997e-06
19020.0 1e-05
19030.0 5e-06
19040.0 0.0
19050.0 0.0
19060.0 0.0
19070.0 0.0
19080.0 0.0
19090.0 0.0
19100.0 0.0
19110.0 4.000000000000001e-06
19120.0 7e-06
19130.0 4.000000000000001e-06
19140.0 0.0
19150.0 0.0
19160.0 0.0
19170.0 2.0000000000000003e-06
19180.0 4.000000000000001e-06
19190.0 2.0000000000000003e-06
19200.0 0.0
19210.0 0.0
19220.0 0.0
19230.0 4.000000000000001e-06
19240.0 8.000000000000001e-06
19250.0 4.000000000000001e-06
19260.0 0.0
19270.0 0.0
19280.0 0.0
19290.0 0.0
19300.0 0.0
19310.0 2.0000000000000003e-06
19320.0 4.000000000000001e-06
19330.0 2.0000000000000003e-06
19340.0 0.0
19350.0 1.0000000000000002e-06
19360.0 2.0000000000000003e-06
19370.0 2.0000000000000003e-06
19380.0 2.0000000000000003e-06
19390.0 1.0000000000000002e-06
19400.0 0.0
19410.0 2.0000000000000003e-06
19420.0 4.000000000000001e-06
19430.0 5e-06
19440.0 5.999999999999999e-06
19450.0 2.9999999999999997e-06
19460.0 0.0
19470.0 4.000000000000001e-06
19480.0 7e-06
19490.0 4.000000000000001e-06
19500.0 0.0
19510.0 0.0
19520.0 0.0
19530.0 0.0
19540.0 0.0
19550.0 2.0000000000000003e-06
19560.0 2.9999999999999997e-06
19570.0 2.0000000000000003e-06
19580.0 0.0
19590.0 1.0000000000000002e-06
19600.0 1.0000000000000002e-06
19610.0 5e-06
19620.0 9e-06
19630.0 5e-06
19640.0 0.0
19650.0 0.0
19660.0 0.0
19670.0 2.9999999999999997e-06
19680.0 5.999999999999999e-06
19690.0 7e-06
19700.0 7e-06
19710.0 4.000000000000001e-06
19720.0 0.0
19730.0 4.000000000000001e-06
19740.0 8.000000000000001e-06
19750.0 8.000000000000001e-06
19760.0 8.000000000000001e-06
19770.0 4.000000000000001e-06
19780.0 0.0
19790.0 5e-06
19800.0 1e-05
19810.0 1.1999999999999999e-05
19820.0 1.3e-05
19830.0 7e-06
19840.0 0.0
19850.0 5e-06
19860.0 9e-06
19870.0 5.999999999999999e-06
19880.0 2.9999999999999997e-06
19890.0 2.0000000000000003e-06
19900.0 0.0
19910.0 4.000000000000001e-06
19920.0 7e-06
19930.0 9e-06
19940.0 1.1000000000000001e-05
19950.0 5.999999999999999e-06
19960.0 0.0
19970.0 2.0000000000000003e-06
19980.0 2.9999999999999997e-06
19990.0 5.999999999999999e-06
20000.0 8.000000000000001e-06
20010.0 4.000000000000001e-06
20020.0 0.0
20030.0 0.0
20040.0 0.0
20050.0 4.000000000000001e-06
20060.0 7e-06
20070.0 4.000000000000001e-06
20080.0 0.0
20090.0 2.0000000000000003e-06
20100.0 4.000000000000001e-06
20110.0 5.999999999999999e-06
20120.0 8.000000000000001e-06
20130.0 4.000000000000001e-06
20140.0 0.0
20150.0 2.9999999999999997e-06
20160.0 5e-06
20170.0 5e-06
20180.0 5e-06
20190.0 2.9999999999999997e-06
20200.0 1e-05
20210.0 5e-06
20220.0 0.0
20230.0 0.0
20240.0 0.0
20250.0 0.0
20260.0 0.0
20270.0 1.0000000000000002e-06
20280.0 2.0000000000000003e-06
20290.0 5.999999999999999e-06
20300.0 1e-05
20310.0 5e-06
20320.0 0.0
20330.0 2.0000000000000003e-06
20340.0 4.000000000000001e-06
20350.0 4.000000000000001e-06
20360.0 4.000000000000001e-06
20370.0 2.0000000000000003e-06
20380.0 0.0
20390.0 2.0000000000000003e-06
20400.0 4.000000000000001e-06
20410.0 7e-06
20420.0 9e-06
20430.0 5e-06
20440.0 0.0
20450.0 1.0000000000000002e-06
20460.0 2.0000000000000003e-06
20470.0 4.000000000000001e-06
20480.0 5e-06
20490.0 2.9999999999999997e-06
20500.0 0.0
20510.0 0.0
20520.0 0.0
20530.0 7e-06
20540.0 1.3e-05
20550.0 7e-06
20560.0 0.0
20570.0 0.0
20580.0 0.0
20590.0 5e-06
20600.0 1e-05
20610.0 8.000000000000001e-06
20620.0 5.999999999999999e-06
20630.0 2.9999999999999997e-06
20640.0 0.0
20650.0 2.9999999999999997e-06
20660.0 5.999999999999999e-06
20670.0 4.000000000000001e-06
20680.0 2.0000000000000003e-06
20690.0 1.0000000000000002e-06
20700.0 0.0
20710.0 2.0000000000000003e-06
20720.0 2.9999999999999997e-06
20730.0 2.0000000000000003e-06
20740.0 0.0
20750.0 0.0
20760.0 0.0
20770.0 4.000000000000001e-06
20780.0 8.000000000000001e-06
20790.0 5.999999999999999e-06
20800.0 4.000000000000001e-06
20810.0 2.0000000000000003e-06
20820.0 0.0
20830.0 5e-06
20840.0 9e-06
20850.0 5.999999999999999e-06
20860.0 2.9999999999999997e-06
20870.0 2.0000000000000003e-06
20880.0 0.0
20890.0 2.9999999999999997e-06
20900.0 5e-06
20910.0 5.999999999999999e-06
20920.0 5.999999999999999e-06
20930.0 2.9999999999999997e-06
20940.0 0.0
20950.0 2.0000000000000003e-06
20960.0 2.9999999999999997e-06
20970.0 2.0000000000000003e-06
20980.0 0.0
20990.0 0.0
21000.0 0.0
21010.0 2.9999999999999997e-06
21020.0 5.999999999999999e-06
21030.0 9e-06
21040.0 1.1000000000000001e-05
21050.0 5.999999999999999e-06
21060.0 0.0
21070.0 2.9999999999999997e-06
21080.0 5.999999999999999e-06
21090.0 5.999999999999999e-06
21100.0 5e-06
21110.0 2.9999999999999997e-06
21120.0 0.0
21130.0 2.0000000000000003e-06
21140.0 2.9999999999999997e-06
21150.0 5e-06
21160.0 7e-06
21170.0 4.000000000000001e-06
21180.0 0.0
21190.0 1.0000000000000002e-06
21200.0 1.0000000000000002e-06
21210.0 1.0000000000000002e-06
21220.0 0.0
21230.0 0.0
21240.0 0.0
21250.0 4.000000000000001e-06
21260.0 7e-06
21270.0 1e-05
21280.0 1.1999999999999999e-05
21290.0 5.999999999999999e-06
21300.0 0.0
21310.0 2.0000000000000003e-06
21320.0 2.9999999999999997e-06
21330.0 5.999999999999999e-06
21340.0 9e-06
21350.0 5e-06
21360.0 0.0
21370.0 2.9999999999999997e-06
21380.0 5.999999999999999e-06
21390.0 9e-06
21400.0 1.1999999999999999e-05
21410.0 1.0000000000000002e-06
21420.0 1e-05
21430.0 5e-06
21440.0 0.0
21450.0 2.0000000000000003e-06
21460.0 4.000000000000001e-06
21470.0 2.0000000000000003e-06
21480.0 0.0
21490.0 2.0000000000000003e-06
21500.0 4.000000000000001e-06
21510.0 8.000000000000001e-06
21520.0 1.1999999999999999e-05
21530.0 5.999999999999999e-06
21540.0 0.0
21550.0 1.0000000000000002e-06
21560.0 2.0000000000000003e-06
21570.0 2.0000000000000003e-06
21580.0 2.0000000000000003e-06
21590.0 1.0000000000000002e-06
21600.0 0.0
21610.0 5e-06
21620.0 1e-05
21630.0 4.000000000000001e-06
21640.0 2.0000000000000003e-06
21650.0 1.0000000000000002e-06
21660.0 0.0
21670.0 0.0
21680.0 0.0
21690.0 0.0
21700.0 0.0
21710.0 0.0
21720.0 0.0
21730.0 5e-06
21740.0 1e-05
21750.0 4.000000000000001e-06
21760.0 2.9999999999999997e-06
21770.0 2.0000000000000003e-06
21780.0 0.0
21790.0 0.0
21800.0 0.0
21810.0 4.000000000000001e-06
21820.0 7e-06
21830.0 4.000000000000001e-06
21840.0 0.0
21850.0 0.0
21860.0 0.0
21870.0 7e-06
21880.0 1.3e-05
21890.0 8.000000000000001e-06
21900.0 2.0000000000000003e-06
21910.0 1.0000000000000002e-06
21920.0 0.0
21930.0 4.000000000000001e-06
21940.0 7e-06
21950.0 2.0000000000000003e-06
21960.0 1e-05
21970.0 1e-05
21980.0 1e-05
21990.0 4.000000000000001e-06
22000.0 1.8e-05
22010.0 4.000000000000001e-06
22020.0 1e-05
22030.0 1e-05
22040.0 1e-05
22050.0 2.0000000000000003e-06
22060.0 1.4e-05
22070.0 7e-06
22080.0 0.0
22090.0 5e-06
22100.0 1e-05
22110.0 2.9999999999999997e-06
22120.0 5e-06
22130.0 7e-06
22140.0 8.000000000000001e-06
22150.0 4.000000000000001e-06
22160.0 0.0
22170.0 1.5e-05
22180.0 3e-05
22190.0 1.7e-05
22200.0 4.000000000000001e-06
22210.0 2.0000000000000003e-06
22220.0 0.0
22230.0 9e-06
22240.0 1.8e-05
22250.0 1.1000000000000001e-05
22260.0 2.9999999999999997e-06
22270.0 4.000000000000001e-06
22280.0 5e-06
22290.0 1.6000000000000003e-05
22300.0 2.6e-05
22310.0 1.3e-05
22320.0 0.0
22330.0 2.0000000000000003e-06
22340.0 2.9999999999999997e-06
22350.0 1.7e-05
22360.0 3.1e-05
22370.0 2.3e-05
22380.0 1.5e-05
22390.0 2.9999999999999997e-06
22400.0 1e-05
22410.0 1.1999999999999999e-05
22420.0 3.4e-05
22430.0 2.8e-05
22440.0 2.2000000000000003e-05
22450.0 1.1999999999999999e-05
22460.0 1.0000000000000002e-06
22470.0 1.8e-05
22480.0 3.4e-05
22490.0 2e-05
22500.0 5e-06
22510.0 2.9999999999999997e-06
22520.0 1e-05
22530.0 1.0000000000000002e-06
22540.0 9e-06
22550.0 7e-06
22560.0 4.000000000000001e-06
22570.0 2.9999999999999997e-06
22580.0 1e-05
22590.0 5e-06
22600.0 1.9e-05
22610.0 1.1999999999999999e-05
22620.0 4.000000000000001e-06
22630.0 2.9999999999999997e-06
22640.0 1e-05
22650.0 5.999999999999999e-06
22660.0 2.2000000000000003e-05
22670.0 1.5e-05
22680.0 8.000000000000001e-06
22690.0 5.999999999999999e-06
22700.0 2e-05
22710.0 0.0
22720.0 2.1e-05
22730.0 1.1000000000000001e-05
22740.0 0.0
22750.0 1.5e-05
22760.0 3e-05
22770.0 2.9999999999999997e-06
22780.0 2.5e-05
22790.0 1.3e-05
22800.0 0.0
22810.0 1.5e-05
22820.0 3e-05
22830.0 2.0000000000000003e-06
22840.0 2.6e-05
22850.0 1.7e-05
22860.0 7e-06
22870.0 7e-06
22880.0 2e-05
22890.0 5e-06
22900.0 1e-05
22910.0 0.0
22920.0 1e-05
22930.0 1e-05
22940.0 1e-05
22950.0 2.0000000000000003e-06
22960.0 1.4e-05
22970.0 2.0000000000000003e-06
22980.0 1e-05
22990.0 1e-05
23000.0 1e-05
23010.0 5e-06
23020.0 2e-05
23030.0 1.1000000000000001e-05
23040.0 2.0000000000000003e-06
23050.0 9e-06
23060.0 2e-05
23070.0 2.0000000000000003e-06
23080.0 2.3999999999999997e-05
23090.0 1.3e-05
23100.0 1.0000000000000002e-06
23110.0 1.0000000000000002e-06
23120.0 0.0
23130.0 1.1000000000000001e-05
23140.0 2.1e-05
23150.0 1.1999999999999999e-05
23160.0 2.9999999999999997e-06
23170.0 2.0000000000000003e-06
23180.0 0.0
23190.0 1.0000000000000002e-06
23200.0 2.0000000000000003e-06
23210.0 5.999999999999999e-06
23220.0 1e-05
23230.0 8.000000000000001e-06
23240.0 5e-06
23250.0 8.000000000000001e-06
23260.0 1.1000000000000001e-05
23270.0 5.999999999999999e-06
23280.0 0.0
23290.0 2.9999999999999997e-06
23300.0 5.999999999999999e-06
23310.0 5.999999999999999e-06
23320.0 5e-06
23330.0 5.999999999999999e-06
23340.0 7e-06
23350.0 1.1000000000000001e-05
23360.0 1.5e-05
23370.0 1.1999999999999999e-05
23380.0 8.000000000000001e-06
23390.0 5.999999999999999e-06
23400.0 4.000000000000001e-06
23410.0 2.9999999999999997e-06
23420.0 1e-05
23430.0 5e-06
23440.0 0.0
23450.0 2.9999999999999997e-06
23460.0 5.999999999999999e-06
23470.0 5e-06
23480.0 2.9999999999999997e-06
23490.0 2.0000000000000003e-06
23500.0 0.0
23510.0 0.0
23520.0 0.0
23530.0 0.0
23540.0 0.0
23550.0 4.000000000000001e-06
23560.0 8.000000000000001e-06
23570.0 7e-06
23580.0 5e-06
23590.0 2.9999999999999997e-06
23600.0 1.0000000000000002e-06
23610.0 1.0000000000000002e-06
23620.0 0.0
23630.0 0.0
23640.0 0.0
23650.0 1.0000000000000002e-06
23660.0 1.0000000000000002e-06
23670.0 5e-06
23680.0 1e-05
23690.0 5e-06
23700.0 0.0
23710.0 4.000000000000001e-06
23720.0 7e-06
23730.0 4.000000000000001e-06
23740.0 1.0000000000000002e-06
23750.0 1.3e-05
23760.0 2.3999999999999997e-05
23770.0 1.8e-05
23780.0 1.1000000000000001e-05
23790.0 7e-06
23800.0 2.0000000000000003e-06
23810.0 9e-06
23820.0 1.5e-05
23830.0 1.7e-05
23840.0 1.8e-05
23850.0 4.000000000000001e-06
23860.0 1e-05
23870.0 1e-05
23880.0 1e-05
23890.0 2.9999999999999997e-06
23900.0 1.6000000000000003e-05
23910.0 8.000000000000001e-06
23920.0 0.0
23930.0 4.000000000000001e-06
23940.0 8.000000000000001e-06
23950.0 5.999999999999999e-06
23960.0 2.9999999999999997e-06
23970.0 4.000000000000001e-06
23980.0 1e-05
23990.0 2.9999999999999997e-06
24000.0 4.000000000000001e-06
24010.0 2.0000000000000003e-06
24020.0 0.0
24030.0 0.0
24040.0 0.0
24050.0 0.0
24060.0 0.0
24070.0 1.0000000000000002e-06
24080.0 2.0000000000000003e-06
24090.0 4.000000000000001e-06
24100.0 1e-05
24110.0 1.0000000000000002e-06
24120.0 9e-06
24130.0 1.0000000000000002e-06
24140.0 1e-05
24150.0 1.0000000000000002e-06
24160.0 9e-06
24170.0 1.4e-05
24180.0 1.9e-05
24190.0 5e-06
24200.0 1e-05
24210.0 5e-06
24220.0 0.0
24230.0 8.000000000000001e-06
24240.0 1.5e-05
24250.0 9e-06
24260.0 2.0000000000000003e-06
24270.0 1e-05
24280.0 1.7e-05
24290.0 1.1000000000000001e-05
24300.0 4.000000000000001e-06
24310.0 8.000000000000001e-06
24320.0 2e-05
24330.0 1e-05
24340.0 1.0000000000000002e-06
24350.0 1.0000000000000002e-06
24360.0 0.0
24370.0 1e-05
24380.0 2e-05
24390.0 1e-05
24400.0 0.0
24410.0 2.0000000000000003e-06
24420.0 4.000000000000001e-06
24430.0 2.0000000000000003e-06
24440.0 0.0
24450.0 4.000000000000001e-06
24460.0 7e-06
24470.0 1.6000000000000003e-05
24480.0 2.3999999999999997e-05
24490.0 2.5e-05
24500.0 2.5e-05
24510.0 1.8e-05
24520.0 1.1000000000000001e-05
24530.0 1.5e-05
24540.0 1.9e-05
24550.0 1.5e-05
24560.0 1e-05
24570.0 1.8e-05
24580.0 2.5e-05
24590.0 8.000000000000001e-06
24600.0 1e-05
24610.0 1e-05
24620.0 1e-05
24630.0 5e-06
24640.0 2e-05
24650.0 1.1999999999999999e-05
24660.0 2.9999999999999997e-06
24670.0 9e-06
24680.0 2e-05
24690.0 1e-05
24700.0 0.0
24710.0 1.5e-05
24720.0 3e-05
24730.0 2e-05
24740.0 1e-05
24750.0 5e-06
24760.0 0.0
24770.0 5e-06
24780.0 1e-05
24790.0 5e-06
24800.0 0.0
24810.0 3.5000000000000004e-05
24820.0 6.9e-05
24830.0 8.7e-05
24840.0 0.000105
24850.0 7.2e-05
24860.0 3.9e-05
24870.0 3.1e-05
24880.0 2.3e-05
24890.0 4.000000000000001e-06
24900.0 3e-05
24910.0 1.5e-05
24920.0 0.0
24930.0 5e-06
24940.0 1e-05
24950.0 1.5e-05
24960.0 2e-05
24970.0 9e-06
24980.0 2.0000000000000003e-06
24990.0 2.9999999999999997e-06
25000.0 4.000000000000001e-06
25031.300000000003 0.000112
25062.7 0.000154
25094.1 8.999999999999999e-05
25125.6 0.00037400000000000004
25157.199999999997 0.000211
25188.899999999998 0.000101
25220.7 0.000111
25252.5 0.000499
25284.5 0.000123
25316.5 0.000142
25348.5 0.000239
25380.7 0.00010300000000000001
25413.0 0.000147
25445.300000000003 1.1999999999999999e-05
25477.7 0.000101
25510.2 0.00030900000000000003
25542.800000000003 0.000321
25575.4 0.000116
25608.2 0.000257
25641.0 1.3e-05
25673.899999999998 2.3e-05
25706.9 0.00014900000000000002
25740.0 5.2e-05
25773.2 0.00014800000000000002
25806.5 8.3e-05
25839.8 0.000406
25873.2 0.000181
25906.7 8.800000000000001e-05
25940.300000000003 3.1e-05
25974.0 6.7e-05
26007.800000000003 0.00037400000000000004
26041.7 4.7999999999999994e-05
26075.6 0.000208
26109.699999999997 0.000358
26143.800000000003 0.000252
26178.0 2.3999999999999997e-05
26212.3 0.000254
26246.7 0.00045900000000000004
26281.199999999997 0.000254
26315.8 6.6e-05
26350.5 3.3e-05
26385.2 3.9e-05
26420.100000000002 0.000281
26455.0 5.3e-05
26490.100000000002 5.2e-05
26525.2 0.000152
26560.4 0.000349
26595.7 0.000332
26631.199999999997 0.000156
26666.7 0.000207
26702.3 0.00040500000000000003
26738.0 0.000214
26773.800000000003 7.900000000000001e-05
26809.699999999997 0.000264
26845.6 0.000208
26881.7 0.000308
26917.9 9.599999999999999e-05
26954.2 0.00035700000000000006
26990.6 0.000319
27027.0 0.000171
27063.600000000002 0.00018700000000000002
27100.300000000003 0.000292
27137.0 1e-05
27173.899999999998 8.7e-05
27210.9 0.00035200000000000005
27248.0 0.000155
27285.100000000002 8.000000000000001e-06
27322.399999999998 8.6e-05
27359.8 8.800000000000001e-05
27397.3 7.7e-05
27434.8 0.000293
27472.5 6.6e-05
27510.300000000003 5.8e-05
27548.2 0.000196
27586.199999999997 0.00028500000000000004
27624.3 6.1000000000000005e-05
27662.5 0.000306
27700.8 0.000312
27739.3 1.3e-05
27777.800000000003 9.5e-05
27816.399999999998 0.000152
27855.2 0.000343
27894.0 6.6e-05
27933.0 0.000278
27972.0 1.1000000000000001e-05
28011.199999999997 0.000152
28050.5 0.000129
28089.899999999998 0.000261
28129.4 0.000225
28169.0 0.000252
28208.699999999997 0.000356
28248.600000000002 0.000259
28288.5 3.3e-05
28328.600000000002 2.6e-05
28368.800000000003 7.1e-05
28409.1 0.000165
28449.5 6.9e-05
28490.0 0.000308
28530.7 0.000162
28571.399999999998 5e-05
28612.3 0.00010800000000000001
28653.3 0.000203
28694.4 7.400000000000001e-05
28735.6 1.1000000000000001e-05
28777.0 0.000479
28818.4 9.599999999999999e-05
28860.0 0.000229
28901.7 2.1e-05
28943.600000000002 5.6e-05
28985.5 0.000203
29027.600000000002 4e-05
29069.8 0.000127
29112.1 0.0002
29154.5 9.599999999999999e-05
29197.1 0.000118
29239.8 0.000152
29282.600000000002 0.000279
29325.5 0.00012
29368.600000000002 0.00016400000000000003
29411.8 0.000194
29455.100000000002 7e-06
29498.5 0.00012800000000000002
29542.1 7.2e-05
29585.8 0.00029
29629.6 0.00010200000000000001
29673.600000000002 0.00023400000000000002
29717.7 0.00043700000000000005
29761.9 9.5e-05
29806.300000000003 0.00021600000000000002
29850.7 0.000341
29895.4 0.000693
29940.100000000002 0.000378
29985.0 0.0009
30030.0 0.000522
30075.2 0.000736
30120.5 0.0008730000000000001
30165.9 0.000491
30211.5 0.0009180000000000001
30257.199999999997 0.001157
30303.0 0.001592
30349.0 0.0018160000000000001
30395.100000000002 0.0023780000000000003
30441.399999999998 0.0027350000000000005
30487.800000000003 0.003453
30534.4 0.004286
30581.0 0.005331000000000001
30627.9 0.00651
30674.8 0.008255
30722.0 0.011918
30769.2 0.016173
30816.6 0.021216
30864.2 0.027416
30911.9 0.03483
30959.8 0.038105
31007.800000000003 0.034666999999999996
31055.9 0.027947000000000003
31104.2 0.022612
31152.600000000002 0.017382
31201.199999999997 0.012398000000000001
31250.0 0.009232
31298.899999999998 0.008343000000000001
31348.0 0.006777
31397.199999999997 0.0052910000000000006
31446.5 0.004545
31496.100000000002 0.004314
31545.7 0.0037530000000000003
31595.6 0.003251
31645.6 0.0028599999999999997
31695.7 0.002784
31746.0 0.002805
31796.5 0.002122
31847.1 0.002058
31897.9 0.002007
31948.899999999998 0.001853
32000.0 0.001957
