#NOT_r
#photon
#NOT r band http://www.not.iac.es/instruments/filters/filters.php
#filter #110 r' SDSS
#grism #4, 1.2" slit, GG420 order sorter 
#measured 7.11.2004 in ALFOSC by Jyri Naranen
3688.57385373897  0.002475299
3691.71316545669  0.001516938
3694.85247717441  0.004053161
3697.99178889213  0.00482133
3701.13110060986  0.00897368
3704.27041232758  0.008280545
3707.4097240453  0.0152294
3710.54903576302  0.007306479
3713.68834748074  0.004586719
3716.82765919846  0.004085116
3719.96697091619  0.006768018
3723.10628263391  0.01266745
3726.24559435163  0.01342425
3729.38490606935  0.01327579
3732.52421778707  0.01578449
3735.6635295048  0.01090407
3738.80284122252  0.009734921
3741.94215294024  0.01520884
3745.08146465796  0.0131489
3748.22077637568  0.01607625
3751.36008809341  0.017574
3754.49939981113  0.01802441
3757.63871152885  0.01661023
3760.77802324657  0.02165411
3763.91733496429  0.02208705
3767.05664668202  0.01779829
3770.19595839974  0.02217467
3773.33527011746  0.0224366
3776.47458183518  0.0207755
3779.6138935529  0.01967967
3782.75320527062  0.01697592
3785.89251698835  0.022323
3789.03182870607  0.02212973
3792.17114042379  0.01785515
3795.31045214151  0.02531207
3798.44976385923  0.02663167
3801.58907557696  0.01832563
3804.72838729468  0.026389
3807.8676990124  0.02343247
3811.00701073012  0.02027239
3814.14632244784  0.01931033
3817.28563416557  0.03022594
3820.42494588329  0.02989135
3823.56425760101  0.03048085
3826.70356931873  0.03227918
3829.84288103645  0.02688831
3832.98219275418  0.02644286
3836.1215044719  0.02579915
3839.26081618962  0.03173576
3842.40012790734  0.03523387
3845.53943962506  0.02637224
3848.67875134279  0.02818113
3851.81806306051  0.02904005
3854.95737477823  0.02965803
3858.09668649595  0.02498769
3861.23599821367  0.02560426
3864.37530993139  0.02838108
3867.51462164912  0.0307971
3870.65393336684  0.0333745
3873.79324508456  0.0327199
3876.93255680228  0.03210402
3880.07186852  0.03234693
3883.21118023773  0.03194241
3886.35049195545  0.03025006
3889.48980367317  0.02960429
3892.62911539089  0.03526138
3895.76842710861  0.03576905
3898.90773882634  0.03483913
3902.04705054406  0.03163912
3905.18636226178  0.02985606
3908.3256739795  0.031908
3911.46498569722  0.03525034
3914.60429741494  0.04056752
3917.74360913267  0.03906485
3920.88292085039  0.03639667
3924.02223256811  0.04545835
3927.16154428583  0.04516877
3930.30085600355  0.03635669
3933.44016772128  0.03957337
3936.579479439  0.04319681
3939.71879115672  0.03924122
3942.85810287444  0.04150741
3945.99741459216  0.04863357
3949.13672630989  0.04436836
3952.27603802761  0.04771135
3955.41534974533  0.04657045
3958.55466146305  0.04179225
3961.69397318077  0.04742268
3964.83328489849  0.04785112
3967.97259661622  0.04977402
3971.11190833394  0.05028185
3974.25122005166  0.05603722
3977.39053176938  0.04933363
3980.52984348711  0.05229237
3983.66915520483  0.05239342
3986.80846692255  0.0510704
3989.94777864027  0.05334805
3993.08709035799  0.05092207
3996.22640207571  0.049705
3999.36571379344  0.05332458
4002.50502551116  0.04864376
4005.64433722888  0.04831731
4008.7836489466  0.04801723
4011.92296066432  0.05283783
4015.06227238205  0.05557479
4018.20158409977  0.0463274
4021.34089581749  0.05312961
4024.48020753521  0.0504691
4027.61951925293  0.04431337
4030.75883097065  0.04540878
4033.89814268838  0.04667007
4037.0374544061  0.04092546
4040.17676612382  0.04880368
4043.31607784154  0.0461781
4046.45538955927  0.04462095
4049.59470127699  0.04314457
4052.73401299471  0.04184199
4055.87332471243  0.04053173
4059.01263643015  0.03965034
4062.15194814787  0.03972966
4065.2912598656  0.03802034
4068.43057158332  0.03609565
4071.56988330104  0.04126465
4074.70919501876  0.03692389
4077.84850673648  0.03313421
4080.98781845421  0.03648719
4084.12713017193  0.03388445
4087.26644188965  0.03392766
4090.40575360737  0.03016872
4093.54506532509  0.03005262
4096.68437704281  0.02874798
4099.82368876054  0.02631193
4102.96300047826  0.02809784
4106.10231219598  0.02623232
4109.2416239137  0.02365872
4112.38093563142  0.02292444
4115.52024734915  0.02652659
4118.65955906687  0.02918332
4121.79887078459  0.03022784
4124.93818250231  0.03000588
4128.07749422004  0.034665
4131.21680593776  0.03038565
4134.35611765548  0.03145069
4137.4954293732  0.02963721
4140.63474109092  0.02802796
4143.77405280864  0.02719892
4146.91336452636  0.0291645
4150.05267624409  0.02681235
4153.19198796181  0.02607372
4156.33129967953  0.02473121
4159.47061139725  0.02488894
4162.60992311498  0.02257412
4165.7492348327  0.02297818
4168.88854655042  0.02393103
4172.02785826814  0.01797617
4175.16716998586  0.01804681
4178.30648170358  0.02138361
4181.44579342131  0.01992014
4184.58510513903  0.02066874
4187.72441685675  0.02315135
4190.86372857447  0.02501946
4194.00304029219  0.02725656
4197.14235200992  0.0241496
4200.28166372764  0.02774063
4203.42097544536  0.03201222
4206.56028716308  0.02892068
4209.6995988808  0.0263492
4212.83891059853  0.0261866
4215.97822231625  0.02618275
4219.11753403397  0.0249394
4222.25684575169  0.02355811
4225.39615746941  0.02392127
4228.53546918713  0.02057235
4231.67478090486  0.0199188
4234.81409262258  0.01962515
4237.9534043403  0.01817958
4241.09271605802  0.0164586
4244.23202777574  0.01655423
4247.37133949347  0.01622353
4250.51065121119  0.01732158
4253.64996292891  0.01872359
4256.78927464663  0.01693992
4259.92858636435  0.01833383
4263.06789808208  0.01758579
4266.2072097998  0.01585847
4269.34652151752  0.01888759
4272.48583323524  0.01740345
4275.62514495296  0.01689891
4278.76445667068  0.01390297
4281.90376838841  0.01295698
4285.04308010613  0.01282452
4288.18239182385  0.01196383
4291.32170354157  0.01419393
4294.4610152593  0.01515656
4297.60032697702  0.01141293
4300.73963869474  0.01206402
4303.87895041246  0.009543601
4307.01826213018  0.01002201
4310.1575738479  0.009289797
4313.29688556563  0.00925117
4316.43619728335  0.01047621
4319.57550900107  0.01094797
4322.71482071879  0.009801522
4325.85413243651  0.01081264
4328.99344415424  0.01130438
4332.13275587196  0.009095479
4335.27206758968  0.009036954
4338.4113793074  0.00862544
4341.55069102512  0.007845704
4344.69000274284  0.00935996
4347.82931446057  0.008493293
4350.96862617829  0.007508501
4354.10793789601  0.006845873
4357.24724961373  0.01087769
4360.38656133145  0.0117342
4363.52587304918  0.009050775
4366.6651847669  0.01149675
4369.80449648462  0.01263475
4372.94380820234  0.01207028
4376.08311992006  0.01154706
4379.22243163779  0.008473121
4382.36174335551  0.01177423
4385.50105507323  0.01029768
4388.64036679095  0.009850834
4391.77967850867  0.006208569
4394.9189902264  0.008392747
4398.05830194412  0.006485488
4401.19761366184  0.007756095
4404.33692537956  0.008139476
4407.47623709728  0.009739153
4410.61554881501  0.01292397
4413.75486053273  0.01091177
4416.89417225045  0.00987969
4420.03348396817  0.0103824
4423.17279568589  0.01056831
4426.31210740361  0.008378793
4429.45141912134  0.007014282
4432.59073083906  0.008591507
4435.73004255678  0.01010238
4438.8693542745  0.00857757
4442.00866599222  0.008804064
4445.14797770995  0.01107316
4448.28728942767  0.01081388
4451.42660114539  0.01239054
4454.56591286311  0.009938855
4457.70522458083  0.01112816
4460.84453629856  0.009472277
4463.98384801628  0.009367231
4467.123159734  0.008232381
4470.26247145172  0.009925496
4473.40178316944  0.01039517
4476.54109488716  0.008418486
4479.68040660489  0.007222988
4482.81971832261  0.006755158
4485.95903004033  0.007079694
4489.09834175805  0.00653303
4492.23765347577  0.005990826
4495.3769651935  0.005720194
4498.51627691122  0.007608715
4501.65558862894  0.005266529
4504.79490034666  0.005741324
4507.93421206438  0.004098918
4511.07352378211  0.005457468
4514.21283549983  0.006300561
4517.35214721755  0.005955249
4520.49145893527  0.00512407
4523.63077065299  0.005039837
4526.77008237072  0.003085691
4529.90939408844  0.004168723
4533.04870580616  0.003784299
4536.18801752388  0.003862534
4539.3273292416  0.003879063
4542.46664095933  0.003772747
4545.60595267705  0.003091026
4548.74526439477  0.003153112
4551.88457611249  0.002925027
4555.02388783021  0.00322013
4558.16319954793  0.002322223
4561.30251126566  0.002329346
4564.44182298338  0.003277738
4567.5811347011  0.001963511
4570.72044641882  0.002270598
4573.85975813654  0.003832202
4576.99906985426  0.004704628
4580.13838157199  0.003522903
4583.27769328971  0.003941089
4586.41700500743  0.004634432
4589.55631672515  0.005523089
4592.69562844288  0.004069
4595.8349401606  0.002722334
4598.97425187832  0.003016088
4602.11356359604  0.00354369
4605.25287531376  0.002235234
4608.39218703149  0.003258456
4611.53149874921  0.003910881
4614.67081046693  0.003583577
4617.81012218465  0.003300123
4620.94943390237  0.002428003
4624.08874562009  0.004089374
4627.22805733782  0.003853906
4630.36736905554  0.003514625
4633.50668077326  0.003807444
4636.64599249098  0.004215747
4639.7853042087  0.003473055
4642.92461592643  0.003676038
4646.06392764415  0.004128102
4649.20323936187  0.005342439
4652.34255107959  0.004501697
4655.48186279731  0.003665794
4658.62117451503  0.00411772
4661.76048623276  0.002890706
4664.89979795048  0.002225798
4668.0391096682  0.002681047
4671.17842138592  0.002688363
4674.31773310364  0.002822891
4677.45704482137  0.002167106
4680.59635653909  0.001594711
4683.73566825681  0.002087649
4686.87497997453  0.001870077
4690.01429169225  0.002548032
4693.15360340998  0.002233371
4696.2929151277  0.001116054
4699.43222684542  0.002440551
4702.57153856314  0.001534853
4705.71085028086  5.275924E-4
4708.85016199859  0.002203777
4711.98947371631  0.001568217
4715.12878543403  0.001308877
4718.26809715175  0.00163589
4721.40740886947  8.093137E-4
4724.54672058719  0.001058483
4727.68603230492  0.002485383
4730.82534402264  0.001095658
4733.96465574036  0.001398066
4737.10396745808  9.453818E-4
4740.24327917581  2.335347E-4
4743.38259089353  0.001587413
4746.52190261125  1.863502E-4
4749.66121432897  -7.010400E-4
4752.80052604669  -5.878620E-4
4755.93983776441  9.220298E-4
4759.07914948214  0.001135614
4762.21846119986  7.798970E-4
4765.35777291758  3.276803E-4
4768.4970846353  3.348198E-4
4771.63639635302  9.342935E-4
4774.77570807075  0.001411524
4777.91501978847  6.785002E-4
4781.05433150619  2.879035E-4
4784.19364322391  0.001204304
4787.33295494163  2.577677E-4
4790.47226665935  0.001088407
4793.61157837708  0.001357308
4796.7508900948  0.001238056
4799.89020181252  0.001491798
4803.02951353024  5.917121E-4
4806.16882524796  5.951971E-4
4809.30813696569  0.001273012
4812.44744868341  4.785098E-4
4815.58676040113  0.001039233
4818.72607211885  0.001317685
4821.86538383657  4.422534E-4
4825.0046955543  0.001144255
4828.14400727202  7.733926E-4
4831.28331898974  8.532964E-5
4834.42263070746  -2.542324E-4
4837.56194242518  2.793074E-4
4840.70125414291  6.329585E-4
4843.84056586063  2.228953E-4
4846.97987757835  5.470216E-5
4850.11918929607  7.168222E-4
4853.25850101379  6.456841E-4
4856.39781273151  6.033033E-4
4859.53712444924  -4.774537E-4
4862.67643616696  -4.957858E-4
4865.81574788468  -5.544946E-4
4868.9550596024  -0.001041554
4872.09437132012  -0.001494883
4875.23368303785  -1.219548E-4
4878.37299475557  -2.443977E-4
4881.51230647329  6.600805E-4
4884.65161819101  3.541727E-4
4887.79092990873  7.701088E-4
4890.93024162646  9.621400E-4
4894.06955334418  0.001136377
4897.2088650619  -6.793756E-4
4900.34817677962  4.891306E-4
4903.48748849734  0.001023356
4906.62680021507  3.918577E-4
4909.76611193279  -6.462969E-4
4912.90542365051  -1.361184E-4
4916.04473536823  -6.730165E-4
4919.18404708595  -7.034279E-5
4922.32335880368  8.228291E-4
4925.4626705214  0.001010407
4928.60198223912  -9.602495E-4
4931.74129395684  -5.206950E-4
4934.88060567456  -4.281849E-5
4938.01991739228  -2.400391E-5
4941.15922911001  7.594787E-4
4944.29854082773  4.974008E-5
4947.43785254545  -8.810256E-4
4950.57716426317  -5.158465E-4
4953.71647598089  -1.046304E-4
4956.85578769862  3.779512E-4
4959.99509941634  4.826486E-5
4963.13441113406  1.516417E-4
4966.27372285178  2.390277E-4
4969.4130345695  -2.923422E-5
4972.55234628723  -3.374256E-4
4975.69165800495  -5.041230E-4
4978.83096972267  -4.978608E-4
4981.97028144039  -8.652136E-4
4985.10959315811  -6.466769E-4
4988.24890487583  -4.846901E-4
4991.38821659356  -0.001043178
4994.52752831128  -7.215925E-4
4997.666840029  0.001259621
5000.80615174672  5.214754E-4
5003.94546346444  7.128157E-5
5007.08477518217  3.659707E-4
5010.22408689989  1.264475E-4
5013.36339861761  3.407877E-4
5016.50271033533  -2.190080E-4
5019.64202205305  3.995411E-4
5022.78133377078  6.706193E-4
5025.9206454885  1.601204E-4
5029.05995720622  7.042494E-4
5032.19926892394  6.316490E-4
5035.33858064166  7.280707E-5
5038.47789235939  4.467666E-4
5041.61720407711  0.001132412
5044.75651579483  5.021747E-4
5047.89582751255  2.979171E-4
5051.03513923027  3.968831E-4
5054.174450948  3.790371E-4
5057.31376266572  -5.205143E-4
5060.45307438344  -9.533018E-6
5063.59238610116  -3.986582E-4
5066.73169781888  -1.264140E-4
5069.8710095366  1.504030E-4
5073.01032125433  -9.311605E-4
5076.14963297205  -7.617846E-4
5079.28894468977  -4.346408E-4
5082.42825640749  -1.698732E-6
5085.56756812521  3.180820E-4
5088.70687984294  1.599062E-4
5091.84619156066  1.808628E-5
5094.98550327838  -8.594058E-5
5098.1248149961  -3.799740E-4
5101.26412671382  1.042951E-4
5104.40343843155  -2.270192E-4
5107.54275014927  1.183599E-4
5110.68206186699  -6.035827E-4
5113.82137358471  -0.001258885
5116.96068530243  -1.161322E-4
5120.09999702016  1.600105E-4
5123.23930873788  4.503503E-5
5126.3786204556  8.973274E-4
5129.51793217332  -1.378488E-4
5132.65724389104  -1.473296E-4
5135.79655560877  3.837682E-4
5138.93586732649  -2.722926E-4
5142.07517904421  -7.008892E-4
5145.21449076193  -6.069802E-4
5148.35380247965  4.871562E-5
5151.49311419737  -4.698150E-5
5154.63242591509  4.906710E-4
5157.77173763282  3.451053E-4
5160.91104935054  -2.380870E-4
5164.05036106826  -3.640540E-5
5167.18967278598  3.436282E-4
5170.32898450371  -5.189516E-5
5173.46829622143  -6.678142E-4
5176.60760793915  -5.430728E-5
5179.74691965687  1.055170E-4
5182.88623137459  2.664160E-4
5186.02554309232  3.629047E-4
5189.16485481004  -3.722627E-4
5192.30416652776  6.430224E-5
5195.44347824548  -6.336905E-5
5198.5827899632  -8.376129E-5
5201.72210168092  -4.141219E-5
5204.86141339865  2.438761E-4
5208.00072511637  1.624674E-4
5211.14003683409  -9.875931E-5
5214.27934855181  4.593339E-4
5217.41866026954  5.979538E-4
5220.55797198725  -3.089607E-4
5223.69728370498  3.789105E-4
5226.8365954227  4.131887E-4
5229.97590714042  9.414740E-5
5233.11521885814  7.559452E-4
5236.25453057587  4.580282E-4
5239.39384229359  4.124567E-4
5242.53315401131  0.001262868
5245.67246572903  0.001600992
5248.81177744675  0.001622982
5251.95108916447  0.002335899
5255.0904008822  0.002501819
5258.22971259992  0.003226465
5261.36902431764  0.004732328
5264.50833603536  0.006245352
5267.64764775308  0.006812727
5270.78695947081  0.007578146
5273.92627118853  0.009880019
5277.06558290625  0.01092133
5280.20489462397  0.0112773
5283.34420634169  0.0122725
5286.48351805942  0.01357031
5289.62282977714  0.0145915
5292.76214149486  0.0147379
5295.90145321258  0.01578622
5299.0407649303  0.01789451
5302.18007664803  0.01930162
5305.31938836575  0.01992371
5308.45870008347  0.02177596
5311.59801180119  0.02481204
5314.73732351891  0.0255846
5317.87663523663  0.02860505
5321.01594695436  0.03193432
5324.15525867208  0.03510062
5327.2945703898  0.03841225
5330.43388210752  0.04108138
5333.57319382524  0.04435433
5336.71250554297  0.04888219
5339.85181726069  0.05334136
5342.99112897841  0.05773201
5346.13044069613  0.06250708
5349.26975241385  0.06876477
5352.40906413158  0.07323528
5355.5483758493  0.0797068
5358.68768756702  0.08656813
5361.82699928474  0.09364215
5364.96631100246  0.1014819
5368.10562272018  0.108875
5371.24493443791  0.1165822
5374.38424615563  0.1235179
5377.52355787335  0.1310133
5380.66286959107  0.1405192
5383.80218130879  0.1502848
5386.94149302652  0.1581645
5390.08080474424  0.1662475
5393.22011646196  0.1747066
5396.35942817968  0.1848
5399.4987398974  0.1918899
5402.63805161512  0.202782
5405.77736333285  0.2123402
5408.91667505057  0.2184708
5412.05598676829  0.2314189
5415.19529848601  0.2393863
5418.33461020374  0.2492276
5421.47392192146  0.2592771
5424.61323363918  0.2704712
5427.7525453569  0.2776669
5430.89185707462  0.2854029
5434.03116879234  0.2967578
5437.17048051007  0.3068376
5440.30979222779  0.314711
5443.44910394551  0.3240345
5446.58841566323  0.3343351
5449.72772738096  0.344047
5452.86703909868  0.3525549
5456.0063508164  0.3596976
5459.14566253412  0.3733425
5462.28497425184  0.3782444
5465.42428596956  0.3907105
5468.56359768729  0.3997036
5471.70290940501  0.4122082
5474.84222112273  0.4259215
5477.98153284045  0.4315293
5481.12084455817  0.4420852
5484.26015627589  0.4502013
5487.39946799362  0.4636932
5490.53877971134  0.4763598
5493.67809142906  0.4830411
5496.81740314678  0.4903078
5499.9567148645  0.5012571
5503.09602658223  0.5114523
5506.23533829995  0.5229445
5509.37465001767  0.531828
5512.51396173539  0.5395809
5515.65327345311  0.5462128
5518.79258517084  0.5566611
5521.93189688856  0.56512
5525.07120860628  0.5751137
5528.210520324  0.5854673
5531.34983204172  0.5893753
5534.48914375945  0.5955897
5537.62845547717  0.6080793
5540.76776719489  0.616277
5543.90707891261  0.6233349
5547.04639063033  0.6327568
5550.18570234805  0.635446
5553.32501406578  0.642108
5556.4643257835  0.6507756
5559.60363750122  0.6519929
5562.74294921894  0.6560783
5565.88226093666  0.6663111
5569.02157265439  0.6740453
5572.16088437211  0.6780621
5575.30019608983  0.6811938
5578.43950780755  0.6883158
5581.57881952527  0.6923305
5584.718131243  0.6998101
5587.85744296072  0.7049864
5590.99675467844  0.7103953
5594.13606639616  0.709133
5597.27537811388  0.71741
5600.41468983161  0.7216229
5603.55400154933  0.7268047
5606.69331326705  0.7244627
5609.83262498477  0.7314609
5612.97193670249  0.7334673
5616.11124842021  0.7370465
5619.25056013794  0.7478831
5622.38987185566  0.7518458
5625.52918357338  0.7549593
5628.6684952911  0.7547758
5631.80780700882  0.7564535
5634.94711872655  0.7639944
5638.08643044427  0.7718188
5641.22574216199  0.7793019
5644.36505387971  0.7787591
5647.50436559743  0.7768782
5650.64367731516  0.7804233
5653.78298903288  0.7855143
5656.9223007506  0.7856187
5660.06161246832  0.7921478
5663.20092418604  0.7959523
5666.34023590377  0.8035799
5669.47954762149  0.8069957
5672.61885933921  0.81197
5675.75817105693  0.8130808
5678.89748277465  0.8149308
5682.03679449237  0.8189691
5685.1761062101  0.8173503
5688.31541792782  0.8212225
5691.45472964554  0.8266997
5694.59404136326  0.8287784
5697.73335308098  0.8298814
5700.87266479871  0.8402047
5704.01197651643  0.8329158
5707.15128823415  0.8366194
5710.29059995187  0.8424602
5713.42991166959  0.8479319
5716.56922338732  0.8424969
5719.70853510504  0.8485569
5722.84784682276  0.8563251
5725.98715854048  0.857004
5729.1264702582  0.8536562
5732.26578197593  0.8581576
5735.40509369365  0.8604041
5738.54440541137  0.8564002
5741.68371712909  0.8585667
5744.82302884681  0.8596666
5747.96234056453  0.8661261
5751.10165228226  0.8623215
5754.24096399998  0.8584555
5757.3802757177  0.8666095
5760.51958743542  0.8659911
5763.65889915314  0.86502
5766.79821087087  0.8662374
5769.93752258859  0.8659279
5773.07683430631  0.8638625
5776.21614602403  0.8632371
5779.35545774175  0.8657218
5782.49476945947  0.8635363
5785.6340811772  0.865622
5788.77339289492  0.8645864
5791.91270461264  0.8652793
5795.05201633036  0.8654594
5798.19132804809  0.8698589
5801.33063976581  0.8654671
5804.46995148353  0.8683383
5807.60926320125  0.874289
5810.74857491897  0.8716406
5813.88788663669  0.8667154
5817.02719835442  0.8635079
5820.16651007214  0.86841
5823.30582178986  0.8730043
5826.44513350758  0.8672811
5829.5844452253  0.8650742
5832.72375694303  0.8659171
5835.86306866075  0.8662521
5839.00238037847  0.8644745
5842.14169209619  0.869422
5845.28100381391  0.8659673
5848.42031553164  0.8630363
5851.55962724936  0.8674945
5854.69893896708  0.8686059
5857.8382506848  0.8695601
5860.97756240252  0.8719689
5864.11687412025  0.8690419
5867.25618583797  0.8687707
5870.39549755569  0.8673726
5873.53480927341  0.8715298
5876.67412099113  0.8719119
5879.81343270885  0.8714117
5882.95274442658  0.8717754
5886.0920561443  0.8723021
5889.23136786202  0.8750945
5892.37067957974  0.8724977
5895.50999129746  0.8753978
5898.64930301519  0.8770681
5901.78861473291  0.8804229
5904.92792645063  0.8809752
5908.06723816835  0.8810081
5911.20654988607  0.8760276
5914.3458616038  0.8799911
5917.48517332152  0.8805625
5920.62448503924  0.8833041
5923.76379675696  0.8834897
5926.90310847468  0.8807391
5930.04242019241  0.8801261
5933.18173191013  0.880233
5936.32104362785  0.8826261
5939.46035534557  0.8805965
5942.59966706329  0.8811204
5945.73897878102  0.8830954
5948.87829049874  0.8821896
5952.01760221646  0.879445
5955.15691393418  0.8794981
5958.2962256519  0.8839301
5961.43553736962  0.8822351
5964.57484908735  0.8828316
5967.71416080507  0.8820944
5970.85347252279  0.8838325
5973.99278424051  0.8840698
5977.13209595823  0.8811359
5980.27140767596  0.8794072
5983.41071939368  0.879227
5986.5500311114  0.872749
5989.68934282912  0.8800172
5992.82865454684  0.8778055
5995.96796626456  0.8758128
5999.10727798229  0.8771117
6002.24658970001  0.8808365
6005.38590141773  0.8798513
6008.52521313545  0.8768063
6011.66452485318  0.8735366
6014.8038365709  0.8739071
6017.94314828862  0.8760604
6021.08246000634  0.8744188
6024.22177172406  0.873288
6027.36108344178  0.8717614
6030.50039515951  0.8762111
6033.63970687723  0.8717362
6036.77901859495  0.8729372
6039.91833031267  0.8746248
6043.05764203039  0.8721578
6046.19695374812  0.8787808
6049.33626546584  0.8728461
6052.47557718356  0.8717928
6055.61488890128  0.8757021
6058.754200619  0.8754539
6061.89351233673  0.8739269
6065.03282405445  0.8728532
6068.17213577217  0.8774167
6071.31144748989  0.8691759
6074.45075920761  0.8700634
6077.59007092533  0.8744408
6080.72938264306  0.8787322
6083.86869436078  0.8788429
6087.0080060785  0.8775209
6090.14731779622  0.8775386
6093.28662951394  0.8799605
6096.42594123167  0.8771031
6099.56525294939  0.8765266
6102.70456466711  0.8788244
6105.84387638483  0.8794247
6108.98318810255  0.8828591
6112.12249982027  0.8862089
6115.261811538  0.8885367
6118.40112325572  0.888253
6121.54043497344  0.8878356
6124.67974669116  0.8884454
6127.81905840888  0.8893204
6130.95837012661  0.8889998
6134.09768184433  0.8890631
6137.23699356205  0.8910254
6140.37630527977  0.8910167
6143.51561699749  0.8876252
6146.65492871522  0.8901951
6149.79424043294  0.8941954
6152.93355215066  0.8944636
6156.07286386838  0.8988755
6159.2121755861  0.8962906
6162.35148730383  0.8970373
6165.49079902155  0.9004554
6168.63011073927  0.8940928
6171.76942245699  0.8957679
6174.90873417471  0.9002744
6178.04804589244  0.8999184
6181.18735761016  0.8969771
6184.32666932788  0.8980835
6187.4659810456  0.8986207
6190.60529276332  0.8964651
6193.74460448104  0.8935669
6196.88391619877  0.8927059
6200.02322791649  0.8959041
6203.16253963421  0.8984379
6206.30185135193  0.899305
6209.44116306965  0.8931358
6212.58047478738  0.8931163
6215.7197865051  0.88721
6218.85909822282  0.8898016
6221.99840994054  0.8894666
6225.13772165826  0.8877089
6228.27703337598  0.8894903
6231.41634509371  0.8854607
6234.55565681143  0.8837897
6237.69496852915  0.8834482
6240.83428024687  0.8827323
6243.9735919646  0.8805683
6247.11290368232  0.8802294
6250.25221540004  0.8777425
6253.39152711776  0.8706183
6256.53083883548  0.8694767
6259.6701505532  0.870316
6262.80946227093  0.8652221
6265.94877398865  0.8658566
6269.08808570637  0.8637391
6272.22739742409  0.8631358
6275.36670914181  0.8579769
6278.50602085954  0.8605544
6281.64533257726  0.8563206
6284.78464429498  0.8586361
6287.9239560127  0.8579746
6291.06326773042  0.8510124
6294.20257944815  0.8519723
6297.34189116587  0.8475858
6300.48120288359  0.8491138
6303.62051460131  0.8505652
6306.75982631903  0.8495286
6309.89913803675  0.8501694
6313.03844975448  0.8461632
6316.1777614722  0.8414891
6319.31707318992  0.8451236
6322.45638490764  0.8439614
6325.59569662536  0.8425699
6328.73500834309  0.8414552
6331.87432006081  0.8384682
6335.01363177853  0.8401698
6338.15294349625  0.8430743
6341.29225521397  0.8400431
6344.43156693169  0.8377205
6347.57087864942  0.8397685
6350.71019036714  0.8356538
6353.84950208486  0.8380176
6356.98881380258  0.8380738
6360.12812552031  0.8362015
6363.26743723803  0.8389103
6366.40674895575  0.8400676
6369.54606067347  0.8423773
6372.68537239119  0.8401507
6375.82468410891  0.8409976
6378.96399582664  0.8421115
6382.10330754436  0.8400521
6385.24261926208  0.8395384
6388.3819309798  0.8422399
6391.52124269752  0.8449328
6394.66055441525  0.8459923
6397.79986613297  0.8465919
6400.93917785069  0.8495412
6404.07848956841  0.8531116
6407.21780128613  0.8525909
6410.35711300386  0.8541536
6413.49642472158  0.853155
6416.6357364393  0.8533435
6419.77504815702  0.8550417
6422.91435987474  0.8546215
6426.05367159247  0.8583615
6429.19298331019  0.8566244
6432.33229502791  0.8596472
6435.47160674563  0.8643615
6438.61091846335  0.8607942
6441.75023018107  0.8633835
6444.8895418988  0.8657883
6448.02885361652  0.8676703
6451.16816533424  0.8699706
6454.30747705196  0.870627
6457.44678876968  0.8715165
6460.58610048741  0.8747668
6463.72541220513  0.8777404
6466.86472392285  0.8781037
6470.00403564057  0.8811229
6473.14334735829  0.8798124
6476.28265907602  0.8808539
6479.42197079374  0.8847419
6482.56128251146  0.8862486
6485.70059422918  0.8886454
6488.8399059469  0.8876275
6491.97921766463  0.8837249
6495.11852938235  0.8870206
6498.25784110007  0.8898106
6501.39715281779  0.8915557
6504.53646453551  0.8963244
6507.67577625324  0.8966086
6510.81508797096  0.8961184
6513.95439968868  0.8910745
6517.0937114064  0.8940625
6520.23302312412  0.8960606
6523.37233484184  0.8956669
6526.51164655957  0.8962327
6529.65095827729  0.895955
6532.79026999501  0.8941132
6535.92958171273  0.892943
6539.06889343045  0.8962166
6542.20820514817  0.8962786
6545.3475168659  0.8936112
6548.48682858362  0.8926298
6551.62614030134  0.8922288
6554.76545201906  0.8953422
6557.90476373678  0.8911868
6561.04407545451  0.8869725
6564.18338717223  0.8884023
6567.32269888995  0.8869211
6570.46201060767  0.8805984
6573.60132232539  0.8797307
6576.74063404312  0.8806475
6579.87994576084  0.8740452
6583.01925747856  0.8701286
6586.15856919628  0.8679161
6589.297880914  0.8647009
6592.43719263173  0.8657439
6595.57650434945  0.8626583
6598.71581606717  0.8572445
6601.85512778489  0.8555048
6604.99443950261  0.8489815
6608.13375122033  0.848462
6611.27306293806  0.8382944
6614.41237465578  0.8337616
6617.5516863735  0.8343884
6620.69099809122  0.8311295
6623.83030980894  0.8266608
6626.96962152667  0.8220242
6630.10893324439  0.8154432
6633.24824496211  0.8093483
6636.38755667983  0.8103124
6639.52686839756  0.8101522
6642.66618011528  0.8007334
6645.805491833  0.7955796
6648.94480355072  0.7907321
6652.08411526844  0.7828624
6655.22342698616  0.7823423
6658.36273870389  0.7735918
6661.50205042161  0.7644868
6664.64136213933  0.7604789
6667.78067385705  0.7604722
6670.91998557477  0.7544172
6674.05929729249  0.7491415
6677.19860901022  0.7433355
6680.33792072794  0.7411855
6683.47723244566  0.7395415
6686.61654416338  0.7333055
6689.7558558811  0.7266306
6692.89516759883  0.723922
6696.03447931655  0.7202945
6699.17379103427  0.7110062
6702.31310275199  0.708697
6705.45241446971  0.7083504
6708.59172618744  0.7041537
6711.73103790516  0.6992453
6714.87034962288  0.6933697
6718.0096613406  0.689825
6721.14897305832  0.6898054
6724.28828477605  0.68566
6727.42759649377  0.6807118
6730.56690821149  0.6793568
6733.70621992921  0.6755272
6736.84553164693  0.671305
6739.98484336466  0.6677833
6743.12415508238  0.6649402
6746.2634668001  0.6643654
6749.40277851782  0.6632156
6752.54209023554  0.6609807
6755.68140195326  0.6605697
6758.82071367099  0.6600226
6761.96002538871  0.6570458
6765.09933710643  0.6556052
6768.23864882415  0.6526335
6771.37796054188  0.6496137
6774.5172722596  0.6509448
6777.65658397732  0.6529304
6780.79589569504  0.6484244
6783.93520741276  0.6491261
6787.07451913048  0.6502301
6790.21383084821  0.6508764
6793.35314256593  0.6513819
6796.49245428365  0.6534154
6799.63176600137  0.6535706
6802.77107771909  0.654271
6805.91038943682  0.6539479
6809.04970115454  0.654281
6812.18901287226  0.6600735
6815.32832458998  0.6674194
6818.4676363077  0.6688956
6821.60694802542  0.6706502
6824.74625974315  0.6754998
6827.88557146087  0.6795874
6831.02488317859  0.6828993
6834.16419489631  0.6890303
6837.30350661403  0.6923108
6840.44281833176  0.6969637
6843.58213004948  0.7028224
6846.7214417672  0.7120456
6849.86075348492  0.7166321
6853.00006520264  0.722931
6856.13937692037  0.7347189
6859.27868863809  0.7430882
6862.41800035581  0.7480524
6865.55731207353  0.7561219
6868.69662379125  0.7670017
6871.83593550897  0.7736462
6874.9752472267  0.7841699
6878.11455894442  0.7917594
6881.25387066214  0.8010245
6884.39318237986  0.8118486
6887.53249409758  0.8186356
6890.67180581531  0.8259096
6893.81111753303  0.8356485
6896.95042925075  0.842703
6900.08974096847  0.8459095
6903.2290526862  0.8466097
6906.36836440392  0.8453304
6909.50767612164  0.8430204
6912.64698783936  0.8411639
6915.78629955708  0.8313527
6918.9256112748  0.8230519
6922.06492299252  0.8041694
6925.20423471025  0.7851925
6928.34354642797  0.7641042
6931.48285814569  0.7404997
6934.62216986341  0.7131211
6937.76148158113  0.6866007
6940.90079329886  0.6557912
6944.04010501658  0.6242735
6947.1794167343  0.591952
6950.31872845202  0.5572987
6953.45804016974  0.5195944
6956.59735188747  0.4861203
6959.73666360519  0.4496938
6962.87597532291  0.4134439
6966.01528704063  0.3812177
6969.15459875835  0.3511163
6972.29391047608  0.3242516
6975.4332221938  0.299105
6978.57253391152  0.2746077
6981.71184562924  0.2522672
6984.85115734697  0.23078
6987.99046906469  0.2096807
6991.12978078241  0.1926689
6994.26909250013  0.1768625
6997.40840421785  0.161476
7000.54771593557  0.1468058
7003.68702765329  0.1333457
7006.82633937102  0.1225527
7009.96565108874  0.1128843
7013.10496280646  0.1039916
7016.24427452418  0.09519801
7019.3835862419  0.08696056
7022.52289795963  0.0791628
7025.66220967735  0.07370508
7028.80152139507  0.0668214
7031.94083311279  0.06208489
7035.08014483051  0.05827321
7038.21945654824  0.05282766
7041.35876826596  0.04790752
7044.49807998368  0.04417885
7047.6373917014  0.04169989
7050.77670341912  0.03905957
7053.91601513685  0.03610362
7057.05532685457  0.03388237
7060.19463857229  0.031348
7063.33395029001  0.02857665
7066.47326200773  0.02690608
7069.61257372546  0.02470588
7072.75188544318  0.02254052
7075.8911971609  0.02111911
7079.03050887862  0.01974489
7082.16982059634  0.01857553
7085.30913231406  0.01740152
7088.44844403179  0.01656803
7091.58775574951  0.01600839
7094.72706746723  0.01490667
7097.86637918495  0.01365291
7101.00569090267  0.01301355
7104.14500262039  0.01256686
7107.28431433812  0.01138491
7110.42362605584  0.01047245
7113.56293777356  0.009616159
7116.70224949128  0.009299263
7119.84156120901  0.008673279
7122.98087292673  0.008410795
7126.12018464445  0.007527844
7129.25949636217  0.00727128
7132.39880807989  0.007123943
7135.53811979761  0.007106996
7138.67743151534  0.007042906
7141.81674323306  0.006272854
7144.95605495078  0.005580753
7148.0953666685  0.005440972
7151.23467838622  0.005052396
7154.37399010395  0.004277992
7157.51330182167  0.003959421
7160.65261353939  0.003712473
7163.79192525711  0.003982641
7166.93123697483  0.003639508
7170.07054869255  0.003521905
7173.20986041028  0.003581565
7176.349172128  0.003487018
7179.48848384572  0.003414355
7182.62779556344  0.003434584
7185.76710728117  0.003245481
7188.90641899889  0.002837832
7192.04573071661  0.002544415
7195.18504243433  0.002159933
7198.32435415205  0.001893904
7201.46366586977  0.001922471
7204.6029775875  0.002082508
7207.74228930522  0.002179506
7210.88160102294  0.002067545
7214.02091274066  0.002181907
7217.16022445838  0.002464483
7220.29953617611  0.002151205
7223.43884789383  0.001920683
7226.57815961155  0.001222529
7229.71747132927  0.001053276
7232.85678304699  0.001069753
7235.99609476472  9.405487E-4
7239.13540648244  9.646090E-4
7242.27471820016  0.001020768
7245.41402991788  0.001209747
7248.5533416356  0.001616976
7251.69265335332  0.001563564
7254.83196507105  0.001285741
7257.97127678877  0.0011822
7261.11058850649  0.001188271
7264.24990022421  0.001158088
7267.38921194193  8.993582E-4
7270.52852365966  5.052201E-4
7273.66783537738  4.416639E-4
7276.8071470951  4.308834E-4
7279.94645881282  3.928547E-4
7283.08577053054  4.353700E-4
7286.22508224827  6.138175E-4
7289.36439396599  8.119936E-4
7292.50370568371  7.305434E-4
7295.64301740143  8.194121E-4
7298.78232911915  9.263935E-4
7301.92164083688  7.758541E-4
7305.0609525546  8.087624E-4
7308.20026427232  7.612426E-4
7311.33957599004  4.311660E-4
7314.47888770776  2.055336E-4
7317.61819942548  1.233271E-4
7320.75751114321  1.071510E-4
7323.89682286093  -2.185083E-4
7327.03613457865  1.336024E-4
7330.17544629637  6.111120E-4
7333.3147580141  6.541936E-4
7336.45406973182  4.961337E-4
7339.59338144954  4.318911E-4
7342.73269316726  8.496991E-4
7345.87200488498  6.179162E-4
7349.0113166027  1.744134E-4
7352.15062832043  1.464230E-4
7355.28994003815  1.219311E-4
7358.42925175587  -1.017195E-4
7361.56856347359  -7.548882E-5
7364.70787519131  -1.470591E-4
7367.84718690904  1.115818E-5
7370.98649862676  3.923671E-4
7374.12581034448  4.683775E-4
7377.2651220622  5.489527E-4
7380.40443377992  6.117979E-4
7383.54374549764  4.495680E-4
7386.68305721537  3.555426E-4
7389.82236893309  1.458181E-4
7392.96168065081  -1.823483E-4
7396.10099236853  -2.587773E-5
7399.24030408625  -2.206024E-4
7402.37961580398  -3.437735E-4
7405.5189275217  -3.882688E-4
7408.65823923942  -1.117233E-4
7411.79755095714  2.476913E-4
7414.93686267486  2.058935E-4
7418.07617439258  2.208385E-4
7421.21548611031  4.446823E-4
7424.35479782803  2.704179E-4
7427.49410954575  8.857809E-6
7430.63342126347  9.486778E-5
7433.77273298119  1.050448E-4
7436.91204469892  -2.859565E-4
7440.05135641664  -3.448380E-4
7443.19066813436  -4.504235E-4
7446.32997985208  -3.679185E-4
7449.4692915698  -1.810957E-4
7452.60860328753  -2.378090E-4
7455.74791500525  -6.577559E-5
7458.88722672297  1.780898E-4
7462.02653844069  2.603787E-4
7465.16585015841  3.904398E-4
7468.30516187614  4.161866E-4
7471.44447359386  2.675029E-4
7474.58378531158  4.363433E-5
7477.7230970293  -1.419843E-4
7480.86240874703  -2.036365E-4
7484.00172046475  -1.757052E-4
7487.14103218247  -3.038184E-4
7490.28034390019  -4.573110E-4
7493.41965561791  -3.971360E-4
7496.55896733563  -2.424428E-4
7499.69827905336  -2.159951E-4
7502.83759077108  7.456215E-5
7505.9769024888  2.641249E-4
7509.11621420652  1.598168E-4
7512.25552592424  2.421201E-4
7515.39483764196  1.234235E-4
7518.53414935969  -1.846878E-4
7521.67346107741  -2.336078E-4
7524.81277279513  -2.774396E-4
7527.95208451285  -3.312323E-4
7531.09139623057  -3.249026E-4
7534.2307079483  -4.367749E-4
7537.37001966602  -1.065983E-4
7540.50933138374  2.206489E-4
7543.64864310146  3.721630E-4
7546.78795481918  7.580603E-4
7549.9272665369  6.710635E-4
7553.06657825463  3.565229E-4
7556.20588997235  2.579102E-4
7559.34520169007  -3.809482E-5
7562.48451340779  -2.270606E-4
7565.62382512552  -2.463670E-4
7568.76313684324  -2.506217E-4
7571.90244856096  -4.373607E-4
7575.04176027868  -3.741169E-5
7578.1810719964  3.794730E-4
7581.32038371412  3.551636E-4
7584.45969543185  4.044729E-4
7587.59900714957  5.038520E-4
7590.73831886729  2.425974E-4
7593.87763058501  3.861403E-5
7597.01694230273  1.776251E-4
7600.15625402046  -2.261996E-5
7603.29556573818  -2.675746E-4
7606.4348774559  -3.850572E-4
7609.57418917362  -5.960972E-4
7612.71350089134  -4.595956E-4
7615.85281260907  -2.962593E-4
7618.99212432679  3.546476E-6
7622.13143604451  3.465321E-4
7625.27074776223  5.073701E-4
7628.41005947995  5.762549E-4
7631.54937119768  3.254977E-4
7634.6886829154  1.780735E-4
7637.82799463312  4.931074E-5
7640.96730635084  -1.784610E-4
7644.10661806856  -2.612057E-4
7647.24592978628  -3.564912E-4
7650.38524150401  -3.962703E-4
7653.52455322173  -4.824311E-4
7656.66386493945  -8.882908E-5
7659.80317665717  -2.171611E-5
7662.94248837489  3.690235E-4
7666.08180009261  4.098904E-4
7669.22111181034  4.200432E-4
7672.36042352806  3.263298E-4
7675.49973524578  2.665911E-4
7678.6390469635  2.463209E-5
7681.77835868122  -1.243702E-4
7684.91767039895  -2.370011E-4
7688.05698211667  -3.556088E-4
7691.19629383439  -3.517382E-4
7694.33560555211  -2.900963E-4
7697.47491726984  -1.824819E-4
7700.61422898756  7.850118E-6
7703.75354070528  3.265124E-4
7706.892852423  6.043748E-4
7710.03216414072  6.658994E-4
7713.17147585844  5.705301E-4
7716.31078757617  2.935971E-4
7719.45009929389  1.562377E-4
7722.58941101161  7.650908E-5
7725.72872272933  -1.006671E-4
7728.86803444705  -4.313888E-4
7732.00734616478  -1.904923E-4
7735.1466578825  1.711091E-4
7738.28596960022  3.785440E-4
7741.42528131794  3.777090E-4
7744.56459303566  3.136504E-4
7747.70390475338  2.318965E-4
7750.84321647111  4.214607E-4
7753.98252818883  1.545674E-4
7757.12183990655  1.678849E-5
7760.26115162427  1.496915E-4
7763.40046334199  2.540322E-5
7766.53977505972  5.880138E-5
7769.67908677744  1.095906E-4
7772.81839849516  -2.313161E-4
7775.95771021288  -2.586946E-4
7779.09702193061  -2.200305E-4
7782.23633364833  -3.954070E-4
7785.37564536605  -2.405902E-4
7788.51495708377  -2.918502E-4
7791.65426880149  -2.671359E-5
7794.79358051921  2.759639E-4
7797.93289223693  2.784859E-4
7801.07220395466  4.660953E-4
7804.21151567238  5.256776E-4
7807.3508273901  7.056617E-4
7810.49013910782  8.419985E-4
7813.62945082554  8.853883E-4
7816.76876254327  5.342229E-4
7819.90807426099  2.097678E-4
7823.04738597871  -1.146453E-4
7826.18669769643  -3.610731E-4
7829.32600941416  -1.740362E-4
7832.46532113188  -1.294515E-4
7835.6046328496  -7.801247E-5
7838.74394456732  -1.307982E-4
7841.88325628504  -1.605116E-4
7845.02256800276  1.825390E-4
7848.16187972048  4.505508E-4
7851.30119143821  5.158947E-4
7854.44050315593  8.111508E-4
7857.57981487365  0.001041409
7860.71912659137  7.006524E-4
7863.8584383091  6.501854E-4
7866.99775002682  8.375691E-4
7870.13706174454  7.079970E-4
7873.27637346226  7.242011E-4
7876.41568517998  4.042238E-4
7879.5549968977  8.513476E-5
7882.69430861543  4.287693E-5
7885.83362033315  7.626228E-5
7888.97293205087  5.176440E-4
7892.11224376859  9.022185E-4
7895.25155548631  7.645926E-4
7898.39086720404  8.810705E-4
7901.53017892176  9.013813E-4
7904.66949063948  9.409895E-4
7907.8088023572  0.00107895
7910.94811407492  9.475418E-4
7914.08742579265  5.732996E-4
7917.22673751037  2.407157E-4
7920.36604922809  1.341826E-4
7923.50536094581  3.043343E-4
7926.64467266353  4.656948E-4
7929.78398438125  2.522182E-4
7932.92329609898  1.661992E-4
7936.0626078167  1.937340E-4
7939.20191953442  1.323845E-4
7942.34123125214  -1.401571E-5
7945.48054296987  2.013047E-4
7948.61985468759  5.275139E-4
7951.75916640531  7.012854E-4
7954.89847812303  6.384281E-4
7958.03778984075  9.581416E-4
7961.17710155848  0.001135482
7964.3164132762  0.001172308
7967.45572499392  0.001042995
7970.59503671164  0.001003817
7973.73434842936  7.473445E-4
7976.87366014708  4.215031E-4
7980.01297186481  3.414303E-4
7983.15228358253  3.761684E-4
7986.29159530025  3.685923E-4
7989.43090701797  2.654945E-4
7992.57021873569  4.268314E-4
7995.70953045341  6.317976E-4
7998.84884217114  6.674910E-4
8001.98815388886  0.001130811
8005.12746560658  0.001169536
8008.2667773243  0.001380587
8011.40608904202  0.001382968
8014.54540075975  0.001336287
8017.68471247747  0.001141179
8020.82402419519  0.001067729
8023.96333591291  0.001195853
8027.10264763063  8.447450E-4
8030.24195934836  5.041382E-4
8033.38127106608  4.553881E-4
8036.5205827838  6.004814E-4
8039.65989450152  5.376081E-4
8042.79920621924  5.386705E-4
8045.93851793696  8.036552E-4
8049.07782965469  9.171409E-4
8052.21714137241  0.001227765
8055.35645309013  0.001478744
8058.49576480785  0.001299809
8061.63507652557  0.001473705
8064.7743882433  0.001400051
8067.91369996102  0.001387856
8071.05301167874  0.001360598
8074.19232339646  0.001221301
8077.33163511418  8.408190E-4
8080.47094683191  8.754348E-4
8083.61025854963  8.165732E-4
8086.74957026735  8.442434E-4
8089.88888198507  4.910419E-4
8093.02819370279  5.471760E-4
8096.16750542051  7.750748E-4
8099.30681713824  9.708065E-4
8102.44612885596  9.996241E-4
8105.58544057368  9.974877E-4
8108.7247522914  0.001260503
8111.86406400913  0.001521617
8115.00337572685  0.001620598
8118.14268744457  0.001691905
8121.28199916229  0.001868584
8124.42131088001  0.001952908
8127.56062259773  0.001729271
8130.69993431546  0.001790995
8133.83924603318  0.001467138
8136.9785577509  0.001182555
8140.11786946862  0.001168169
8143.25718118634  0.001090172
8146.39649290407  0.00102489
8149.53580462179  0.001058982
8152.67511633951  0.001215362
8155.81442805723  0.00130375
8158.95373977495  0.001234791
8162.09305149268  0.001354336
8165.2323632104  0.001720234
8168.37167492812  0.002038829
8171.51098664584  0.002014112
8174.65029836356  0.002141911
8177.78961008129  0.002308273
8180.92892179901  0.002100272
8184.06823351673  0.00180441
8187.20754523445  0.001525231
8190.34685695217  0.001537754
8193.4861686699  0.00128634
8196.62548038762  0.001250307
8199.76479210534  0.001198501
8202.90410382306  0.001286282
8206.04341554078  0.001194067
8209.1827272585  0.001413591
8212.32203897623  0.001757151
8215.46135069395  0.002045366
8218.60066241167  0.002254826
8221.73997412939  0.002679092
8224.87928584711  0.002807335
8228.01859756484  0.002726404
8231.15790928256  0.002463549
8234.29722100028  0.002120052
8237.436532718  0.001770636
8240.57584443572  0.001413625
8243.71515615345  0.001367282
8246.85446787117  0.001435567
8249.99377958889  0.001361304
8253.13309130661  0.001380564
8256.27240302433  0.001736826
8259.41171474205  0.001950684
8262.55102645978  0.002048964
8265.6903381775  0.002549399
8268.82964989522  0.003029135
8271.96896161294  0.0031053
8275.10827333066  0.002837986
8278.24758504839  0.002776064
8281.38689676611  0.002609766
8284.52620848383  0.002475288
8287.66552020155  0.002174473
8290.80483191927  0.00204082
8293.944143637  0.001936135
8297.08345535472  0.001771826
8300.22276707244  0.001763011
8303.36207879016  0.001746755
8306.50139050788  0.002003135
8309.6407022256  0.002421547
8312.78001394333  0.002720901
8315.91932566105  0.003041901
8319.05863737877  0.003478458
8322.19794909649  0.003271176
8325.33726081421  0.003266096
8328.47657253194  0.002973709
8331.61588424966  0.002735187
8334.75519596738  0.003005577
8337.8945076851  0.002845041
8341.03381940282  0.002355387
8344.17313112055  0.002340002
8347.31244283827  0.002233104
8350.45175455599  0.002128451
8353.59106627371  0.002365046
8356.73037799143  0.00273643
8359.86968970915  0.002881123
8363.00900142688  0.003095848
8366.1483131446  0.0036024
8369.28762486232  0.003655777
8372.42693658004  0.003964843
8375.56624829776  0.003756805
8378.70556001549  0.003453562
8381.84487173321  0.003285415
8384.98418345093  0.002909466
8388.12349516865  0.002735661
8391.26280688637  0.002702034
8394.4021186041  0.002600422
8397.54143032182  0.002577384
8400.68074203954  0.002569912
8403.82005375726  0.002725872
8406.95936547498  0.002892954
8410.09867719271  0.003234914
8413.23798891043  0.003724114
8416.37730062815  0.003980974
8419.51661234587  0.004023413
8422.65592406359  0.004077229
8425.79523578132  0.004161934
8428.93454749904  0.00383205
8432.07385921676  0.003417097
8435.21317093448  0.003138697
8438.3524826522  0.00312319
8441.49179436992  0.003179949
8444.63110608765  0.003130786
8447.77041780537  0.003111375
8450.90972952309  0.003068055
8454.04904124081  0.003280776
8457.18835295853  0.003471607
8460.32766467626  0.003686522
8463.46697639398  0.003938944
8466.6062881117  0.00402966
8469.74559982942  0.004184113
8472.88491154714  0.004539221
8476.02422326487  0.004546083
8479.16353498259  0.004135683
8482.30284670031  0.003910637
8485.44215841803  0.003685454
8488.58147013575  0.003531504
8491.72078185348  0.003595303
8494.8600935712  0.003466975
8497.99940528892  0.003441057
8501.13871700664  0.003305523
8504.27802872436  0.003337807
8507.41734044208  0.003646512
8510.55665215981  0.004037822
8513.69596387753  0.00427872
8516.83527559525  0.004501653
8519.97458731297  0.004740851
8523.11389903069  0.004800864
8526.25321074842  0.004737727
8529.39252246614  0.004550159
8532.53183418386  0.00446619
8535.67114590158  0.004540182
8538.8104576193  0.004077392
8541.94976933703  0.003664982
8545.08908105475  0.003704037
8548.22839277247  0.003766228
8551.36770449019  0.003961075
8554.50701620791  0.003806736
8557.64632792564  0.003717361
8560.78563964336  0.004078721
8563.92495136108  0.004140324
8567.0642630788  0.004289261
8570.20357479652  0.004742948
8573.34288651424  0.005087837
8576.48219823197  0.005059273
8579.62150994969  0.00511955
8582.76082166741  0.005060595
8585.90013338513  0.004901136
8589.03944510285  0.004943183
8592.17875682058  0.004442742
8595.3180685383  0.004319716
8598.45738025602  0.004334389
8601.59669197374  0.004182529
8604.73600369146  0.004261622
8607.87531540919  0.004460071
8611.01462712691  0.004610194
8614.15393884463  0.004568922
8617.29325056235  0.004605583
8620.43256228007  0.005000361
8623.5718739978  0.005408891
8626.71118571552  0.005689625
8629.85049743324  0.005757255
8632.98980915096  0.005598665
8636.12912086868  0.005485872
8639.26843258641  0.005199414
8642.40774430413  0.004850464
8645.54705602185  0.004840567
8648.68636773957  0.004521993
8651.82567945729  0.00440238
8654.96499117501  0.00444935
8658.10430289274  0.004622878
8661.24361461046  0.004853589
8664.38292632818  0.004930748
8667.5222380459  0.005257227
8670.66154976362  0.005529905
8673.80086148134  0.005733134
8676.94017319907  0.005915239
8680.07948491679  0.006195637
8683.21879663451  0.006357991
8686.35810835223  0.006219094
8689.49742006995  0.006073255
8692.63673178768  0.00603434
8695.7760435054  0.005757601
8698.91535522312  0.005242885
8702.05466694084  0.005037648
8705.19397865857  0.005006678
8708.33329037628  0.00500836
8711.47260209401  0.005251197
8714.61191381173  0.005353688
8717.75122552945  0.005535613
8720.89053724717  0.00573113
8724.02984896489  0.006019012
8727.16916068262  0.006326649
8730.30847240034  0.006453228
8733.44778411806  0.006709273
8736.58709583578  0.00657737
8739.72640755351  0.006558385
8742.86571927123  0.006637696
8746.00503098895  0.006176213
8749.14434270667  0.006161026
8752.28365442439  0.005897108
8755.42296614212  0.005596004
8758.56227785983  0.005465642
8761.70158957756  0.005386648
8764.84090129528  0.005692368
8767.980213013  0.005804427
8771.11952473073  0.006068747
8774.25883644845  0.006409601
8777.39814816617  0.006680968
8780.53745988389  0.007147758
8783.67677160161  0.007307798
8786.81608331933  0.007372679
8789.95539503706  0.007274054
8793.09470675478  0.007022948
8796.2340184725  0.006956441
8799.37333019022  0.006689738
8802.51264190794  0.006592847
8805.65195362567  0.006497573
8808.79126534339  0.006193755
8811.93057706111  0.005999594
8815.06988877883  0.006258471
8818.20920049655  0.006311361
8821.34851221428  0.006194745
8824.487823932  0.00634782
8827.62713564972  0.006534339
8830.76644736744  0.006944295
8833.90575908516  0.007349756
8837.04507080288  0.007626016
8840.1843825206  0.008021295
8843.32369423833  0.008287424
8846.46300595605  0.00827897
8849.60231767377  0.008132937
8852.74162939149  0.007725561
8855.88094110921  0.007309108
8859.02025282694  0.006981238
8862.15956454466  0.006941498
8865.29887626238  0.006889703
8868.4381879801  0.006867846
8871.57749969783  0.006780958
8874.71681141555  0.006748332
8877.85612313327  0.006748599
8880.99543485099  0.006881526
8884.13474656871  0.007159051
8887.27405828643  0.007643292
8890.41337000416  0.007695128
8893.55268172188  0.007721509
8896.6919934396  0.008398771
8899.83130515732  0.008828167
8902.97061687504  0.008939106
8906.10992859277  0.008677798
8909.24924031049  0.008538412
8912.38855202821  0.008745663
8915.52786374593  0.008966634
8918.66717546365  0.008510744
8921.80648718137  0.008152556
8924.9457988991  0.008073758
8928.08511061682  0.007913217
8931.22442233454  0.007706146
8934.36373405226  0.007608542
8937.50304576998  0.007536213
8940.64235748771  0.007622275
8943.78166920543  0.007633724
8946.92098092315  0.007494656
8950.06029264087  0.00776525
8953.19960435859  0.008134272
8956.33891607632  0.008508965
8959.47822779404  0.008750951
8962.61753951176  0.009141628
8965.75685122948  0.009485169
8968.8961629472  0.009438485
8972.03547466492  0.00966757
8975.17478638265  0.00982785
8978.31409810037  0.009841369
8981.45340981809  0.01003076
8984.59272153581  0.009668875
8987.73203325353  0.009178795
8990.87134497126  0.009237651
8994.01065668898  0.009014975
8997.1499684067  0.008507767
9000.28928012442  0.008336732
9003.42859184214  0.008176964
9006.56790355987  0.008035251
9009.70721527759  0.008298735
9012.84652699531  0.008473475
9015.98583871303  0.008478333
9019.12515043076  0.008631817
9022.26446214848  0.008810489
9025.4037738662  0.009379616
9028.54308558392  0.009574397
9031.68239730164  0.009800842
9034.82170901936  0.01026298
9037.96102073709  0.01038833
9041.10033245481  0.01061396
9044.23964417253  0.01088135
9047.37895589025  0.01094988
9050.51826760797  0.01128294
9053.65757932569  0.01099106
9056.79689104342  0.01122931
