#NOT_z
#photon
#NOT z band http://www.not.iac.es/instruments/filters/filters.php
7186.8 0.00387677
7199.82 0.00369868
7212.84 0.00367988
7225.86 0.00366525
7238.87 0.0035165
7251.89 0.00353342
7264.91 0.0037302
7277.93 0.00368673
7290.95 0.00370704
7303.97 0.00354873
7316.99 0.0036285
7330.01 0.0036321
7343.03 0.00378565
7356.04 0.00379994
7369.06 0.00368342
7382.08 0.00364781
7395.1 0.00376186
7408.12 0.00377028
7421.14 0.00385521
7434.16 0.0038367
7447.18 0.00375095
7460.2 0.00386668
7473.22 0.00394757
7486.23 0.0038531
7499.25 0.00377597
7512.27 0.00387117
7525.29 0.0039225
7538.31 0.00403561
7551.33 0.00408421
7564.35 0.00412156
7577.37 0.00396131
7590.39 0.00407275
7603.41 0.00399816
7616.42 0.00394758
7629.44 0.00408059
7642.46 0.00407254
7655.48 0.00428269
7668.5 0.00427868
7681.52 0.0043036
7694.54 0.00438556
7707.56 0.00442609
7720.58 0.00425264
7733.6 0.00428772
7746.61 0.00445271
7759.63 0.00438119
7772.65 0.0044565
7785.67 0.00478158
7798.69 0.00461411
7811.71 0.00480053
7824.73 0.00502405
7837.75 0.00501199
7850.77 0.00511297
7863.78 0.00530176
7876.8 0.00561325
7889.82 0.00568305
7902.84 0.00593535
7915.86 0.00621204
7928.88 0.0067725
7941.9 0.00729851
7954.92 0.00806939
7967.94 0.00870205
7980.96 0.00954091
7993.97 0.0107454
8006.99 0.0124362
8020.01 0.0144769
8033.03 0.0168107
8046.05 0.0201636
8059.07 0.024173
8072.09 0.0288486
8085.11 0.0351419
8098.13 0.0430828
8111.15 0.0516177
8124.16 0.0617196
8137.18 0.0752971
8150.2 0.0908256
8163.22 0.108454
8176.24 0.12917
8189.26 0.151335
8202.28 0.177235
8215.3 0.206336
8228.32 0.235555
8241.33 0.268305
8254.35 0.301843
8267.37 0.334974
8280.39 0.371092
8293.41 0.405428
8306.43 0.441308
8319.45 0.476052
8332.47 0.508961
8345.49 0.542961
8358.51 0.572028
8371.52 0.604819
8384.54 0.631089
8397.56 0.65647
8410.58 0.684128
8423.6 0.707188
8436.62 0.729336
8449.64 0.74384
8462.66 0.760383
8475.68 0.78091
8488.7 0.798549
8501.71 0.811007
8514.73 0.824725
8527.75 0.836682
8540.77 0.844222
8553.79 0.854507
8566.81 0.864594
8579.83 0.875374
8592.85 0.882675
8605.87 0.887184
8618.89 0.89527
8631.9 0.898349
8644.92 0.90151
8657.94 0.909571
8670.96 0.915624
8683.98 0.916993
8697.0 0.921652
8710.02 0.925521
8723.04 0.927401
8736.06 0.930994
8749.07 0.935362
8762.09 0.937452
8775.11 0.936026
8788.13 0.939051
8801.15 0.943466
8814.17 0.948943
8827.19 0.949635
8840.21 0.946375
8853.23 0.948041
8866.25 0.951267
8879.26 0.956439
8892.28 0.954692
8905.3 0.956233
8918.32 0.954144
8931.34 0.954624
8944.36 0.959466
8957.38 0.959599
8970.4 0.956117
8983.42 0.957458
8996.44 0.958777
9009.45 0.960981
9022.47 0.958377
9035.49 0.962274
9048.51 0.963378
9061.53 0.960467
9074.55 0.959039
9087.57 0.96253
9100.59 0.962336
9113.61 0.967108
9126.62 0.964624
9139.64 0.958376
9152.66 0.962015
9165.68 0.966897
9178.7 0.964403
9191.72 0.964479
9204.74 0.964577
9217.76 0.965051
9230.78 0.967167
9243.8 0.965579
9256.81 0.968858
9269.83 0.967904
9282.85 0.962125
9295.87 0.965056
9308.89 0.966662
9321.91 0.967008
9334.93 0.969234
9347.95 0.968171
9360.97 0.966853
9373.99 0.971476
9387.0 0.961896
9400.02 0.965657
9413.04 0.965757
9426.06 0.969382
9439.08 0.968298
9452.1 0.960226
9465.12 0.964954
9478.14 0.968171
9491.16 0.965605
9504.18 0.969361
9517.19 0.971562
9530.21 0.966451
9543.23 0.960596
9556.25 0.960822
9569.27 0.962415
9582.29 0.966908
9595.31 0.969151
9608.33 0.966548
9621.35 0.961843
9634.36 0.959972
9647.38 0.964281
9660.4 0.966592
9673.42 0.962657
9686.44 0.957788
9699.46 0.959178
9712.48 0.959822
9725.5 0.960591
9738.52 0.96613
9751.54 0.964663
9764.55 0.963809
9777.57 0.964246
9790.59 0.966826
9803.61 0.96172
9816.63 0.960346
9829.65 0.965466
9842.67 0.961313
9855.69 0.959552
9868.71 0.96687
9881.73 0.964568
9894.74 0.957918
9907.76 0.964239
9920.78 0.967101
9933.8 0.959285
9946.82 0.96105
9959.84 0.961502
9972.86 0.958399
9985.88 0.952014
9998.9 0.948417
10011.9 0.952116
10024.9 0.956869
10038.0 0.965475
10051.0 0.957157
10064.0 0.949311
10077.0 0.951468
10090.0 0.947823
10103.0 0.946277
10116.1 0.952197
10129.1 0.943912
10142.1 0.947931
10155.1 0.933291
10168.1 0.933315
10181.2 0.930894
10194.2 0.936424
10207.2 0.943802
10220.2 0.926489
10233.2 0.929464
10246.3 0.925504
10259.3 0.91987
10272.3 0.927936
10285.3 0.937609
10298.3 0.931718
10311.4 0.910758
10324.4 0.894832
10337.4 0.905986
10350.4 0.917328
10363.4 0.902897
10376.4 0.904907
10389.5 0.901617
10402.5 0.880081
10415.5 0.875747
10428.5 0.865408
10441.5 0.882229
10454.6 0.87017
10467.6 0.875028
10480.6 0.860653
10493.6 0.848777
10506.6 0.840831
10519.7 0.828724
10532.7 0.847996
10545.7 0.865726
10558.7 0.85804
10571.7 0.850234
10584.7 0.849663
10597.8 0.836178
10610.8 0.807216
10623.8 0.811892
10636.8 0.820283
10649.8 0.802669
10662.9 0.815326
10675.9 0.806776
10688.9 0.782677
10701.9 0.794158
10714.9 0.779668
10728.0 0.795689
10741.0 0.742842
10754.0 0.783363
10767.0 0.790402
10780.0 0.764782
10793.1 0.727459
10806.1 0.70448
10819.1 0.684
10832.1 0.682871
10845.1 0.676576
10858.1 0.665741
10871.2 0.615566
10884.2 0.584133
10897.2 0.560223
10910.2 0.53018
10923.2 0.518693
10936.3 0.484552
10949.3 0.443802
10962.3 0.396253
10975.3 0.359568
10988.3 0.332436
