#SOAR_i
#photon
#SOAR i band (SDSS i') https://noirlab.edu/science/node/40817
6685.700000000001 0.0
6689.0 0.0
6692.3 0.422
6695.599999999999 0.502
6698.9 0.431
6702.200000000001 0.547
6705.5 0.404
6708.8 0.465
6712.1 0.355
6715.4 0.448
6718.7 0.588
6722.0 0.652
6725.299999999999 0.699
6728.6 0.668
6731.900000000001 0.714
6735.2 0.84
6738.5 0.916
6741.799999999999 1.007
6745.1 0.988
6748.400000000001 1.149
6751.7 1.347
6755.0 1.681
6758.3 1.808
6761.599999999999 2.006
6764.9 2.236
6768.200000000001 2.484
6771.4 2.758
6774.700000000001 2.914
6778.0 3.299
6781.3 3.439
6784.6 3.643
6787.9 4.068
6791.2 4.37
6794.5 4.79
6797.799999999999 5.032
6801.1 5.606
6804.400000000001 6.024
6807.6 6.475
6810.900000000001 6.966
6814.2 7.578
6817.5 8.293
6820.8 9.055
6824.099999999999 9.764
6827.4 10.316
6830.700000000001 11.065
6833.9 11.944
6837.200000000001 12.826
6840.5 13.538
6843.8 14.563
6847.1 15.336
6850.4 16.333
6853.6 17.06
6856.900000000001 18.229
6860.2 19.014
6863.5 20.102
6866.799999999999 20.934
6870.0 22.11
6873.3 23.102
6876.599999999999 24.295
6879.9 25.494
6883.099999999999 26.524
6886.4 27.791
6889.700000000001 28.88
6893.0 30.201
6896.3 31.473
6899.5 32.737
6902.799999999999 34.041
6906.1 35.043
6909.299999999999 36.319
6912.6 37.608
6915.900000000001 38.957
6919.2 40.195
6922.4 41.248
6925.700000000001 42.46
6929.0 43.52
6932.3 44.759
6935.5 45.795
6938.8 47.141
6942.1 48.362
6945.299999999999 49.789
6948.6 51.232
6951.900000000001 52.121
6955.1 53.421
6958.400000000001 54.514
6961.7 55.743
6964.9 57.164
6968.200000000001 58.234
6971.5 59.512
6974.700000000001 60.195
6978.0 61.091
6981.2 62.044
6984.5 63.024
6987.799999999999 64.148
6991.0 65.314
6994.299999999999 66.389
6997.5 67.108
7000.8 67.928
7004.099999999999 68.7
7007.3 69.961
7010.599999999999 71.309
7013.8 72.308
7017.1 73.101
7020.4 73.677
7023.6 74.411
7026.900000000001 74.714
7030.1 75.317
7033.400000000001 76.332
7036.599999999999 77.214
7039.9 77.749
7043.099999999999 78.219
7046.4 78.933
7049.6 79.503
7052.9 80.079
7056.1 80.575
7059.400000000001 81.185
7062.7 81.625
7065.900000000001 82.484
7069.2 83.146
7072.4 83.271
7075.599999999999 83.78
7078.9 84.201
7082.1 85.231
7085.4 85.578
7088.6 86.116
7091.900000000001 86.591
7095.1 87.483
7098.400000000001 87.735
7101.599999999999 87.802
7104.9 87.658
7108.099999999999 88.238
7111.3 88.504
7114.6 88.865
7117.799999999999 89.048
7121.1 89.799
7124.299999999999 90.298
7127.6 90.577
7130.8 90.829
7134.0 91.054
7137.3 91.434
7140.5 91.366
7143.8 91.771
7147.0 91.734
7150.2 92.1
7153.5 91.854
7156.7 92.244
7159.9 92.403
7163.200000000001 92.851
7166.4 93.547
7169.6 93.444
7172.9 93.363
7176.1 92.862
7179.299999999999 93.218
7182.6 93.603
7185.8 94.291
7189.0 94.678
7192.3 94.58
7195.5 94.194
7198.7 94.217
7202.0 94.63
7205.2 94.806
7208.400000000001 94.848
7211.599999999999 94.672
7214.9 94.894
7218.099999999999 95.114
7221.3 95.211
7224.5 95.095
7227.799999999999 95.099
7231.0 95.33
7234.2 95.32
7237.4 95.333
7240.700000000001 95.517
7243.9 96.296
7247.1 96.91
7250.299999999999 96.498
7253.6 96.253
7256.799999999999 96.161
7260.0 96.477
7263.200000000001 96.664
7266.4 96.436
7269.700000000001 96.626
7272.9 96.186
7276.1 96.464
7279.299999999999 96.391
7282.5 96.867
7285.700000000001 96.58
7289.0 96.472
7292.200000000001 96.392
7295.4 96.714
7298.6 96.803
7301.799999999999 96.711
7305.0 96.805
7308.200000000001 96.71
7311.4 96.819
7314.700000000001 96.465
7317.9 96.877
7321.1 97.089
7324.299999999999 97.475
7327.5 97.683
7330.700000000001 97.556
7333.9 97.48
7337.1 97.002
7340.299999999999 97.032
7343.5 96.819
7346.7 97.096
7350.0 97.059
7353.200000000001 97.169
7356.4 97.27
7359.6 97.289
7362.799999999999 97.206
7366.0 97.032
7369.2 96.926
7372.4 97.158
7375.599999999999 97.39
7378.8 97.45
7382.0 97.757
7385.2 97.259
7388.400000000001 97.442
7391.599999999999 97.198
7394.8 97.575
7398.0 97.473
7401.2 97.824
7404.400000000001 97.926
7407.6 97.908
7410.8 97.731
7414.0 97.614
7417.200000000001 97.433
7420.4 97.591
7423.6 97.741
7426.799999999999 97.711
7429.9 97.567
7433.099999999999 97.409
7436.3 97.709
7439.5 97.424
7442.7 97.731
7445.900000000001 98.229
7449.099999999999 98.815
7452.3 98.92
7455.5 98.585
7458.7 98.423
7461.900000000001 98.409
7465.0 98.812
7468.200000000001 98.825
7471.4 98.836
7474.6 98.868
7477.799999999999 98.831
7481.0 99.068
7484.2 98.717
7487.3 99.133
7490.5 98.543
7493.7 98.779
7496.900000000001 98.658
7500.1 99.114
7503.3 98.81
7506.4 99.081
7509.6 99.458
7512.799999999999 99.841
7516.0 98.883
7519.2 98.426
7522.3 98.651
7525.5 98.964
7528.7 98.772
7531.900000000001 98.493
7535.1 99.315
7538.200000000001 99.701
7541.4 99.653
7544.6 99.459
7547.799999999999 99.489
7550.900000000001 99.593
7554.099999999999 99.944
7557.3 99.682
7560.4 99.348
7563.6 99.126
7566.799999999999 99.549
7570.0 99.781
7573.099999999999 100.01
7576.3 99.56
7579.5 99.794
7582.6 99.529
7585.8 100.114
7589.0 100.176
7592.1 100.44
7595.299999999999 100.273
7598.5 100.432
7601.599999999999 100.21
7604.8 100.119
7608.0 100.233
7611.1 100.079
7614.299999999999 99.801
7617.5 99.34
7620.599999999999 99.387
7623.8 99.661
7627.0 99.762
7630.1 100.109
7633.3 100.298
7636.4 100.695
7639.6 100.298
7642.799999999999 100.088
7645.900000000001 99.343
7649.099999999999 99.06
7652.200000000001 99.238
7655.4 99.121
7658.5 99.469
7661.7 99.13
7664.9 99.43
7668.0 99.595
7671.2 100.169
7674.299999999999 99.837
7677.5 99.402
7680.599999999999 99.397
7683.8 99.69
7686.900000000001 99.848
7690.1 99.473
7693.200000000001 99.656
7696.4 99.217
7699.5 99.126
7702.7 99.274
7705.8 99.934
7709.0 100.006
7712.1 99.54
7715.299999999999 99.429
7718.400000000001 99.585
7721.599999999999 99.889
7724.700000000001 99.815
7727.9 99.934
7731.0 100.385
7734.2 100.678
7737.3 100.537
7740.4 99.816
7743.6 99.471
7746.7 98.994
7749.9 98.867
7753.0 99.158
7756.2 99.738
7759.299999999999 100.133
7762.4 99.609
7765.599999999999 100.116
7768.7 99.923
7771.900000000001 100.497
7775.0 99.679
7778.099999999999 99.425
7781.3 99.309
7784.400000000001 99.29
7787.5 100.301
7790.700000000001 100.195
7793.8 99.705
7796.900000000001 98.585
7800.1 98.001
7803.200000000001 98.431
7806.3 98.829
7809.5 98.847
7812.6 99.188
7815.700000000001 99.696
7818.9 100.054
7822.0 99.696
7825.1 99.265
7828.3 99.126
7831.4 99.556
7834.5 99.727
7837.6 99.743
7840.8 100.0
7843.9 100.194
7847.0 100.842
7850.1 100.77
7853.3 100.607
7856.4 100.11
7859.5 99.937
7862.6 100.225
7865.8 100.155
7868.9 100.115
7872.0 99.669
7875.1 99.762
7878.3 99.259
7881.4 98.931
7884.5 98.861
7887.6 98.96
7890.700000000001 99.506
7893.8 99.274
7897.0 99.107
7900.1 99.053
7903.200000000001 99.007
7906.3 99.23
7909.400000000001 98.943
7912.5 98.935
7915.700000000001 99.076
7918.8 99.266
7921.900000000001 99.382
7925.0 99.239
7928.099999999999 98.424
7931.2 98.263
7934.299999999999 98.262
7937.4 99.04
7940.599999999999 99.817
7943.7 99.227
7946.799999999999 98.638
7949.9 97.259
7953.0 97.565
7956.1 97.668
7959.2 98.325
7962.3 98.647
7965.4 99.307
7968.5 99.487
7971.599999999999 99.192
7974.700000000001 97.873
7977.799999999999 97.684
7980.900000000001 97.28
7984.0 97.139
7987.1 95.923
7990.2 95.683
7993.3 96.17
7996.4 97.014
7999.5 97.773
8002.6 97.594
8005.700000000001 96.738
8008.8 96.53
8011.900000000001 96.291
8015.0 97.097
8018.099999999999 96.559
8021.2 97.142
8024.299999999999 96.915
8027.4 96.151
8030.5 95.053
8033.6 95.016
8036.7 96.063
8039.8 96.341
8042.9 96.311
8046.0 95.448
8049.099999999999 94.922
8052.200000000001 94.815
8055.299999999999 94.722
8058.400000000001 95.459
8061.4 95.238
8064.5 95.939
8067.6 95.961
8070.700000000001 95.923
8073.8 95.421
8076.900000000001 95.167
8080.0 95.369
8083.099999999999 94.698
8086.1 94.805
8089.2 93.638
8092.3 93.962
8095.4 93.047
8098.5 94.004
8101.599999999999 93.8
8104.6 94.204
8107.7 94.251
8110.8 93.704
8113.9 94.606
8117.0 93.94
8120.0 95.402
8123.099999999999 94.603
8126.2 96.128
8129.299999999999 95.844
8132.4 93.74
8135.4 92.774
8138.5 92.495
8141.599999999999 94.733
8144.700000000001 94.536
8147.7 94.842
8150.8 95.444
8153.9 96.178
8157.0 96.667
8160.0 95.914
8163.099999999999 95.954
8166.2 95.753
8169.2 95.873
8172.3 95.825
8175.4 96.354
8178.5 97.401
8181.5 97.829
8184.6 98.316
8187.7 98.078
8190.700000000001 99.293
8193.8 97.905
8196.900000000001 97.738
8199.9 96.632
8203.0 96.981
8206.1 96.753
8209.1 95.891
8212.2 95.879
8215.3 95.701
8218.300000000001 97.316
8221.4 97.678
8224.400000000001 98.649
8227.5 98.561
8230.599999999999 99.314
8233.6 98.904
8236.699999999999 98.125
8239.7 97.425
8242.8 97.362
8245.9 98.611
8248.9 99.354
8252.0 99.815
8255.0 100.282
8258.099999999999 99.715
8261.1 99.431
8264.199999999999 98.442
8267.2 98.44
8270.3 98.268
8273.4 97.827
8276.4 98.201
8279.5 97.828
8282.5 98.956
8285.599999999999 98.1
8288.6 98.129
8291.699999999999 96.599
8294.7 96.412
8297.8 97.118
8300.800000000001 97.767
8303.9 98.204
8306.900000000001 97.288
8309.9 97.943
8313.0 97.986
8316.0 97.454
8319.1 97.062
8322.1 96.096
8325.2 96.589
8328.2 95.668
8331.3 96.431
8334.3 95.272
8337.3 95.962
8340.4 95.647
8343.4 95.788
8346.5 94.912
8349.5 95.878
8352.5 96.637
8355.599999999999 97.96
8358.6 96.632
8361.699999999999 98.039
8364.7 98.032
8367.7 98.175
8370.800000000001 95.089
8373.8 94.56
8376.8 94.917
8379.9 95.248
8382.9 93.507
8385.9 92.84
8389.0 92.596
8392.0 91.153
8395.0 88.958
8398.099999999999 88.681
8401.1 88.32
8404.1 87.656
8407.2 85.553
8410.2 84.769
8413.2 83.038
8416.2 82.502
8419.3 81.205
8422.3 79.223
8425.3 77.349
8428.300000000001 75.652
8431.4 74.851
8434.400000000001 71.627
8437.4 68.104
8440.4 66.263
8443.5 65.358
8446.5 64.541
8449.5 61.848
8452.5 58.024
8455.5 54.777
8458.6 53.709
8461.6 52.68
8464.6 50.203
8467.6 46.638
8470.599999999999 42.861
8473.7 41.68
8476.699999999999 38.865
8479.7 38.253
8482.7 35.411
8485.7 34.009
8488.7 31.952
8491.8 29.34
8494.8 28.206
8497.8 25.952
8500.800000000001 25.819
8503.8 24.345
8506.8 23.482
8509.8 22.108
8512.8 20.332
8515.800000000001 18.153
8518.9 16.528
8521.900000000001 15.343
8524.9 14.441
8527.9 14.019
8530.9 14.279
8533.9 14.074
8536.900000000001 13.984
8539.9 12.545
8542.9 12.667
8545.9 11.642
8548.9 12.344
8551.900000000001 11.408
8554.9 10.723
8557.9 8.454
8560.9 7.965
8563.9 7.436
8566.900000000001 7.534
8569.9 6.347
8572.9 6.336
8575.9 6.625
8578.9 7.336
8581.900000000001 7.019
8584.9 5.781
8587.9 4.641
8590.9 5.469
8593.9 5.886
8596.900000000001 6.011
8599.9 4.012
8602.9 3.079
8605.9 3.236
8608.9 3.55
8611.900000000001 3.655
8614.9 3.581
8617.9 3.233
8620.800000000001 0.0
8623.8 0.0
8626.8 0.0
