#SOAR_z
#photon
#SOAR z band (SDSS z') https://noirlab.edu/science/node/40829
7779.8 0.0
7783.200000000001 0.142
7786.599999999999 0.075
7790.0 0.125
7793.400000000001 0.079
7796.799999999999 0.119
7800.2 0.134
7803.7 0.083
7807.1 0.135
7810.5 0.137
7813.9 0.149
7817.3 0.242
7820.700000000001 0.172
7824.099999999999 0.096
7827.5 0.0
7830.900000000001 0.133
7834.299999999999 0.27
7837.7 0.0
7841.1 0.14
7844.5 0.22
7847.9 0.145
7851.3 0.242
7854.700000000001 0.106
7858.099999999999 0.16
7861.5 0.25
7864.9 0.237
7868.400000000001 0.254
7871.799999999999 0.284
7875.2 0.254
7878.6 0.392
7882.0 0.333
7885.4 0.283
7888.7 0.284
7892.1 0.213
7895.5 0.198
7898.9 0.415
7902.3 0.446
7905.700000000001 0.289
7909.099999999999 0.451
7912.5 0.376
7915.900000000001 0.448
7919.299999999999 0.577
7922.7 0.544
7926.1 0.55
7929.5 0.427
7932.9 0.539
7936.3 0.606
7939.700000000001 0.716
7943.099999999999 0.696
7946.5 0.7
7949.8 0.551
7953.200000000001 0.708
7956.599999999999 0.938
7960.0 0.734
7963.400000000001 0.833
7966.799999999999 1.059
7970.2 0.992
7973.6 0.859
7977.0 0.936
7980.299999999999 1.079
7983.7 1.109
7987.1 1.308
7990.5 1.345
7993.9 1.359
7997.3 1.478
8000.599999999999 1.573
8004.0 1.672
8007.4 1.724
8010.8 1.637
8014.2 1.943
8017.6 2.026
8020.900000000001 2.026
8024.299999999999 2.176
8027.7 2.238
8031.1 2.509
8034.5 2.5
8037.799999999999 2.756
8041.2 2.931
8044.6 3.052
8048.0 3.151
8051.3 3.394
8054.700000000001 3.515
8058.099999999999 3.856
8061.5 3.938
8064.8 4.07
8068.200000000001 4.341
8071.599999999999 4.476
8075.0 4.736
8078.3 5.002
8081.7 5.136
8085.1 5.48
8088.400000000001 5.732
8091.799999999999 6.006
8095.2 6.318
8098.6 6.55
8101.900000000001 6.978
8105.299999999999 7.314
8108.7 7.652
8112.0 7.941
8115.4 8.47
8118.8 8.695
8122.1 9.221
8125.5 9.524
8128.9 9.955
8132.200000000001 10.515
8135.599999999999 10.79
8139.0 11.364
8142.3 11.736
8145.700000000001 12.18
8149.0 12.757
8152.4 13.125
8155.8 13.749
8159.099999999999 14.357
8162.5 14.896
8165.8 15.731
8169.2 16.0
8172.6 16.428
8175.900000000001 17.235
8179.299999999999 18.066
8182.6 18.623
8186.0 19.183
8189.400000000001 19.921
8192.7 20.79
8196.1 21.365
8199.400000000001 22.038
8202.8 23.018
8206.1 23.736
8209.5 24.385
8212.8 25.046
8216.2 25.777
8219.5 26.282
8222.9 27.443
8226.2 28.126
8229.6 28.903
8232.9 29.948
8236.3 30.545
8239.6 31.619
8243.0 32.265
8246.3 33.214
8249.7 33.956
8253.0 34.769
8256.4 35.619
8259.7 36.198
8263.099999999999 37.255
8266.4 38.364
8269.8 39.127
8273.099999999999 39.763
8276.4 40.726
8279.8 41.449
8283.099999999999 42.346
8286.5 43.589
8289.8 43.841
8293.2 45.136
8296.5 45.72
8299.8 46.584
8303.2 47.373
8306.5 48.191
8309.9 48.75
8313.2 49.668
8316.5 50.431
8319.9 51.16
8323.2 52.133
8326.5 52.994
8329.9 53.706
8333.2 54.949
8336.6 55.169
8339.9 56.282
8343.2 57.028
8346.6 57.485
8349.9 58.185
8353.2 58.879
8356.5 59.536
8359.9 60.076
8363.2 61.246
8366.5 61.755
8369.9 63.16
8373.2 63.24
8376.5 64.024
8379.9 64.22
8383.2 65.053
8386.5 65.71
8389.8 66.669
8393.2 67.303
8396.5 68.008
8399.8 68.258
8403.099999999999 68.922
8406.5 70.132
8409.8 70.49
8413.099999999999 71.106
8416.4 71.789
8419.8 71.744
8423.099999999999 72.245
8426.4 72.431
8429.7 73.151
8433.0 74.905
8436.4 74.81
8439.7 75.809
8443.0 76.508
8446.3 76.397
8449.6 77.246
8452.9 76.719
8456.3 77.329
8459.6 77.797
8462.9 77.493
8466.2 78.764
8469.5 79.164
8472.8 80.193
8476.2 80.387
8479.5 80.779
8482.8 80.367
8486.1 81.258
8489.400000000001 81.014
8492.7 82.108
8496.0 82.292
8499.3 82.685
8502.6 82.643
8505.9 83.472
8509.3 84.091
8512.6 84.633
8515.9 84.202
8519.199999999999 84.324
8522.5 84.867
8525.800000000001 85.808
8529.1 85.269
8532.4 85.977
8535.7 86.264
8539.0 86.467
8542.3 87.104
8545.599999999999 87.785
8548.9 86.845
8552.2 87.67
8555.5 87.39
8558.8 88.016
8562.1 87.409
8565.4 88.092
8568.7 88.262
8572.0 88.931
8575.3 88.644
8578.6 89.114
8581.900000000001 89.505
8585.2 90.302
8588.5 89.479
8591.8 89.784
8595.1 90.374
8598.4 89.697
8601.699999999999 90.227
8605.0 90.867
8608.300000000001 90.528
8611.5 91.067
8614.8 91.627
8618.099999999999 91.173
8621.4 91.44
8624.7 91.946
8628.0 92.195
8631.3 91.415
8634.6 91.796
8637.9 91.298
8641.1 92.152
8644.400000000001 92.853
8647.7 92.877
8651.0 93.304
8654.3 93.143
8657.6 93.11
8660.9 93.621
8664.1 93.292
8667.4 92.99
8670.7 93.164
8674.0 93.675
8677.3 93.919
8680.599999999999 94.155
8683.8 94.52
8687.1 94.694
8690.4 94.706
8693.7 94.616
8696.900000000001 93.931
8700.2 95.262
8703.5 94.904
8706.8 94.794
8710.1 94.665
8713.300000000001 94.818
8716.6 95.969
8719.9 95.985
8723.099999999999 95.198
8726.4 95.435
8729.7 95.134
8733.0 95.187
8736.2 95.564
8739.5 95.317
8742.8 95.405
8746.0 96.128
8749.3 95.801
8752.6 96.239
8755.9 96.0
8759.1 96.266
8762.4 96.516
8765.7 96.846
8768.9 96.594
8772.2 96.41
8775.4 96.516
8778.7 97.01
8782.0 96.642
8785.2 96.619
8788.5 96.521
8791.8 97.214
8795.0 97.38
8798.300000000001 97.075
8801.5 97.136
8804.8 96.61
8808.099999999999 96.774
8811.3 97.049
8814.6 96.822
8817.8 96.584
8821.1 97.225
8824.400000000001 96.991
8827.6 97.022
8830.9 97.863
8834.1 97.868
8837.4 97.497
8840.599999999999 97.326
8843.9 97.356
8847.1 97.266
8850.4 96.738
8853.6 97.448
8856.900000000001 97.203
8860.1 97.316
8863.4 98.264
8866.6 98.529
8869.9 97.302
8873.099999999999 97.627
8876.4 97.988
8879.6 97.616
8882.9 96.978
8886.1 96.483
8889.400000000001 97.332
8892.6 97.313
8895.9 96.785
8899.1 97.77
8902.3 97.598
8905.599999999999 97.766
8908.8 98.248
8912.1 97.489
8915.3 97.743
8918.5 97.996
8921.8 97.625
8925.0 97.864
8928.300000000001 96.922
8931.5 97.178
8934.7 98.213
8938.0 98.173
8941.2 97.758
8944.400000000001 97.732
8947.7 98.5
8950.9 98.47
8954.1 98.689
8957.4 98.391
8960.599999999999 97.792
8963.8 98.098
8967.1 97.632
8970.3 97.711
8973.5 98.491
8976.8 98.336
8980.0 98.043
8983.2 98.084
8986.5 98.599
8989.7 97.482
8992.9 98.585
8996.1 98.824
8999.400000000001 98.756
9002.6 97.843
9005.800000000001 97.74
9009.0 98.569
9012.3 97.942
9015.5 98.615
9018.7 98.708
9021.900000000001 99.663
9025.1 99.346
9028.4 99.444
9031.6 98.083
9034.8 98.039
9038.0 98.452
9041.2 97.844
9044.5 98.034
9047.7 98.247
9050.9 98.247
9054.1 98.97
9057.3 97.922
9060.5 98.424
9063.8 98.243
9067.0 98.541
9070.2 97.942
9073.4 98.948
9076.6 97.875
9079.8 98.466
9083.0 98.544
9086.2 98.292
9089.5 99.198
9092.7 98.207
9095.9 98.645
9099.1 97.63
9102.3 99.146
9105.5 97.856
9108.7 98.692
9111.900000000001 98.369
9115.1 98.29
9118.300000000001 98.17
9121.5 98.44
9124.7 98.464
9127.9 97.798
9131.1 98.891
9134.3 98.751
9137.5 99.193
9140.7 98.733
9143.9 98.479
9147.1 98.922
9150.3 98.636
9153.5 99.623
9156.699999999999 98.833
9159.9 98.962
9163.099999999999 98.467
9166.3 97.992
9169.5 98.844
9172.7 98.985
9175.9 98.839
9179.1 99.484
9182.3 98.355
9185.5 99.313
9188.7 98.211
9191.8 99.159
9195.0 98.465
9198.2 98.347
9201.4 98.348
9204.6 98.508
9207.8 98.685
9211.0 98.277
9214.199999999999 99.046
9217.4 98.343
9220.5 98.603
9223.7 98.572
9226.900000000001 97.929
9230.1 97.888
9233.300000000001 98.288
9236.5 98.187
9239.6 98.052
9242.8 98.351
9246.0 98.831
9249.199999999999 98.797
9252.4 99.013
9255.5 98.57
9258.7 98.842
9261.900000000001 100.371
9265.1 99.247
9268.2 98.668
9271.4 99.015
9274.6 98.186
9277.8 99.283
9280.9 98.71
9284.1 98.962
9287.3 98.965
9290.5 98.037
9293.6 98.389
9296.8 98.945
9300.0 99.96
9303.099999999999 99.461
9306.3 97.795
9309.5 99.08
9312.6 98.92
9315.800000000001 99.309
9319.0 98.788
9322.1 97.784
9325.3 98.948
9328.5 98.977
9331.6 97.812
9334.8 98.578
9338.0 97.988
9341.1 98.357
9344.3 98.522
9347.5 98.9
9350.599999999999 98.773
9353.8 99.19
9356.900000000001 100.144
9360.1 98.276
9363.300000000001 98.842
9366.4 99.309
9369.6 98.349
9372.7 98.745
9375.9 97.889
9379.0 99.197
9382.2 98.713
9385.3 99.851
9388.5 98.719
9391.6 99.725
9394.8 97.109
9397.9 98.962
9401.1 97.844
9404.199999999999 95.932
9407.4 97.899
9410.5 98.8
9413.7 97.975
9416.8 97.004
9420.0 96.973
9423.099999999999 98.285
9426.3 97.928
9429.400000000001 97.566
9432.6 97.767
9435.7 97.084
9438.9 98.209
9442.0 96.7
9445.1 97.113
9448.300000000001 97.02
9451.4 98.422
9454.6 98.307
9457.7 96.227
9460.800000000001 96.194
9464.0 96.486
9467.1 98.843
9470.3 98.72
9473.4 97.682
9476.5 99.285
9479.7 99.042
9482.8 98.666
9485.9 98.261
9489.1 97.626
9492.2 97.403
9495.3 99.221
9498.5 99.239
9501.6 96.413
9504.7 96.696
9507.8 97.558
9511.0 98.129
9514.1 97.754
9517.2 99.895
9520.4 99.143
9523.5 99.488
9526.6 96.947
9529.7 99.901
9532.9 99.575
9536.0 98.615
9539.1 98.722
9542.2 99.381
9545.3 97.625
9548.5 97.994
9551.6 98.356
9554.7 101.468
9557.8 98.963
9560.9 97.709
9564.1 99.165
9567.2 98.506
9570.3 97.229
9573.4 99.28
9576.5 97.372
9579.6 98.891
9582.8 97.945
9585.9 98.574
9589.0 97.599
9592.1 98.878
9595.2 98.96
9598.300000000001 98.813
9601.4 99.949
9604.5 98.103
9607.6 98.764
9610.800000000001 97.433
9613.9 98.77
9617.0 98.352
9620.1 99.031
9623.2 98.484
9626.3 99.116
9629.400000000001 99.226
9632.5 97.931
9635.599999999999 98.615
9638.7 97.93
9641.8 99.52
9644.9 99.399
9648.0 99.903
9651.1 98.869
9654.199999999999 98.89
9657.3 98.169
9660.4 99.059
9663.5 97.904
9666.6 99.588
9669.7 99.284
9672.8 97.868
9675.9 98.621
9679.0 99.03
9682.1 99.579
9685.2 98.672
9688.2 98.75
9691.3 99.953
9694.400000000001 99.45
9697.5 98.647
9700.599999999999 97.933
9703.7 97.848
9706.8 98.79
9709.9 98.832
9713.0 99.881
9716.0 98.479
9719.1 98.527
9722.2 97.747
9725.3 99.46
9728.4 99.317
9731.5 98.771
9734.6 98.246
9737.6 99.496
9740.7 98.788
9743.8 100.272
9746.900000000001 98.224
9750.0 96.723
9753.0 97.749
9756.1 96.779
9759.199999999999 98.536
9762.3 98.569
9765.3 98.658
9768.4 97.24
9771.5 96.991
9774.6 98.468
9777.6 98.848
9780.7 99.75
9783.8 98.709
9786.8 98.718
9789.9 98.353
9793.0 99.414
9796.1 98.307
9799.1 99.332
9802.2 97.487
9805.3 99.078
9808.300000000001 98.942
9811.4 98.227
9814.5 97.416
9817.5 99.187
9820.599999999999 97.686
9823.6 98.276
9826.699999999999 96.957
9829.8 98.834
9832.8 99.159
9835.9 98.721
9839.0 98.409
9842.0 98.643
9845.1 98.872
9848.099999999999 98.306
9851.2 100.081
9854.199999999999 98.344
9857.3 98.656
9860.3 98.304
9863.4 98.873
9866.5 97.17
9869.5 98.919
9872.6 97.828
9875.599999999999 98.607
9878.7 98.256
9881.699999999999 99.205
9884.8 98.749
9887.8 99.513
9890.9 99.53
9893.9 99.334
9897.0 98.967
9900.0 98.032
9903.0 99.453
9906.1 97.935
9909.1 98.2
9912.2 98.199
9915.2 99.141
9918.300000000001 100.388
9921.3 100.336
9924.3 98.283
9927.4 98.686
9930.4 98.601
9933.5 97.956
9936.5 97.268
9939.5 99.466
9942.6 99.656
9945.599999999999 98.934
9948.6 98.931
9951.699999999999 97.181
9954.7 99.777
9957.7 99.62
9960.800000000001 99.161
9963.8 98.179
9966.8 98.33
9969.9 99.766
9972.9 99.633
9975.9 99.461
9979.0 99.594
9982.0 98.706
9985.0 95.993
9988.0 97.961
9991.1 97.95
9994.1 99.205
9997.1 97.042
10000.1 97.762
10003.2 96.812
10006.2 99.022
10009.199999999999 99.506
10012.2 99.214
10015.2 99.325
10018.300000000001 99.225
10021.3 101.306
10024.3 97.555
10027.3 97.164
10030.3 99.693
10033.4 97.313
10036.4 98.85
10039.400000000001 98.334
10042.4 97.406
10045.4 97.897
10048.4 98.89
10051.4 100.155
10054.400000000001 96.77
10057.5 97.238
10060.5 97.289
10063.5 99.476
10066.5 99.47
10069.5 97.949
10072.5 100.828
10075.5 97.502
10078.5 97.388
10081.5 99.456
10084.5 99.539
10087.5 99.38
10090.5 98.179
10093.5 97.95
10096.5 98.008
10099.5 96.583
10102.5 97.271
10105.5 98.137
10108.5 100.886
10111.5 97.618
10114.5 98.79
10117.5 97.477
10120.5 99.188
10123.5 97.087
10126.5 99.953
10129.5 98.073
10132.5 97.927
10135.5 96.898
10138.5 96.884
10141.5 100.143
10144.5 100.913
10147.4 101.38
10150.4 95.547
10153.4 98.882
10156.4 97.386
10159.400000000001 99.8
10162.4 98.171
10165.4 99.04
10168.300000000001 96.726
10171.3 99.426
10174.3 98.238
10177.3 95.243
10180.3 98.052
10183.300000000001 99.359
10186.2 101.241
10189.199999999999 97.653
10192.2 99.682
10195.2 98.986
10198.2 99.293
10201.1 99.515
10204.1 99.945
10207.1 100.551
10210.1 98.381
10213.0 100.748
10216.0 98.522
10219.0 97.618
10221.900000000001 99.824
10224.9 98.166
10227.9 96.514
10230.9 98.834
10233.8 95.619
10236.8 95.657
10239.8 99.642
10242.7 98.783
10245.699999999999 100.371
10248.699999999999 97.603
10251.6 96.089
10254.6 98.449
10257.5 98.688
10260.5 97.377
10263.5 98.464
10266.400000000001 97.963
10269.400000000001 99.467
10272.4 98.811
10275.3 96.24
10278.3 96.454
10281.199999999999 98.171
10284.2 95.357
10287.1 97.693
10290.1 101.319
10293.0 98.271
10296.0 95.813
10299.0 98.9
10301.900000000001 98.288
10304.9 98.65
10307.8 97.09
10310.8 99.64
10313.699999999999 97.574
10316.7 99.705
10319.6 96.6
10322.6 99.004
10325.5 97.978
10328.4 98.345
10331.400000000001 98.762
10334.300000000001 99.01
10337.3 95.202
10340.2 97.291
10343.199999999999 97.017
10346.099999999999 100.0
10349.0 95.143
10352.0 98.677
10354.9 98.387
10357.9 99.835
10360.8 96.818
10363.699999999999 96.305
10366.7 98.915
10369.6 97.804
10372.5 96.209
10375.5 98.049
10378.4 100.524
10381.300000000001 93.249
10384.300000000001 96.669
10387.2 100.341
10390.1 98.866
10393.099999999999 100.925
10396.0 92.833
10398.900000000001 99.383
10401.800000000001 102.873
10404.8 96.461
10407.7 97.212
10410.599999999999 98.423
10413.5 100.191
10416.5 97.759
10419.400000000001 99.136
10422.3 96.154
10425.2 99.014
10428.199999999999 95.21
10431.099999999999 93.147
10434.0 95.682
10436.900000000001 97.05
10439.8 96.328
10442.7 96.214
10445.699999999999 99.189
10448.599999999999 98.2
10451.5 96.922
10454.400000000001 92.429
10457.3 95.657
10460.2 95.209
10463.099999999999 99.026
10466.099999999999 100.441
10469.0 99.043
10471.900000000001 96.142
10474.8 96.778
10477.7 99.78
10480.599999999999 98.984
10483.5 98.552
10486.400000000001 95.595
10489.300000000001 97.342
10492.2 98.196
10495.1 96.552
10498.0 95.135
10500.9 98.387
10503.800000000001 92.634
10506.7 94.883
10509.6 99.757
10512.5 100.244
10515.4 99.395
10518.3 96.099
10521.199999999999 98.623
10524.1 93.382
10527.0 97.188
10529.9 97.856
10532.8 97.927
10535.699999999999 95.074
10538.599999999999 94.451
10541.5 97.698
10544.400000000001 97.909
10547.3 98.613
10550.1 91.397
10553.0 97.68
10555.9 97.051
10558.800000000001 102.473
10561.7 98.047
10564.6 94.67
10567.5 96.749
10570.4 96.523
10573.199999999999 95.401
10576.099999999999 95.576
10579.0 94.886
10581.900000000001 98.099
10584.8 94.687
10587.6 97.612
10590.5 98.129
10593.4 98.752
10596.300000000001 95.64
10599.1 94.64
10602.0 98.42
10604.9 96.226
10607.8 96.471
10610.599999999999 89.496
10613.5 96.024
10616.400000000001 95.217
10619.300000000001 98.478
10622.1 92.78
10625.0 94.86
10627.9 98.52
10630.699999999999 98.408
10633.599999999999 92.96
10636.5 99.045
10639.300000000001 95.741
10642.2 92.259
10645.1 92.369
10647.9 102.163
10650.8 97.249
10653.699999999999 96.284
10656.5 96.272
10659.400000000001 98.947
10662.2 95.567
10665.1 94.983
10668.0 102.359
10670.8 92.114
10673.699999999999 94.007
10676.5 91.652
10679.400000000001 95.213
10682.2 103.559
10685.1 96.234
10687.9 92.555
10690.8 92.586
10693.599999999999 98.911
10696.5 102.632
10699.300000000001 95.438
10702.2 97.075
10705.0 93.874
10707.9 94.881
10710.699999999999 103.119
10713.599999999999 101.359
10716.400000000001 91.927
10719.300000000001 92.432
10722.1 96.289
10724.9 95.238
10727.8 94.99
10730.599999999999 98.16
10733.5 94.242
10736.300000000001 86.226
10739.1 91.525
10742.0 95.775
10744.8 95.634
10747.7 97.431
10750.5 89.781
10753.3 95.146
10756.199999999999 88.023
10759.0 97.856
10761.800000000001 99.391
10764.7 93.483
10767.5 91.525
10770.3 87.897
10773.099999999999 104.957
10776.0 90.215
10778.800000000001 99.18
10781.6 97.845
10784.5 95.597
10787.3 95.285
10790.1 103.05
10792.9 100.644
10795.8 103.326
10798.599999999999 103.82
10801.400000000001 90.397
10804.2 93.469
10807.0 93.319
10809.9 96.104
10812.7 92.979
10815.5 102.928
10818.3 90.851
10821.099999999999 96.0
10823.900000000001 94.9
10826.800000000001 105.036
10829.6 93.571
10832.4 95.595
10835.2 91.685
10838.0 102.118
10840.8 93.939
10843.599999999999 97.647
10846.400000000001 91.745
10849.2 98.02
10852.0 99.277
10854.9 91.494
10857.7 96.144
10860.5 98.25
10863.3 88.652
10866.099999999999 92.288
10868.900000000001 91.768
10871.7 101.942
10874.5 100.0
10877.3 99.528
10880.1 89.5
10882.9 92.067
10885.699999999999 92.099
10888.5 95.05
10891.300000000001 94.207
10894.1 100.723
10896.900000000001 100.811
10899.6 95.897
10902.4 95.276
10905.2 91.293
10908.0 97.759
10910.8 93.264
10913.599999999999 89.459
10916.400000000001 95.756
