#SOAR_r
#photon
#SOAR r band (SDSS r') https://noirlab.edu/science/node/40801
5371.4 0.0
5374.9 0.222
5378.400000000001 0.23
5381.900000000001 0.445
5385.4 0.574
5388.8 0.799
5392.3 0.785
5395.8 0.912
5399.299999999999 0.972
5402.799999999999 1.279
5406.2 1.433
5409.700000000001 1.875
5413.200000000001 2.277
5416.7 2.698
5420.1 3.049
5423.6 3.347
5427.1 3.82
5430.599999999999 4.194
5434.099999999999 4.799
5437.5 5.471
5441.0 6.17
5444.5 6.858
5447.9 7.569
5451.4 8.446
5454.9 9.175
5458.400000000001 9.994
5461.799999999999 10.671
5465.299999999999 11.694
5468.8 12.78
5472.3 13.854
5475.700000000001 14.858
5479.2 16.024
5482.7 17.337
5486.1 18.53
5489.6 19.487
5493.099999999999 20.575
5496.5 21.811
5500.0 23.085
5503.5 24.369
5506.900000000001 25.625
5510.4 26.882
5513.9 28.309
5517.3 29.888
5520.8 31.39
5524.299999999999 32.633
5527.7 33.953
5531.2 35.475
5534.6 36.978
5538.099999999999 38.45
5541.599999999999 39.955
5545.0 41.485
5548.5 42.948
5552.0 44.739
5555.4 46.298
5558.9 47.847
5562.3 48.896
5565.8 50.385
5569.2 51.768
5572.7 53.38
5576.2 54.654
5579.6 55.956
5583.099999999999 57.047
5586.5 58.268
5590.0 59.434
5593.400000000001 60.773
5596.900000000001 61.857
5600.4 62.951
5603.8 63.961
5607.3 64.669
5610.700000000001 65.417
5614.2 66.031
5617.6 66.879
5621.1 67.713
5624.5 68.007
5628.0 68.457
5631.4 68.679
5634.9 69.272
5638.3 69.483
5641.799999999999 69.735
5645.2 69.885
5648.7 70.241
5652.1 70.296
5655.599999999999 70.587
5659.0 70.988
5662.5 71.284
5665.900000000001 71.339
5669.299999999999 71.427
5672.799999999999 71.785
5676.2 72.265
5679.700000000001 72.612
5683.099999999999 73.084
5686.599999999999 73.4
5690.0 73.798
5693.400000000001 74.208
5696.900000000001 74.553
5700.299999999999 74.874
5703.8 75.241
5707.200000000001 75.91
5710.700000000001 76.267
5714.099999999999 76.816
5717.5 77.396
5721.0 78.156
5724.400000000001 78.676
5727.799999999999 79.262
5731.3 79.979
5734.700000000001 80.681
5738.200000000001 81.544
5741.599999999999 82.282
5745.0 82.974
5748.5 83.441
5751.900000000001 83.883
5755.299999999999 84.33
5758.8 84.913
5762.200000000001 85.564
5765.599999999999 86.365
5769.099999999999 87.135
5772.5 88.135
5775.900000000001 88.985
5779.400000000001 89.471
5782.799999999999 89.792
5786.2 90.005
5789.6 90.224
5793.099999999999 90.519
5796.5 90.977
5799.9 91.29
5803.400000000001 91.592
5806.799999999999 91.88
5810.2 92.379
5813.6 92.903
5817.1 93.148
5820.5 93.34
5823.9 93.481
5827.3 93.525
5830.8 93.591
5834.2 93.169
5837.6 93.334
5841.0 93.42
5844.5 93.791
5847.9 93.708
5851.3 93.819
5854.700000000001 94.089
5858.099999999999 94.437
5861.599999999999 94.526
5865.0 94.401
5868.400000000001 94.422
5871.799999999999 94.425
5875.2 94.775
5878.7 94.674
5882.1 94.867
5885.5 95.065
5888.9 95.257
5892.3 95.228
5895.700000000001 95.154
5899.2 95.269
5902.6 95.624
5906.0 95.419
5909.400000000001 95.593
5912.799999999999 95.788
5916.2 95.883
5919.6 95.821
5923.099999999999 95.918
5926.5 96.427
5929.9 96.668
5933.3 96.584
5936.7 96.845
5940.1 96.842
5943.5 97.059
5946.900000000001 96.895
5950.299999999999 97.121
5953.7 97.25
5957.200000000001 97.451
5960.599999999999 97.467
5964.0 97.236
5967.4 96.837
5970.8 96.566
5974.2 96.563
5977.6 96.426
5981.0 96.524
5984.400000000001 96.623
5987.799999999999 96.738
5991.2 96.664
5994.6 96.366
5998.0 96.21
6001.4 96.15
6004.8 96.247
6008.200000000001 96.205
6011.599999999999 96.18
6015.0 96.16
6018.400000000001 96.072
6021.799999999999 96.014
6025.2 95.82
6028.6 96.034
6032.0 96.077
6035.4 95.96
6038.8 95.646
6042.200000000001 95.472
6045.599999999999 95.667
6049.0 95.572
6052.4 95.685
6055.8 95.848
6059.2 96.273
6062.6 96.254
6066.0 96.007
6069.299999999999 95.854
6072.7 95.755
6076.1 95.769
6079.5 95.555
6082.9 95.615
6086.3 95.725
6089.700000000001 95.842
6093.099999999999 95.839
6096.5 95.887
6099.9 96.211
6103.200000000001 96.219
6106.599999999999 96.3
6110.0 96.398
6113.400000000001 96.597
6116.799999999999 96.799
6120.2 96.824
6123.6 96.702
6126.900000000001 96.708
6130.299999999999 96.642
6133.7 96.778
6137.1 96.667
6140.5 96.632
6143.9 96.724
6147.200000000001 96.802
6150.599999999999 96.831
6154.0 97.122
6157.4 97.188
6160.8 97.302
6164.099999999999 97.045
6167.5 97.158
6170.900000000001 97.27
6174.299999999999 97.59
6177.7 97.68
6181.0 97.8
6184.400000000001 97.397
6187.799999999999 97.368
6191.2 97.178
6194.5 97.412
6197.9 97.47
6201.3 97.599
6204.700000000001 97.673
6208.0 97.692
6211.4 97.623
6214.8 97.551
6218.200000000001 97.375
6221.5 97.73
6224.9 97.871
6228.3 97.908
6231.599999999999 97.802
6235.0 97.862
6238.400000000001 97.861
6241.799999999999 97.77
6245.1 97.768
6248.5 97.855
6251.900000000001 97.846
6255.2 97.981
6258.6 98.058
6262.0 98.222
6265.299999999999 97.99
6268.7 97.92
6272.1 97.994
6275.4 97.98
6278.8 97.975
6282.1 97.536
6285.5 97.609
6288.9 97.634
6292.200000000001 98.037
6295.599999999999 97.76
6299.0 97.678
6302.3 97.202
6305.700000000001 97.579
6309.0 97.555
6312.4 97.669
6315.8 97.514
6319.099999999999 97.106
6322.5 96.81
6325.8 96.203
6329.2 96.04
6332.5 96.109
6335.900000000001 96.46
6339.299999999999 96.716
6342.6 96.856
6346.0 96.766
6349.299999999999 96.587
6352.7 96.175
6356.0 95.883
6359.400000000001 95.997
6362.7 96.366
6366.1 96.374
6369.400000000001 96.252
6372.799999999999 96.36
6376.1 96.48
6379.5 96.445
6382.799999999999 95.877
6386.2 95.995
6389.5 96.288
6392.9 96.494
6396.2 96.404
6399.6 96.317
6402.9 96.8
6406.3 96.75
6409.6 96.775
6413.0 96.612
6416.3 96.645
6419.6 96.739
6423.0 96.659
6426.3 96.907
6429.700000000001 97.087
6433.0 96.978
6436.4 97.11
6439.700000000001 96.766
6443.0 96.537
6446.4 96.53
6449.700000000001 96.777
6453.099999999999 97.028
6456.4 96.619
6459.700000000001 96.522
6463.099999999999 96.684
6466.4 96.955
6469.8 96.919
6473.099999999999 97.037
6476.4 97.159
6479.8 97.119
6483.099999999999 96.616
6486.4 96.588
6489.8 96.637
6493.099999999999 97.04
6496.4 96.974
6499.8 96.921
6503.099999999999 96.735
6506.4 96.713
6509.8 96.797
6513.099999999999 96.698
6516.4 96.398
6519.8 96.373
6523.099999999999 96.285
6526.4 96.494
6529.700000000001 96.272
6533.099999999999 96.048
6536.4 95.685
6539.700000000001 95.751
6543.0 95.893
6546.4 95.775
6549.700000000001 95.242
6553.0 94.497
6556.4 94.612
6559.700000000001 94.677
6563.0 94.857
6566.3 94.822
6569.6 94.79
6573.0 94.618
6576.3 94.733
6579.6 94.648
6582.9 94.645
6586.3 94.541
6589.6 94.773
6592.9 94.892
6596.2 94.878
6599.5 95.24
6602.9 95.012
6606.2 95.174
6609.5 94.769
6612.799999999999 94.772
6616.1 94.68
6619.400000000001 94.921
6622.799999999999 94.959
6626.1 94.915
6629.400000000001 94.88
6632.7 94.92
6636.0 94.951
6639.299999999999 94.991
6642.6 94.76
6645.900000000001 94.506
6649.299999999999 94.426
6652.6 94.612
6655.900000000001 94.895
6659.2 94.508
6662.5 94.34
6665.8 94.036
6669.099999999999 94.03
6672.4 94.239
6675.700000000001 94.318
6679.0 94.521
6682.3 94.578
6685.700000000001 94.468
6689.0 94.694
6692.3 94.228
6695.599999999999 94.29
6698.9 94.093
6702.200000000001 94.344
6705.5 94.432
6708.8 94.181
6712.1 93.93
6715.4 93.762
6718.7 93.826
6722.0 93.777
6725.299999999999 93.537
6728.6 93.545
6731.900000000001 93.711
6735.2 94.006
6738.5 93.603
6741.799999999999 93.426
6745.1 93.29
6748.400000000001 93.453
6751.7 93.221
6755.0 92.821
6758.3 92.611
6761.599999999999 92.201
6764.9 91.701
6768.200000000001 91.448
6771.4 91.491
6774.700000000001 91.544
6778.0 91.107
6781.3 90.776
6784.6 90.946
6787.9 90.75
6791.2 90.597
6794.5 90.125
6797.799999999999 90.069
6801.1 89.811
6804.400000000001 89.759
6807.6 89.692
6810.900000000001 89.417
6814.2 89.455
6817.5 89.388
6820.8 89.033
6824.099999999999 88.576
6827.4 88.392
6830.700000000001 88.747
6833.9 88.558
6837.200000000001 88.202
6840.5 88.012
6843.8 88.161
6847.1 88.331
6850.4 88.694
6853.6 89.233
6856.900000000001 89.697
6860.2 90.164
6863.5 90.31
6866.799999999999 90.735
6870.0 91.07
6873.3 91.446
6876.599999999999 92.042
6879.9 92.668
6883.099999999999 93.336
6886.4 93.795
6889.700000000001 94.167
6893.0 94.28
6896.3 94.373
6899.5 94.062
6902.799999999999 93.93
6906.1 93.238
6909.299999999999 92.945
6912.6 92.063
6915.900000000001 90.929
6919.2 88.435
6922.4 85.554
6925.700000000001 82.55
6929.0 79.488
6932.3 76.013
6935.5 71.928
6938.8 67.504
6942.1 63.299
6945.299999999999 58.371
6948.6 53.655
6951.900000000001 48.682
6955.1 44.799
6958.400000000001 41.055
6961.7 37.359
6964.9 33.515
6968.200000000001 29.574
6971.5 26.428
6974.700000000001 23.61
6978.0 21.362
6981.2 19.15
6984.5 17.032
6987.799999999999 15.286
6991.0 13.779
6994.299999999999 12.488
6997.5 11.371
7000.8 10.01
7004.099999999999 8.941
7007.3 7.874
7010.599999999999 7.29
7013.8 6.482
7017.1 6.065
7020.4 5.227
7023.6 4.81
7026.900000000001 4.146
7030.1 4.025
7033.400000000001 3.52
7036.599999999999 3.156
7039.9 2.63
7043.099999999999 2.493
7046.4 2.083
7049.6 1.905
7052.9 1.815
7056.1 1.751
7059.400000000001 1.571
7062.7 1.298
7065.900000000001 1.259
7069.2 1.3
7072.4 1.398
7075.599999999999 1.334
7078.9 1.186
7082.1 1.041
7085.4 1.133
7088.6 1.174
7091.900000000001 0.966
7095.1 0.672
7098.400000000001 0.548
7101.599999999999 0.705
7104.9 0.751
7108.099999999999 0.491
7111.3 0.0
7114.6 0.0
7117.799999999999 0.417
7121.1 0.443
7124.299999999999 0.772
7127.6 0.702
7130.8 0.721
7134.0 0.85
7137.3 0.638
7140.5 0.499
7143.8 0.0
7147.0 0.0
7150.2 0.0
