#SOAR_y
#photon
#SOAR SOI y band: http://svo2.cab.inta-csic.es/theory/fps/index.php?id=CTIO/
5238.8 0.0
5242.3 0.005208413939706284
5245.8 0.0037578025973339572
5249.3 0.005723500050802398
5252.8 0.005895783887719566
5256.3 0.007179220667471497
5259.8 0.0032485319203967703
5263.3 0.005216056570170703
5266.8 0.009409151427413942
5270.2 0.011123520043095983
5273.7 0.012839123241165694
5277.2 0.013014661205552811
5280.7 0.01738723160915603
5284.2 0.020905920826008426
5287.7 0.02639825481626842
5291.2 0.026492805825551868
5294.7 0.03610742362020107
5298.2 0.04092396122527457
5301.7 0.05029232729758603
5305.2 0.06095470719427874
5308.7 0.0771205241466782
5312.2 0.09432800796158466
5315.7 0.11696100380493647
5319.1 0.14588319430299662
5322.6 0.17293386041689626
5326.1 0.20800259737064775
5329.6 0.2529905153750873
5333.1 0.29413471710467587
5336.6 0.339439423183605
5340.1 0.3827930242025459
5343.6 0.43186228941380866
5347.0 0.4774255685251443
5350.5 0.5104346839404056
5354.0 0.547001883197145
5357.5 0.57323971760852
5361.0 0.6070036255120899
5364.5 0.6237814984811623
5368.0 0.6397067084937869
5371.4 0.6603877424708744
5374.9 0.674001827722062
5378.4 0.6789797653221304
5381.9 0.6952895738545736
5385.4 0.6967307515490928
5388.8 0.7026659653701541
5392.3 0.7066205733353916
5395.8 0.7136949704787865
5399.3 0.7161829724832971
5402.8 0.7236981440836432
5406.2 0.7238436400411513
5409.7 0.7239959073968945
5413.2 0.7256226076386606
5416.7 0.7269899336101935
5420.2 0.7292259230529601
5423.6 0.7224270871799442
5427.1 0.7250101078633581
5430.6 0.7169088057734287
5434.1 0.7149723064240477
5437.5 0.7121583363706651
5441.0 0.7100447856714668
5444.5 0.7050589991423835
5448.0 0.7003308363928763
5451.4 0.6972467716425933
5454.9 0.6999141052951193
5458.4 0.701711998752393
5461.8 0.7055954906983986
5465.3 0.7033867250952821
5468.8 0.711987830286369
5472.3 0.7137914322563783
5475.7 0.7222200327947724
5479.2 0.7229805632582071
5482.7 0.7239160430109832
5486.1 0.7320936464520873
5489.6 0.7384486909944569
5493.1 0.743933862011332
5496.5 0.751863099405559
5500.0 0.7598917778999704
5503.5 0.7602279252360619
5506.9 0.771844627421259
5510.4 0.7715718739183594
5513.9 0.7768149335607188
5517.3 0.7758353604977203
5520.8 0.7708319750375808
5524.3 0.7642475803591166
5527.7 0.7524790745143275
5531.2 0.7384296707221746
5534.7 0.7193704362527779
5538.1 0.6901124017354766
5541.6 0.6650554983217167
5545.0 0.633390229665713
5548.5 0.5995143565717215
5552.0 0.5474272810114637
5555.4 0.5068160973687382
5558.9 0.46359795769281426
5562.3 0.42140850705924976
5565.8 0.3848572193563582
5569.3 0.34489708529447555
5572.7 0.3057471378342163
5576.2 0.27056303554797195
5579.6 0.23381642568352368
5583.1 0.21305495092046733
5586.5 0.1845838116317922
5590.0 0.16077275260270626
5593.4 0.1388148030223382
5596.9 0.1180054297237028
5600.4 0.09624126293090832
5603.8 0.08237428291380039
5607.3 0.06693590673365568
5610.7 0.06394306213404499
5614.2 0.053770106468027164
5617.6 0.043076693821314065
5621.1 0.0390403795238324
5624.5 0.03745653798620134
5628.0 0.030798417116406338
5631.4 0.026942699045727474
5634.9 0.02544984822382431
5638.3 0.01932364673374945
5641.8 0.014773564773800898
5645.2 0.013634140333576522
5648.7 0.012582513068336432
5652.1 0.009696888450061662
5655.6 0.007423864547254384
5659.0 0.008120794906645802
5662.5 0.010214170532653425
5665.9 0.005586009297574017
5669.3 0.008289907832069654
5672.8 0.006979393216712844
5676.2 0.004273937174375333
5679.7 0.005842630154596216
5683.1 0.005666974792350915
5686.6 0.0022662758320161347
5690.0 0.004095826632920463
5693.5 0.0036592699504981283
5696.9 0.0
