#SOAR_B
#photon
#SOAR SOI B band: http://svo2.cab.inta-csic.es/theory/fps/index.php?id=CTIO/
3548.5 0.0
3552.2 0.001753535173116804
3555.9 0.002519366588469317
3559.5 0.002348996757396179
3563.2 0.0031786380266267595
3566.9 0.0018290748769227594
3570.6 0.002779634689644407
3574.3 0.002013207971893619
3578.0 0.0034972015710725874
3581.7 0.004924988149935509
3585.3 0.005345830652339056
3589.0 0.0050541613772689025
3592.7 0.006547565839288114
3596.4 0.008163272346692818
3600.1 0.009066577056142808
3603.8 0.009195515096504825
3607.5 0.01153633195828155
3611.1 0.011727591880215391
3614.8 0.014015957945247692
3618.5 0.014450326236494261
3622.2 0.017226447061425267
3625.9 0.018986881284133585
3629.5 0.020269194952806616
3633.2 0.023601764463339104
3636.9 0.024660059445248857
3640.6 0.02895462126247852
3644.3 0.029574058213144832
3647.9 0.03390012901378215
3651.6 0.03733625863236301
3655.3 0.03871327871506352
3659.0 0.042055715593559265
3662.7 0.04400299856733361
3666.3 0.04798663686404037
3670.0 0.051622683543707956
3673.7 0.05261763954493798
3677.4 0.05795586369520464
3681.0 0.06275657425166488
3684.7 0.06714833890741076
3688.4 0.07000001149285041
3692.1 0.07361615784287862
3695.7 0.07937763015853551
3699.4 0.08190052881802083
3703.1 0.08683107142022797
3706.8 0.09249732686755292
3710.4 0.09525319948815232
3714.1 0.09948110235114366
3717.8 0.10632766905554782
3721.4 0.10943853344765897
3725.1 0.11403092466166248
3728.8 0.1184473483121228
3732.5 0.12396610755815413
3736.1 0.127254793054593
3739.8 0.13556697757669953
3743.5 0.14159276541647994
3747.1 0.14569953662034957
3750.8 0.15002016399176268
3754.5 0.15610024722707244
3758.1 0.16031533437304965
3761.8 0.16636767907456576
3765.5 0.16906150341763598
3769.1 0.17592098069775072
3772.8 0.18111611445165204
3776.5 0.18645881461223154
3780.1 0.1901090540427264
3783.8 0.1962697696787983
3787.5 0.20225365970025314
3791.1 0.2062088949511097
3794.8 0.21308417447401565
3798.5 0.21793640251358476
3802.1 0.22371898043073435
3805.8 0.22595514318228993
3809.4 0.23488485873264453
3813.1 0.23621502071431616
3816.8 0.24213961674333076
3820.4 0.24573884955011974
3824.1 0.25249790448890624
3827.8 0.25667026022230693
3831.4 0.2607763933732183
3835.1 0.26517506991645196
3838.7 0.2719271413860313
3842.4 0.27682750889569363
3846.1 0.2817427900048028
3849.7 0.2863223015185914
3853.4 0.289439883946549
3857.0 0.29377291505893605
3860.7 0.3009149965835621
3864.3 0.303958493359451
3868.0 0.3093695650498193
3871.6 0.3134208802927187
3875.3 0.3174849299994223
3879.0 0.3201916623340319
3882.6 0.3258289155638023
3886.3 0.3277946911742017
3889.9 0.33378752253021354
3893.6 0.33617217923337034
3897.2 0.3405375938671874
3900.9 0.3445742631337067
3904.5 0.3499803030529112
3908.2 0.35341252578567534
3911.8 0.357665919131765
3915.5 0.36117740209714627
3919.1 0.36551129206000704
3922.8 0.36745089285126337
3926.4 0.37193319686433673
3930.1 0.3750515767606071
3933.7 0.3758213651617859
3937.4 0.38122455309610753
3941.0 0.38676571906083956
3944.7 0.3896962043089976
3948.3 0.39137717306669007
3952.0 0.39597659644991096
3955.6 0.3957238658549717
3959.3 0.4026212550990769
3962.9 0.4043848123652134
3966.6 0.40497845616247313
3970.2 0.4102208473563606
3973.9 0.4127666527686843
3977.5 0.41669943412369614
3981.1 0.4156218149735086
3984.8 0.42124384690751604
3988.4 0.4200972702376911
3992.1 0.4269872823895064
3995.7 0.42507364136704423
3999.4 0.430018938042012
4003.0 0.43419244016951647
4006.6 0.4372511253680836
4010.3 0.4367483925251861
4013.9 0.4397425266538022
4017.6 0.4431009067819288
4021.2 0.4456818612480329
4024.8 0.44981290608024327
4028.5 0.4510040016605133
4032.1 0.45042668604305985
4035.8 0.45570606055336715
4039.4 0.4608243973483274
4043.0 0.4610873582519887
4046.7 0.46065620651126904
4050.3 0.4652338000213617
4053.9 0.46464918515737863
4057.6 0.46847173545043697
4061.2 0.47143613762638364
4064.8 0.47390827211903935
4068.5 0.47355298184588607
4072.1 0.4795191117740999
4075.7 0.48150527111989555
4079.4 0.4816531822410732
4083.0 0.48271516345949544
4086.6 0.4851366328744456
4090.3 0.4900805733937579
4093.9 0.48979023914004766
4097.5 0.49086081228501827
4101.2 0.49180281184206653
4104.8 0.4923007156005578
4108.4 0.4963951645302579
4112.1 0.5010869583911269
4115.7 0.5007998501474317
4119.3 0.5057781624104962
4123.0 0.5050017116953447
4126.6 0.5015334551062982
4130.2 0.5055114168823439
4133.8 0.5054395098464592
4137.5 0.5101667211789827
4141.1 0.5100972689792547
4144.7 0.5108259548875438
4148.3 0.5178831433510678
4152.0 0.5160122046683986
4155.6 0.5148509333279613
4159.2 0.519522834370611
4162.8 0.5210627683425106
4166.5 0.5213033008406067
4170.1 0.5259882651558639
4173.7 0.5265905171180555
4177.3 0.525138866543132
4181.0 0.5295008653681138
4184.6 0.5293698088250701
4188.2 0.5324021937584197
4191.8 0.5315344768138711
4195.4 0.5347948066726902
4199.1 0.534532794390327
4202.7 0.5363223546116304
4206.3 0.5392990554972322
4209.9 0.5404283070640671
4213.5 0.5399264133811861
4217.2 0.5428559007402374
4220.8 0.5452530813255523
4224.4 0.5434106335340488
4228.0 0.5431278650995789
4231.6 0.5491855820592819
4235.2 0.5489059141288608
4238.9 0.5474447106495697
4242.5 0.546935037774097
4246.1 0.5488214149313256
4249.7 0.5502604076743983
4253.3 0.553128575610099
4256.9 0.5550373164299122
4260.6 0.5572868923240966
4264.2 0.5584749242251532
4267.8 0.5503978148981505
4271.4 0.5542958190780798
4275.0 0.5573686360336486
4278.6 0.5575766807664727
4282.2 0.5556697082859942
4285.8 0.556934095547237
4289.4 0.5535864286479791
4293.1 0.5512276078724155
4296.7 0.557109443755612
4300.3 0.5593612370879166
4303.9 0.5622220378081956
4307.5 0.5625823073954616
4311.1 0.5617278660951046
4314.7 0.5603400939042849
4318.3 0.5578098376752488
4321.9 0.561208973705072
4325.5 0.5616435593652447
4329.1 0.5600218583856815
4332.7 0.5593883732537307
4336.3 0.5579147699674578
4340.0 0.5627060527826144
4343.6 0.5624534658440367
4347.2 0.562047288227902
4350.8 0.5603403999252434
4354.4 0.5632976209189992
4358.0 0.5628898399452948
4361.6 0.5641663090726696
4365.2 0.5652906451202779
4368.8 0.5597432124932095
4372.4 0.560328037705648
4376.0 0.560989949776423
4379.6 0.5638807243757145
4383.2 0.5637758977235308
4386.8 0.5619777838639659
4390.4 0.5626406190800083
4394.0 0.5644594170649483
4397.6 0.5635820212986431
4401.2 0.5609289555279806
4404.8 0.5662220552498917
4408.4 0.5634119491535676
4412.0 0.561911639436663
4415.6 0.5614916146415169
4419.2 0.5618444018934572
4422.8 0.5637457284351522
4426.3 0.5625401767514508
4429.9 0.5588617790249893
4433.5 0.5636336081285279
4437.1 0.5603385001355182
4440.7 0.5620872806114063
4444.3 0.5618948818441862
4447.9 0.5601464884444377
4451.5 0.5626752582869039
4455.1 0.5605349753267386
4458.7 0.5578462024590868
4462.3 0.5593634834758829
4465.9 0.5591758044516194
4469.5 0.558683916877954
4473.0 0.5521662043051595
4476.6 0.5551854355636102
4480.2 0.5571131605165789
4483.8 0.5558340900092048
4487.4 0.5550227640585942
4491.0 0.5546801037220495
4494.6 0.5505724604988413
4498.2 0.5517948843874559
4501.8 0.5508198657673725
4505.3 0.5517974115956751
4508.9 0.5490119289413119
4512.5 0.5533028671369206
4516.1 0.5479159253607352
4519.7 0.5432304852875324
4523.3 0.5465787364773635
4526.8 0.5492899615562169
4530.4 0.5428586026885912
4534.0 0.5477912717786191
4537.6 0.5474349235071668
4541.2 0.5410675498538159
4544.8 0.5412593909885244
4548.3 0.5435000202128547
4551.9 0.5385426787129368
4555.5 0.5365119728419238
4559.1 0.5412216503536444
4562.7 0.5372045055934649
4566.2 0.5383300178492638
4569.8 0.5382600492765696
4573.4 0.531988162479053
4577.0 0.5289716049020581
4580.6 0.5262703723269186
4584.1 0.5315214253707381
4587.7 0.5270661011361303
4591.3 0.5240408786722368
4594.9 0.5219693744340536
4598.4 0.5184534079019181
4602.0 0.522042734913255
4605.6 0.5184499643910476
4609.2 0.5166907335943404
4612.7 0.5140441443603357
4616.3 0.5136399256241111
4619.9 0.5125152967186659
4623.5 0.5075486021845192
4627.0 0.5088148820817618
4630.6 0.5056035595820678
4634.2 0.5030300978328226
4637.7 0.4983635345173827
4641.3 0.4957038376985175
4644.9 0.48951118535327864
4648.5 0.49190169443851106
4652.0 0.4897907475376128
4655.6 0.4851129199708217
4659.2 0.47793885265338365
4662.7 0.47887406706582697
4666.3 0.47603473610483293
4669.9 0.4770560788889808
4673.4 0.4735627656306109
4677.0 0.4670913610624702
4680.6 0.46585271193407213
4684.1 0.4625104347280002
4687.7 0.45505666710046944
4691.3 0.45364890526056856
4694.8 0.4465820729769131
4698.4 0.450419429308549
4702.0 0.44068318902578907
4705.5 0.4355410050915595
4709.1 0.4338776729291695
4712.6 0.42759464643344164
4716.2 0.42584492779200894
4719.8 0.4207726297582527
4723.3 0.41358355033428407
4726.9 0.4132838585371329
4730.5 0.4065764782466947
4734.0 0.4026977709573606
4737.6 0.3984957932280731
4741.1 0.39460977967196265
4744.7 0.3881251372311984
4748.2 0.385693938715343
4751.8 0.38155751495116497
4755.4 0.37603413681915415
4758.9 0.3724544439770126
4762.5 0.3648860319798434
4766.0 0.36056481903996795
4769.6 0.3595042053993862
4773.1 0.3575411167673258
4776.7 0.3510124700739216
4780.3 0.34480426581762824
4783.8 0.34005576946313765
4787.4 0.33686388784773263
4790.9 0.3328497045551197
4794.5 0.3281001683060092
4798.0 0.32514135343524264
4801.6 0.3157189423735033
4805.1 0.31537139174004997
4808.7 0.3081470111009947
4812.2 0.3045994729219115
4815.8 0.30031461643957713
4819.3 0.29643189866055647
4822.9 0.2911542786643455
4826.4 0.2895623414642348
4830.0 0.2840299913158817
4833.5 0.27709178536101425
4837.1 0.2754944905426555
4840.6 0.2691215514240766
4844.2 0.2666959577031715
4847.7 0.2602306280857586
4851.3 0.25738662169659704
4854.8 0.24580206836999965
4858.3 0.23907079218456498
4861.9 0.2379447339638949
4865.4 0.23887731648487
4869.0 0.2346955072617977
4872.5 0.2323237089709128
4876.1 0.22896110612845427
4879.6 0.2253443871051999
4883.2 0.22222338798415683
4886.7 0.21835191965540807
4890.2 0.21373187723674897
4893.8 0.20919309189890412
4897.3 0.20423312197710536
4900.9 0.19935405799132994
4904.4 0.19703869297269713
4907.9 0.19322778014322983
4911.5 0.18983081618687486
4915.0 0.1858469548751156
4918.6 0.18560036591368176
4922.1 0.17994848714260173
4925.6 0.17728502465202903
4929.2 0.1728742923388545
4932.7 0.16962248747885944
4936.2 0.16869918253276134
4939.8 0.1643616043683336
4943.3 0.1605179786773366
4946.8 0.15858859012496276
4950.4 0.15440712038991838
4953.9 0.152306214536294
4957.5 0.15003829880364336
4961.0 0.14776635554664927
4964.5 0.1454087584504296
4968.0 0.14313260677632106
4971.6 0.14303090025171497
4975.1 0.13773899833531997
4978.6 0.13604221568511513
4982.2 0.13334049650161792
4985.7 0.1318914977211474
4989.2 0.12935135418501945
4992.8 0.12815242065134852
4996.3 0.12216805018215716
4999.8 0.12398509673099942
5003.4 0.1200716297466419
5006.9 0.11665786529338366
5010.4 0.1140824748833274
5013.9 0.11251413856444668
5017.5 0.1139715907563072
5021.0 0.11156170623531471
5024.5 0.10830970324361586
5028.0 0.10556075316159737
5031.6 0.10390489316523367
5035.1 0.10216330337480152
5038.6 0.0994107406026647
5042.1 0.0961516320998823
5045.7 0.09626024562736613
5049.2 0.08912375869980854
5052.7 0.09099942471816587
5056.2 0.08714499886255736
5059.7 0.08615487124525419
5063.3 0.08238223077648406
5066.8 0.08088435933041624
5070.3 0.07879519801638318
5073.8 0.07721130185065743
5077.3 0.074698164683017
5080.9 0.07142445409979085
5084.4 0.06992198193320935
5087.9 0.06901003532038935
5091.4 0.0655629804736295
5094.9 0.06270578655958442
5098.5 0.061538210643783973
5102.0 0.0613842282155296
5105.5 0.06038444223022942
5109.0 0.05913037932709657
5112.5 0.05669110312713553
5116.0 0.05484306279467969
5119.5 0.051808936850271846
5123.1 0.05199136387250315
5126.6 0.0522582080622356
5130.1 0.04972948197057936
5133.6 0.04923324083321641
5137.1 0.04661776131239742
5140.6 0.044085774423730635
5144.1 0.04155254137060123
5147.6 0.04062967776367695
5151.2 0.03987632142056479
5154.7 0.03971635502924322
5158.2 0.037773725266801304
5161.7 0.038547117560825926
5165.2 0.035244420598787414
5168.7 0.03593261657581592
5172.2 0.03568649847474357
5175.7 0.03204071084046475
5179.2 0.03289863483043875
5182.7 0.03205637097387844
5186.2 0.031383793591448196
5189.7 0.029604951791346576
5193.2 0.02876125484565424
5196.7 0.027151123357520297
5200.3 0.02596605366631115
5203.8 0.02631300982203219
5207.3 0.026149075287014625
5210.8 0.02334395345172572
5214.3 0.0211339845942362
5217.8 0.019690081770554348
5221.3 0.021144286220460586
5224.8 0.02302559677042198
5228.3 0.020813384816899733
5231.8 0.02064780949867304
5235.3 0.017409828437393183
5238.8 0.01715797619955779
5242.3 0.018015989201279115
5245.8 0.01665389787454822
5249.3 0.01375348519670427
5252.8 0.013927721357946222
5256.3 0.015384044287438923
5259.8 0.013507053774281309
5263.3 0.015306133214107471
5266.8 0.017449699010840404
5270.2 0.012321437586198627
5273.7 0.013609470635635636
5277.2 0.009846618675253771
5280.7 0.011819891438736612
5284.2 0.01173816046378342
5287.7 0.010113617104934004
5291.2 0.011746001288351475
5294.7 0.010120370515875835
5298.2 0.009094213605616573
5301.7 0.006951669814171448
5305.2 0.007726653024626883
5308.7 0.010477398603446259
5312.2 0.006529078875300943
5315.7 0.007218754092295858
5319.1 0.010315841671396344
5322.6 0.0037837343900265718
5326.1 0.006967828944178025
5329.6 0.007658556417817269
5333.1 0.006714225324601908
5336.6 0.0063720236721427626
5340.1 0.010078034165548574
5343.6 0.005686933579671064
5347.0 0.00560257482472186
5350.5 0.0037937712995570684
5354.0 0.005865046997383454
5357.5 0.0062983894318816925
5361.0 0.008112944802806263
5364.5 0.00621623084991608
5368.0 0.0033682410734788286
5371.4 0.009157653153049802
5374.9 0.002765490253507627
5378.4 0.006310863619622552
5381.9 0.005707600979403216
5385.4 0.008304712211163757
5388.8 0.005797859566477873
5392.3 0.004241627844350629
5395.8 0.006840803526792543
5399.3 0.004850779687840426
5402.8 0.004679082828127004
5406.2 0.007454263326971503
5409.7 0.00606942676859672
5413.2 0.0039030620779033857
5416.7 0.006594013003267061
5420.2 0.004599973092335978
5423.6 0.0
