#SOAR_g
#photon
#SOAR g (SDSS g') https://noirlab.edu/science/node/40792
3857.0 0.0
3860.7 0.36
3864.3 0.47
3868.0 0.435
3871.6000000000004 0.357
3875.2999999999997 0.313
3879.0 0.286
3882.6 0.373
3886.3 0.354
3889.9 0.558
3893.6000000000004 0.578
3897.2000000000003 0.661
3900.8999999999996 0.638
3904.5 0.854
3908.2 1.107
3911.8 1.411
3915.5 1.714
3919.1000000000004 2.355
3922.7999999999997 2.883
3926.3999999999996 3.523
3930.1 4.157
3933.7 5.095
3937.4 6.051
3941.0 7.008
3944.7000000000003 8.067
3948.2999999999997 9.483
3952.0 11.113
3955.6 12.688
3959.3 14.344
3962.9 15.876
3966.6000000000004 17.817
3970.2 19.586
3973.8999999999996 21.642
3977.5 23.41
3981.1000000000004 25.41
3984.8 27.344
3988.3999999999996 29.321
3992.1 31.217
3995.7 33.322
3999.4 35.238
4003.0 37.177
4006.6000000000004 38.997
4010.2999999999997 41.18
4013.8999999999996 43.364
4017.6 45.412
4021.2 47.183
4024.8 48.85
4028.5 50.444
4032.1 52.239
4035.7999999999997 53.831
4039.4 55.243
4043.0 56.376
4046.7000000000003 57.61
4050.2999999999997 58.859
4053.8999999999996 60.043
4057.6 60.743
4061.2 61.399
4064.8 61.894
4068.5 62.671
4072.1 63.244
4075.7 63.674
4079.4 63.858
4083.0 64.169
4086.6000000000004 64.699
4090.2999999999997 65.378
4093.8999999999996 65.772
4097.5 65.882
4101.2 66.027
4104.8 66.574
4108.4 67.262
4112.099999999999 67.971
4115.7 68.12
4119.3 68.426
4123.0 68.841
4126.6 69.357
4130.2 69.894
4133.8 70.318
4137.5 70.862
4141.1 71.499
4144.700000000001 72.039
4148.3 72.459
4152.0 72.416
4155.6 72.465
4159.2 72.372
4162.799999999999 72.617
4166.5 72.786
4170.1 73.413
4173.7 73.747
4177.3 74.369
4181.0 74.621
4184.599999999999 74.68
4188.2 74.517
4191.8 74.39
4195.400000000001 74.708
4199.1 74.891
4202.7 75.023
4206.3 75.076
4209.9 74.803
4213.5 74.83
4217.200000000001 74.94
4220.8 75.628
4224.4 75.92
4228.0 76.167
4231.6 76.07
4235.2 76.231
4238.9 76.344
4242.5 76.483
4246.1 76.647
4249.700000000001 77.043
4253.3 77.155
4256.9 77.375
4260.6 77.513
4264.2 77.96
4267.799999999999 78.287
4271.4 78.261
4275.0 78.715
4278.6 78.75
4282.200000000001 78.908
4285.8 78.867
4289.4 79.479
4293.1 80.245
4296.7 80.603
4300.299999999999 80.55
4303.9 80.546
4307.5 80.683
4311.1 80.869
4314.700000000001 81.021
4318.3 81.095
4321.9 81.246
4325.5 81.25
4329.1 81.414
4332.7 81.249
4336.3 81.166
4340.0 80.987
4343.6 80.915
4347.200000000001 80.842
4350.8 80.857
4354.4 80.895
4358.0 81.193
4361.6 81.241
4365.2 81.162
4368.8 80.855
4372.4 80.623
4376.0 80.696
4379.599999999999 80.892
4383.2 80.821
4386.8 80.72
4390.400000000001 80.597
4394.0 81.025
4397.6 81.418
4401.2 81.472
4404.8 81.535
4408.4 81.494
4412.0 81.841
4415.6 81.76
4419.2 81.999
4422.799999999999 82.341
4426.3 82.811
4429.9 82.836
4433.5 82.789
4437.099999999999 83.203
4440.7 83.703
4444.3 84.333
4447.900000000001 84.358
4451.5 84.499
4455.1 84.647
4458.7 85.198
4462.3 85.484
4465.9 85.393
4469.5 85.269
4473.0 85.283
4476.6 85.554
4480.2 85.616
4483.8 85.74
4487.4 85.745
4491.0 85.754
4494.599999999999 85.755
4498.2 85.629
4501.8 85.55
4505.299999999999 85.856
4508.9 86.197
4512.5 86.455
4516.1 86.265
4519.700000000001 86.145
4523.3 86.271
4526.8 86.483
4530.400000000001 86.203
4534.0 85.997
4537.6 86.002
4541.2 86.086
4544.8 86.094
4548.3 85.834
4551.9 85.824
4555.5 85.567
4559.1 85.445
4562.7 85.431
4566.2 85.763
4569.8 86.136
4573.4 86.204
4577.0 86.112
4580.6 86.027
4584.1 86.02
4587.7 86.0
4591.3 85.782
4594.9 86.009
4598.4 86.015
4602.0 86.394
4605.6 86.453
4609.2 86.609
4612.7 86.611
4616.3 86.412
4619.9 86.76
4623.5 86.9
4627.0 87.235
4630.6 86.649
4634.2 86.664
4637.7 86.821
4641.3 87.319
4644.9 87.458
4648.5 87.309
4652.0 87.297
4655.6 87.19
4659.2 87.41
4662.7 87.282
4666.3 87.389
4669.9 87.147
4673.4 87.397
4677.0 87.33
4680.6 87.602
4684.1 87.576
4687.7 87.648
4691.3 87.546
4694.8 87.116
4698.4 87.106
4702.0 87.359
4705.5 87.862
4709.1 87.959
4712.6 87.972
4716.2 88.18
4719.8 88.228
4723.3 88.252
4726.9 88.243
4730.400000000001 88.506
4734.0 88.661
4737.6 88.658
4741.1 88.538
4744.700000000001 88.385
4748.2 88.53
4751.8 88.588
4755.400000000001 88.718
4758.9 88.543
4762.5 88.819
4766.0 89.101
4769.599999999999 89.366
4773.1 89.36
4776.7 89.357
4780.2 89.433
4783.8 89.521
4787.4 89.546
4790.9 89.81
4794.5 90.082
4798.0 90.234
4801.6 90.2
4805.1 89.993
4808.7 90.043
4812.200000000001 90.093
4815.8 90.137
4819.3 90.253
4822.900000000001 90.472
4826.4 90.586
4830.0 90.543
4833.5 90.475
4837.099999999999 90.418
4840.6 90.496
4844.2 90.626
4847.7 90.798
4851.3 90.876
4854.8 90.824
4858.3 90.777
4861.9 90.793
4865.400000000001 90.804
4869.0 90.925
4872.5 91.017
4876.1 91.023
4879.599999999999 91.102
4883.2 91.133
4886.7 91.2
4890.2 91.261
4893.8 91.328
4897.3 91.429
4900.9 91.424
4904.4 91.31
4907.900000000001 91.64
4911.5 91.687
4915.0 91.757
4918.6 91.483
4922.099999999999 91.445
4925.6 91.451
4929.2 91.48
4932.7 91.418
4936.2 91.408
4939.8 91.437
4943.3 91.684
4946.8 91.751
4950.400000000001 91.804
4953.9 91.699
4957.4 91.712
4961.0 91.59
4964.5 91.636
4968.0 91.764
4971.6 91.869
4975.1 91.925
4978.6 91.959
4982.200000000001 91.951
4985.7 92.09
4989.2 92.115
4992.799999999999 92.108
4996.3 91.979
4999.8 91.773
5003.3 92.009
5006.9 91.963
5010.400000000001 92.171
5013.9 92.053
5017.5 92.213
5021.0 92.04
5024.5 92.082
5028.0 92.004
5031.6 92.078
5035.1 91.93
5038.6 91.774
5042.099999999999 91.704
5045.7 91.776
5049.2 91.791
5052.7 91.946
5056.2 91.826
5059.700000000001 91.943
5063.3 91.839
5066.8 91.839
5070.299999999999 91.599
5073.8 91.585
5077.3 91.573
5080.9 91.832
5084.4 91.613
5087.900000000001 91.46
5091.4 91.423
5094.9 91.584
5098.4 91.69
5102.0 91.531
5105.5 91.486
5109.0 91.325
5112.5 91.219
5116.0 91.307
5119.5 91.458
5123.099999999999 91.617
5126.599999999999 91.589
5130.1 91.809
5133.6 91.891
5137.1 91.871
5140.599999999999 91.679
5144.099999999999 91.569
5147.6 91.987
5151.1 92.347
5154.700000000001 92.548
5158.200000000001 92.204
5161.7 91.992
5165.2 92.023
5168.7 92.069
5172.200000000001 92.274
5175.700000000001 92.386
5179.2 92.236
5182.7 91.926
5186.2 91.544
5189.700000000001 91.872
5193.200000000001 91.831
5196.7 91.939
5200.2 91.724
5203.8 91.639
5207.3 91.028
5210.8 90.494
5214.299999999999 90.349
5217.799999999999 90.35
5221.3 90.29
5224.8 89.815
5228.3 89.755
5231.799999999999 89.411
5235.299999999999 88.937
5238.8 87.931
5242.3 87.225
5245.8 86.552
5249.299999999999 86.339
5252.799999999999 85.562
5256.3 85.146
5259.8 84.657
5263.3 84.38
5266.7 83.779
5270.2 83.223
5273.7 82.723
5277.200000000001 82.236
5280.700000000001 81.784
5284.2 81.371
5287.7 81.289
5291.2 80.842
5294.700000000001 80.741
5298.200000000001 80.435
5301.7 80.434
5305.2 80.132
5308.7 80.11
5312.200000000001 80.063
5315.599999999999 80.007
5319.099999999999 80.158
5322.6 80.554
5326.1 81.002
5329.6 81.556
5333.099999999999 82.015
5336.599999999999 82.501
5340.1 83.016
5343.6 83.316
5347.0 83.425
5350.5 83.113
5354.0 82.463
5357.5 81.864
5361.0 80.624
5364.5 79.159
5367.9 76.831
5371.4 74.04
5374.9 70.438
5378.400000000001 66.658
5381.900000000001 62.32
5385.4 58.04
5388.8 53.365
5392.3 48.782
5395.8 44.292
5399.299999999999 39.983
5402.799999999999 35.695
5406.2 31.53
5409.700000000001 27.838
5413.200000000001 24.562
5416.7 21.581
5420.1 18.938
5423.6 16.522
5427.1 14.511
5430.599999999999 12.743
5434.099999999999 11.284
5437.5 9.944
5441.0 8.584
5444.5 7.486
5447.9 6.49
5451.4 5.722
5454.9 5.227
5458.400000000001 4.66
5461.799999999999 4.21
5465.299999999999 3.576
5468.8 3.231
5472.3 2.834
5475.700000000001 2.585
5479.2 2.389
5482.7 2.129
5486.1 1.821
5489.6 1.606
5493.099999999999 1.418
5496.5 1.538
5500.0 1.335
5503.5 1.313
5506.900000000001 1.081
5510.4 1.069
5513.9 1.061
5517.3 0.964
5520.8 0.803
5524.299999999999 0.63
5527.7 0.556
5531.2 0.592
5534.6 0.585
5538.099999999999 0.647
5541.599999999999 0.596
5545.0 0.554
5548.5 0.402
5552.0 0.363
5555.4 0.297
5558.9 0.319
5562.3 0.349
5565.8 0.403
5569.2 0.464
5572.7 0.48
5576.2 0.479
5579.6 0.465
5583.099999999999 0.474
5586.5 0.46
5590.0 0.449
5593.400000000001 0.352
5596.900000000001 0.325
5600.4 0.374
5603.8 0.385
5607.3 0.389
5610.700000000001 0.344
5614.2 0.325
5617.6 0.27
5621.1 0.272
5624.5 0.259
5628.0 0.222
5631.4 0.0
