#SOAR_cousins_R
#photon
#SOAR SAMI Rc band: http://svo2.cab.inta-csic.es/theory/fps/index.php?id=CTIO/
5601.4874 0.0014779413285509956
5610.9749 0.0028935031244498722
5620.4623 0.004505534941019546
5629.9497 0.006781445618644756
5639.4372 0.010394471549160822
5648.9246 0.016385360677830228
5658.4121 0.026474804434161028
5667.8995 0.04338967417129153
5677.3869 0.07228851721383711
5686.8744 0.11898833901702759
5696.3618 0.18294278718040938
5705.8492 0.25637637847006817
5715.3367 0.33167061334623577
5724.8241 0.4045164598570056
5734.3116 0.47258212524565907
5743.799 0.5359635259849317
5753.2864 0.5964439855341485
5762.7739 0.6532437326853066
5772.2613 0.7000576349763445
5781.7487 0.7293841529400601
5791.2362 0.7407847252603603
5800.7236 0.7413301801579683
5810.2111 0.7381571117068556
5819.6985 0.7344172366013991
5829.1859 0.7308316718465141
5838.6734 0.7274932995769986
5848.1608 0.7249904327520675
5857.6482 0.722915450412202
5867.1357 0.7218426833898548
5876.6231 0.7225935134121908
5886.1106 0.7251675652655746
5895.598 0.7287336858953662
5905.0854 0.732559427083308
5914.5729 0.7364006467218575
5924.0603 0.7401889070853195
5933.5477 0.7435778373549363
5943.0352 0.7456880471224117
5952.5226 0.7457203983356042
5962.0101 0.7439001335269823
5971.4975 0.7411771412163487
5980.9849 0.7381886692104207
5990.4724 0.7350339019344732
5999.9598 0.7316828231926016
6009.4472 0.7282609985797558
6018.9347 0.7253492722600733
6028.4221 0.7241902258751554
6037.9095 0.7258273715776492
6047.397 0.7299010875154284
6056.8844 0.735156577599156
6066.3719 0.7410399886839537
6075.8593 0.747003585211772
6085.3467 0.7530764147027984
6094.8342 0.7592570232924865
6104.3216 0.7654827136224591
6113.809 0.7714777233419793
6123.2965 0.7763788992055073
6132.7839 0.7790162417268355
6142.2714 0.7791335812801767
6151.7588 0.7777124154738864
6161.2462 0.7758163621311274
6170.7337 0.7738706618748833
6180.2211 0.7719498947624165
6189.7085 0.7700698768649643
6199.196 0.7682279864239281
6208.6834 0.7664989893786612
6218.1709 0.7652591019374227
6227.6583 0.7651096763975959
6237.1457 0.7662635185053808
6246.6332 0.7682724125592958
6256.1206 0.7705701960632558
6265.608 0.7729095126239376
6275.0955 0.7752481923277922
6284.5829 0.7775534262734305
6294.0704 0.7797440794870414
6303.5578 0.7817458371532832
6313.0452 0.7835785878103496
6322.5327 0.7853306593025574
6332.0201 0.7870689307587844
6341.5075 0.7888373637881625
6350.995 0.7907084763924557
6360.4824 0.7927534486160889
6369.9698 0.7949611549958226
6379.4573 0.7972527044284058
6388.9447 0.7995667788879692
6398.4322 0.8018815400447724
6407.9196 0.8041127372541435
6417.407 0.8058840966729457
6426.8945 0.8065489205235472
6436.3819 0.8058070007052115
6445.8693 0.8041380493151443
6455.3568 0.8021078580365716
6464.8442 0.8000202578498512
6474.3317 0.7979530258894982
6483.8191 0.7959869985078042
6493.3065 0.794217923160744
6502.794 0.7926523591231269
6512.2814 0.7912014247517878
6521.7688 0.7898401136619859
6531.2563 0.788856049160176
6540.7437 0.7888693834119783
6550.2312 0.7902666901807975
6559.7186 0.792720320473718
6569.206 0.7956012833906638
6578.6935 0.7985617261398559
6588.1809 0.8015369676181707
6597.6683 0.804561122715808
6607.1558 0.8077027583609528
6616.6432 0.8109998985425781
6626.1307 0.8144127026231145
6635.6181 0.8178732337584124
6645.1055 0.8213419729059632
6654.593 0.8247178083908557
6664.0804 0.8275631562690046
6673.5678 0.8291131130002362
6683.0553 0.8289942913060779
6692.5427 0.8276924745151384
6702.0302 0.8259448744893546
6711.5176 0.824025294976531
6721.005 0.8216584869939737
6730.4925 0.818364634929925
6739.9799 0.8140234438785723
6749.4673 0.8090285029836303
6758.9548 0.8038148924913696
6768.4422 0.7985239653134127
6777.9296 0.793098771517242
6787.4171 0.7874845807275532
6796.9045 0.7813537081710248
6806.392 0.7755063114748629
6815.8794 0.7707304238244848
6825.3668 0.7671525423622996
6834.8543 0.7643475576614005
6844.3417 0.7621625368404452
6853.8291 0.7612753733326458
6863.3166 0.7624385084694852
6872.804 0.76541096254713
6882.2915 0.7692727445914487
6891.7789 0.7735439169575354
6901.2663 0.77847391384739
6910.7538 0.784390683827151
6920.2412 0.7911356545007523
6929.7286 0.7982537797326165
6939.2161 0.8054523231180891
6948.7035 0.8126778730031035
6958.191 0.8199540075126293
6967.6784 0.8270919538587708
6977.1658 0.8334309667399307
6986.6533 0.8382965486970217
6996.1407 0.8417814416086822
7005.6281 0.8444220837196272
7015.1156 0.8461606638301393
7024.603 0.8463826471982393
7034.0905 0.8449686582432963
7043.5779 0.8425635031979866
7053.0653 0.8397196718283158
7062.5528 0.8363799937894066
7072.0402 0.8323059646992542
7081.5276 0.8275946226348824
7091.0151 0.8225851326689719
7100.5025 0.817521259420568
7109.9899 0.8126159010116109
7119.4774 0.8078384282306904
7128.9648 0.8032742776091539
7138.4523 0.7989088729983308
7147.9397 0.7947178876147294
7157.4271 0.7908969967253442
7166.9146 0.7877931435824408
7176.402 0.7854822628460896
7185.8894 0.7836603871895754
7195.3769 0.7820832787927263
7204.8643 0.7809170268916902
7214.3518 0.7805153358470059
7223.8392 0.7809188700431601
7233.3266 0.7817863906272677
7242.8141 0.7827741619215095
7252.3015 0.7834434584438249
7261.7889 0.7822554180779819
7271.2764 0.7764745287690262
7280.7638 0.7646902605007416
7290.2513 0.7484051734836467
7299.7387 0.728178502769478
7309.2261 0.6984475708238285
7318.7136 0.6506953910510069
7328.201 0.5825962733210214
7337.6884 0.49867411404908557
7347.1759 0.40425878630367085
7356.6633 0.30630604413014767
7366.1508 0.21637358100998574
7375.6382 0.14464650209106514
7385.1256 0.09288799773526428
7394.6131 0.0576606923362549
7404.1005 0.03553338668652519
7413.5879 0.022712127852020942
7423.0754 0.01543350177121784
7432.5628 0.011317418359307895
7442.0503 0.008734293127040675
7451.5377 0.0065756486996852645
7461.0251 0.004458256116759509
7470.5126 0.002340002677164783
