#VISTA_H
#photon
# VIRCAM H band http://svo2.cab.inta-csic.es/svo/theory/fps3/index.php?id=Paranal/VISTA.H&&mode=search&search_instrument=VIRCAM#filter
14290.000000 0.000558
14300.000000 0.000821
14310.000000 0.001479
14320.000000 0.000924
14330.000000 0.002295
14340.000000 0.001479
14350.000000 0.001562
14360.000000 0.001779
14370.000000 0.002277
14380.000000 0.002401
14390.000000 0.003021
14400.000000 0.003063
14410.000000 0.002793
14420.000000 0.002633
14430.000000 0.002436
14440.000000 0.002887
14450.000000 0.003666
14460.000000 0.004107
14470.000000 0.004528
14480.000000 0.004152
14490.000000 0.002479
14500.000000 0.004827
14510.000000 0.005627
14520.000000 0.005117
14530.000000 0.004975
14540.000000 0.003983
14550.000000 0.006724
14560.000000 0.006780
14570.000000 0.007285
14580.000000 0.007516
14590.000000 0.008875
14600.000000 0.009238
14610.000000 0.010095
14620.000000 0.009817
14630.000000 0.009654
14640.000000 0.010953
14650.000000 0.012660
14660.000000 0.014414
14670.000000 0.014773
14680.000000 0.016973
14690.000000 0.017678
14700.000000 0.020131
14710.000000 0.022561
14720.000000 0.023878
14730.000000 0.026577
14740.000000 0.030127
14750.000000 0.032411
14760.000000 0.035526
14770.000000 0.039811
14780.000000 0.043953
14790.000000 0.049686
14800.000000 0.055056
14810.000000 0.061373
14820.000000 0.069916
14830.000000 0.078400
14840.000000 0.087439
14850.000000 0.099695
14860.000000 0.109680
14870.000000 0.124630
14880.000000 0.141090
14890.000000 0.157990
14900.000000 0.177160
14910.000000 0.198960
14920.000000 0.224160
14930.000000 0.250050
14940.000000 0.279440
14950.000000 0.310050
14960.000000 0.344520
14970.000000 0.381140
14980.000000 0.422830
14990.000000 0.461760
15000.000000 0.500900
15010.000000 0.546480
15020.000000 0.586200
15030.000000 0.626340
15040.000000 0.671020
15050.000000 0.708730
15060.000000 0.740880
15070.000000 0.778720
15080.000000 0.806880
15090.000000 0.825640
15100.000000 0.854810
15110.000000 0.871950
15120.000000 0.881380
15130.000000 0.895870
15140.000000 0.904410
15150.000000 0.901970
15160.000000 0.905610
15170.000000 0.908270
15180.000000 0.900470
15190.000000 0.897210
15200.000000 0.897530
15210.000000 0.885800
15220.000000 0.879510
15230.000000 0.878560
15240.000000 0.868250
15250.000000 0.860660
15260.000000 0.861900
15270.000000 0.852490
15280.000000 0.846340
15290.000000 0.848210
15300.000000 0.841040
15310.000000 0.837320
15320.000000 0.842690
15330.000000 0.836860
15340.000000 0.835400
15350.000000 0.841530
15360.000000 0.836940
15370.000000 0.839480
15380.000000 0.846310
15390.000000 0.842460
15400.000000 0.849040
15410.000000 0.855500
15420.000000 0.853740
15430.000000 0.862790
15440.000000 0.866960
15450.000000 0.866640
15460.000000 0.877650
15470.000000 0.879860
15480.000000 0.881150
15490.000000 0.892690
15500.000000 0.892630
15510.000000 0.895030
15520.000000 0.905270
15530.000000 0.902940
15540.000000 0.907640
15550.000000 0.915340
15560.000000 0.911530
15570.000000 0.917060
15580.000000 0.922320
15590.000000 0.916030
15600.000000 0.924020
15610.000000 0.926380
15620.000000 0.920380
15630.000000 0.927230
15640.000000 0.924140
15650.000000 0.922240
15660.000000 0.928440
15670.000000 0.922420
15680.000000 0.923080
15690.000000 0.926870
15700.000000 0.920060
15710.000000 0.924410
15720.000000 0.923560
15730.000000 0.919120
15740.000000 0.924830
15750.000000 0.920180
15760.000000 0.919420
15770.000000 0.923290
15780.000000 0.917960
15790.000000 0.921670
15800.000000 0.920390
15810.000000 0.918450
15820.000000 0.923670
15830.000000 0.918000
15840.000000 0.920970
15850.000000 0.921310
15860.000000 0.917440
15870.000000 0.922490
15880.000000 0.917260
15890.000000 0.918540
15900.000000 0.919910
15910.000000 0.914250
15920.000000 0.921730
15930.000000 0.918140
15940.000000 0.915230
15950.000000 0.919180
15960.000000 0.912760
15970.000000 0.916310
15980.000000 0.915040
15990.000000 0.911760
16000.000000 0.916540
16010.000000 0.910280
16020.000000 0.911760
16030.000000 0.912320
16040.000000 0.908130
16050.000000 0.912350
16060.000000 0.905920
16070.000000 0.907910
16080.000000 0.909350
16090.000000 0.903840
16100.000000 0.907270
16110.000000 0.902700
16120.000000 0.904790
16130.000000 0.904520
16140.000000 0.901240
16150.000000 0.904840
16160.000000 0.899520
16170.000000 0.903650
16180.000000 0.902550
16190.000000 0.899960
16200.000000 0.903670
16210.000000 0.899190
16220.000000 0.903020
16230.000000 0.900290
16240.000000 0.902460
16250.000000 0.902480
16260.000000 0.900580
16270.000000 0.906070
16280.000000 0.900950
16290.000000 0.905690
16300.000000 0.903860
16310.000000 0.903270
16320.000000 0.906270
16330.000000 0.903150
16340.000000 0.908610
16350.000000 0.904130
16360.000000 0.907090
16370.000000 0.907650
16380.000000 0.904970
16390.000000 0.910650
16400.000000 0.905070
16410.000000 0.912990
16420.000000 0.910860
16430.000000 0.908070
16440.000000 0.912490
16450.000000 0.908390
16460.000000 0.914650
16470.000000 0.909830
16480.000000 0.914450
16490.000000 0.914080
16500.000000 0.912980
16510.000000 0.917780
16520.000000 0.912860
16530.000000 0.919520
16540.000000 0.913600
16550.000000 0.918950
16560.000000 0.916910
16570.000000 0.918640
16580.000000 0.921080
16590.000000 0.918350
16600.000000 0.925350
16610.000000 0.919860
16620.000000 0.927330
16630.000000 0.921490
16640.000000 0.927250
16650.000000 0.925240
16660.000000 0.927770
16670.000000 0.930490
16680.000000 0.926750
16690.000000 0.935720
16700.000000 0.927330
16710.000000 0.935620
16720.000000 0.931300
16730.000000 0.938510
16740.000000 0.935940
16750.000000 0.936680
16760.000000 0.942140
16770.000000 0.937300
16780.000000 0.944480
16790.000000 0.937550
16800.000000 0.946010
16810.000000 0.940200
16820.000000 0.945700
16830.000000 0.944350
16840.000000 0.943720
16850.000000 0.947850
16860.000000 0.943060
16870.000000 0.949990
16880.000000 0.943820
16890.000000 0.954650
16900.000000 0.943690
16910.000000 0.950480
16920.000000 0.945020
16930.000000 0.950450
16940.000000 0.947800
16950.000000 0.947020
16960.000000 0.950030
16970.000000 0.946610
16980.000000 0.951560
16990.000000 0.946110
17000.000000 0.952100
17010.000000 0.945230
17020.000000 0.951400
17030.000000 0.943910
17040.000000 0.952320
17050.000000 0.944740
17060.000000 0.951040
17070.000000 0.945720
17080.000000 0.949820
17090.000000 0.947780
17100.000000 0.947840
17110.000000 0.949560
17120.000000 0.947320
17130.000000 0.950000
17140.000000 0.945270
17150.000000 0.951280
17160.000000 0.945580
17170.000000 0.951540
17180.000000 0.944090
17190.000000 0.951290
17200.000000 0.944300
17210.000000 0.949160
17220.000000 0.944310
17230.000000 0.947540
17240.000000 0.945330
17250.000000 0.945840
17260.000000 0.945390
17270.000000 0.943670
17280.000000 0.944680
17290.000000 0.941370
17300.000000 0.944230
17310.000000 0.940240
17320.000000 0.945360
17330.000000 0.937110
17340.000000 0.940960
17350.000000 0.934220
17360.000000 0.941810
17370.000000 0.932640
17380.000000 0.937620
17390.000000 0.930540
17400.000000 0.933240
17410.000000 0.928110
17420.000000 0.929820
17430.000000 0.923830
17440.000000 0.926590
17450.000000 0.920910
17460.000000 0.923500
17470.000000 0.917350
17480.000000 0.919450
17490.000000 0.913450
17500.000000 0.916640
17510.000000 0.909180
17520.000000 0.911250
17530.000000 0.905420
17540.000000 0.906860
17550.000000 0.902030
17560.000000 0.903580
17570.000000 0.897500
17580.000000 0.898460
17590.000000 0.893550
17600.000000 0.893600
17610.000000 0.887930
17620.000000 0.887400
17630.000000 0.881800
17640.000000 0.879640
17650.000000 0.874560
17660.000000 0.872310
17670.000000 0.866010
17680.000000 0.862330
17690.000000 0.854130
17700.000000 0.851060
17710.000000 0.841770
17720.000000 0.835200
17730.000000 0.826760
17740.000000 0.817730
17750.000000 0.806480
17760.000000 0.795120
17770.000000 0.781280
17780.000000 0.768780
17790.000000 0.752210
17800.000000 0.737530
17810.000000 0.719050
17820.000000 0.698050
17830.000000 0.677080
17840.000000 0.654690
17850.000000 0.631330
17860.000000 0.608040
17870.000000 0.584490
17880.000000 0.556940
17890.000000 0.531350
17900.000000 0.505140
17910.000000 0.476670
17920.000000 0.450440
17930.000000 0.422280
17940.000000 0.394930
17950.000000 0.369950
17960.000000 0.344150
17970.000000 0.322130
17980.000000 0.296850
17990.000000 0.276480
18000.000000 0.254900
18010.000000 0.235180
18020.000000 0.216270
18030.000000 0.199440
18040.000000 0.182080
18050.000000 0.168460
18060.000000 0.153480
18070.000000 0.141570
18080.000000 0.130670
18090.000000 0.119660
18100.000000 0.110480
18110.000000 0.100540
18120.000000 0.092229
18130.000000 0.084464
18140.000000 0.079523
18150.000000 0.072897
18160.000000 0.066755
18170.000000 0.061063
18180.000000 0.055639
18190.000000 0.050554
18200.000000 0.047180
18210.000000 0.042827
18220.000000 0.038582
18230.000000 0.037087
18240.000000 0.033558
18250.000000 0.030698
18260.000000 0.028302
18270.000000 0.026804
18280.000000 0.025557
18290.000000 0.023581
18300.000000 0.021339
18310.000000 0.018867
18320.000000 0.018091
18330.000000 0.018694
18340.000000 0.015903
18350.000000 0.014968
18360.000000 0.014490
18370.000000 0.012759
18380.000000 0.011616
18390.000000 0.010433
18400.000000 0.009995
18410.000000 0.010292
18420.000000 0.009889
18430.000000 0.008268
18440.000000 0.007483
18450.000000 0.007963
18460.000000 0.008404
18470.000000 0.007333
18480.000000 0.006310
18490.000000 0.006155
18500.000000 0.005962
18510.000000 0.005038
18520.000000 0.004815
18530.000000 0.004381
18540.000000 0.004089
18550.000000 0.004315
18560.000000 0.004607
18570.000000 0.004119
18580.000000 0.002454
18590.000000 0.002147
18600.000000 0.003187
18610.000000 0.002705
18620.000000 0.002308
18630.000000 0.002605
18640.000000 0.002144
18650.000000 0.002537
18660.000000 0.002327
18670.000000 0.000000
18680.000000 0.000609
18690.000000 0.003088
18700.000000 0.002907
18710.000000 0.001935
18720.000000 0.001577
18730.000000 0.001578
18740.000000 0.001518
18750.000000 0.001135
18760.000000 0.000778
18770.000000 0.001753
18780.000000 0.002779
18790.000000 0.002146
18800.000000 0.001036
18810.000000 0.001162
18820.000000 0.001009
18830.000000 0.000113
18840.000000 0.000860
18850.000000 0.001011
18860.000000 0.000646
18870.000000 0.000677
18880.000000 0.001023
