#VISTA_J
#photon
# VIRCAM J band http://svo2.cab.inta-csic.es/svo/theory/fps3/index.php?id=Paranal/VISTA.J&&mode=search&search_instrument=VIRCAM#filter
11160.000000 0.000052
11170.000000 0.000605
11180.000000 0.001158
11190.000000 0.000773
11200.000000 0.000387
11210.000000 0.000203
11220.000000 0.000019
11230.000000 0.000587
11240.000000 0.001154
11250.000000 0.001327
11260.000000 0.001499
11270.000000 0.001584
11280.000000 0.001668
11290.000000 0.001789
11300.000000 0.001910
11310.000000 0.002530
11320.000000 0.003149
11330.000000 0.003267
11340.000000 0.003385
11350.000000 0.003614
11360.000000 0.003842
11370.000000 0.004572
11380.000000 0.005301
11390.000000 0.006286
11400.000000 0.007270
11410.000000 0.007339
11420.000000 0.007408
11430.000000 0.009365
11440.000000 0.011322
11450.000000 0.012570
11460.000000 0.013818
11470.000000 0.016103
11480.000000 0.018388
11490.000000 0.021589
11500.000000 0.024790
11510.000000 0.029972
11520.000000 0.035154
11530.000000 0.042034
11540.000000 0.048914
11550.000000 0.058487
11560.000000 0.068059
11570.000000 0.083060
11580.000000 0.098061
11590.000000 0.121571
11600.000000 0.145080
11610.000000 0.179855
11620.000000 0.214630
11630.000000 0.263295
11640.000000 0.311960
11650.000000 0.373305
11660.000000 0.434650
11670.000000 0.499745
11680.000000 0.564840
11690.000000 0.619145
11700.000000 0.673450
11710.000000 0.706590
11720.000000 0.739730
11730.000000 0.751700
11740.000000 0.763670
11750.000000 0.762805
11760.000000 0.761940
11770.000000 0.755635
11780.000000 0.749330
11790.000000 0.743030
11800.000000 0.736730
11810.000000 0.731525
11820.000000 0.726320
11830.000000 0.724070
11840.000000 0.721820
11850.000000 0.721570
11860.000000 0.721320
11870.000000 0.723845
11880.000000 0.726370
11890.000000 0.730950
11900.000000 0.735530
11910.000000 0.740780
11920.000000 0.746030
11930.000000 0.752375
11940.000000 0.758720
11950.000000 0.765400
11960.000000 0.772080
11970.000000 0.778240
11980.000000 0.784400
11990.000000 0.790285
12000.000000 0.796170
12010.000000 0.801835
12020.000000 0.807500
12030.000000 0.811420
12040.000000 0.815340
12050.000000 0.818805
12060.000000 0.822270
12070.000000 0.825250
12080.000000 0.828230
12090.000000 0.830450
12100.000000 0.832670
12110.000000 0.833760
12120.000000 0.834850
12130.000000 0.836225
12140.000000 0.837600
12150.000000 0.838025
12160.000000 0.838450
12170.000000 0.839515
12180.000000 0.840580
12190.000000 0.841560
12200.000000 0.842540
12210.000000 0.843460
12220.000000 0.844380
12230.000000 0.845320
12240.000000 0.846260
12250.000000 0.847285
12260.000000 0.848310
12270.000000 0.849675
12280.000000 0.851040
12290.000000 0.853525
12300.000000 0.856010
12310.000000 0.857575
12320.000000 0.859140
12330.000000 0.861095
12340.000000 0.863050
12350.000000 0.864405
12360.000000 0.865760
12370.000000 0.867640
12380.000000 0.869520
12390.000000 0.870480
12400.000000 0.871440
12410.000000 0.871960
12420.000000 0.872480
12430.000000 0.872300
12440.000000 0.872120
12450.000000 0.871505
12460.000000 0.870890
12470.000000 0.869145
12480.000000 0.867400
12490.000000 0.865495
12500.000000 0.863590
12510.000000 0.860435
12520.000000 0.857280
12530.000000 0.852715
12540.000000 0.848150
12550.000000 0.842870
12560.000000 0.837590
12570.000000 0.831755
12580.000000 0.825920
12590.000000 0.821515
12600.000000 0.817110
12610.000000 0.813980
12620.000000 0.810850
12630.000000 0.806690
12640.000000 0.802530
12650.000000 0.797115
12660.000000 0.791700
12670.000000 0.786295
12680.000000 0.780890
12690.000000 0.777815
12700.000000 0.774740
12710.000000 0.773535
12720.000000 0.772330
12730.000000 0.771535
12740.000000 0.770740
12750.000000 0.768935
12760.000000 0.767130
12770.000000 0.764295
12780.000000 0.761460
12790.000000 0.761495
12800.000000 0.761530
12810.000000 0.765285
12820.000000 0.769040
12830.000000 0.773170
12840.000000 0.777300
12850.000000 0.778835
12860.000000 0.780370
12870.000000 0.780510
12880.000000 0.780650
12890.000000 0.785095
12900.000000 0.789540
12910.000000 0.797735
12920.000000 0.805930
12930.000000 0.810315
12940.000000 0.814700
12950.000000 0.814310
12960.000000 0.813920
12970.000000 0.820080
12980.000000 0.826240
12990.000000 0.834985
13000.000000 0.843730
13010.000000 0.845245
13020.000000 0.846760
13030.000000 0.847565
13040.000000 0.848370
13050.000000 0.857065
13060.000000 0.865760
13070.000000 0.869820
13080.000000 0.873880
13090.000000 0.870030
13100.000000 0.866180
13110.000000 0.870930
13120.000000 0.875680
13130.000000 0.881080
13140.000000 0.886480
13150.000000 0.880720
13160.000000 0.874960
13170.000000 0.871795
13180.000000 0.868630
13190.000000 0.872150
13200.000000 0.875670
13210.000000 0.866600
13220.000000 0.857530
13230.000000 0.843270
13240.000000 0.829010
13250.000000 0.821890
13260.000000 0.814770
13270.000000 0.796405
13280.000000 0.778040
13290.000000 0.750600
13300.000000 0.723160
13310.000000 0.700660
13320.000000 0.678160
13330.000000 0.643025
13340.000000 0.607890
13350.000000 0.570230
13360.000000 0.532570
13370.000000 0.500490
13380.000000 0.468410
13390.000000 0.429610
13400.000000 0.390810
13410.000000 0.359215
13420.000000 0.327620
13430.000000 0.297835
13440.000000 0.268050
13450.000000 0.241005
13460.000000 0.213960
13470.000000 0.193260
13480.000000 0.172560
13490.000000 0.154490
13500.000000 0.136420
13510.000000 0.122980
13520.000000 0.109540
13530.000000 0.098259
13540.000000 0.086977
13550.000000 0.076828
13560.000000 0.066679
13570.000000 0.060518
13580.000000 0.054356
13590.000000 0.048431
13600.000000 0.042506
13610.000000 0.038406
13620.000000 0.034306
13630.000000 0.031117
13640.000000 0.027927
13650.000000 0.024583
13660.000000 0.021238
13670.000000 0.019923
13680.000000 0.018608
13690.000000 0.016907
13700.000000 0.015205
13710.000000 0.013721
13720.000000 0.012237
13730.000000 0.011117
13740.000000 0.009997
13750.000000 0.009402
13760.000000 0.008807
13770.000000 0.008361
13780.000000 0.007915
13790.000000 0.006782
13800.000000 0.005648
13810.000000 0.004777
13820.000000 0.003905
13830.000000 0.003706
13840.000000 0.003506
13850.000000 0.004279
13860.000000 0.005052
13870.000000 0.003680
13880.000000 0.002308
13890.000000 0.002172
13900.000000 0.002036
13910.000000 0.002079
13920.000000 0.002121
13930.000000 0.001948
13940.000000 0.001774
13950.000000 0.001471
13960.000000 0.001168
13970.000000 0.001059
13980.000000 0.000950
13990.000000 0.001084
14000.000000 0.001218
14010.000000 0.001293
14020.000000 0.001368
14030.000000 0.001374
14040.000000 0.001379
14050.000000 0.001077
14060.000000 0.000775
14070.000000 0.000500
14080.000000 0.000225
