#VISTA_Ks
#photon
# VIRCAM Ks band http://svo2.cab.inta-csic.es/svo/theory/fps3/index.php?id=Paranal/VISTA.Ks&&mode=search&search_instrument=VIRCAM#filter
18990.000000 0.001328
19000.000000 0.002281
19010.000000 0.002166
19020.000000 0.002027
19030.000000 0.001844
19040.000000 0.001846
19050.000000 0.001460
19060.000000 0.001200
19070.000000 0.000329
19080.000000 0.000801
19090.000000 0.001555
19100.000000 0.001741
19110.000000 0.002046
19120.000000 0.002456
19130.000000 0.001091
19140.000000 0.001262
19150.000000 0.002274
19160.000000 0.003093
19170.000000 0.003389
19180.000000 0.003369
19190.000000 0.003436
19200.000000 0.003025
19210.000000 0.004340
19220.000000 0.004707
19230.000000 0.003666
19240.000000 0.005718
19250.000000 0.006515
19260.000000 0.005738
19270.000000 0.005953
19280.000000 0.007580
19290.000000 0.008632
19300.000000 0.009318
19310.000000 0.008624
19320.000000 0.008906
19330.000000 0.009129
19340.000000 0.010218
19350.000000 0.010223
19360.000000 0.010903
19370.000000 0.012344
19380.000000 0.013214
19390.000000 0.016507
19400.000000 0.017571
19410.000000 0.017276
19420.000000 0.016384
19430.000000 0.016079
19440.000000 0.019199
19450.000000 0.020101
19460.000000 0.022213
19470.000000 0.023513
19480.000000 0.024623
19490.000000 0.025908
19500.000000 0.028987
19510.000000 0.030738
19520.000000 0.031819
19530.000000 0.034743
19540.000000 0.036861
19550.000000 0.037143
19560.000000 0.040057
19570.000000 0.043516
19580.000000 0.047412
19590.000000 0.050775
19600.000000 0.053992
19610.000000 0.060281
19620.000000 0.065784
19630.000000 0.070465
19640.000000 0.074707
19650.000000 0.076885
19660.000000 0.083109
19670.000000 0.090237
19680.000000 0.095727
19690.000000 0.102370
19700.000000 0.107930
19710.000000 0.119680
19720.000000 0.127260
19730.000000 0.136000
19740.000000 0.147350
19750.000000 0.155490
19760.000000 0.169390
19770.000000 0.182430
19780.000000 0.196610
19790.000000 0.211390
19800.000000 0.219480
19810.000000 0.238890
19820.000000 0.256280
19830.000000 0.272860
19840.000000 0.294300
19850.000000 0.305990
19860.000000 0.330820
19870.000000 0.351280
19880.000000 0.371470
19890.000000 0.400500
19900.000000 0.415700
19910.000000 0.446390
19920.000000 0.465130
19930.000000 0.489180
19940.000000 0.522730
19950.000000 0.536150
19960.000000 0.567040
19970.000000 0.587180
19980.000000 0.604430
19990.000000 0.638080
20000.000000 0.642800
20010.000000 0.676890
20020.000000 0.695520
20030.000000 0.703880
20040.000000 0.735500
20050.000000 0.736830
20060.000000 0.758440
20070.000000 0.777710
20080.000000 0.774620
20090.000000 0.801440
20100.000000 0.797580
20110.000000 0.808930
20120.000000 0.824380
20130.000000 0.816270
20140.000000 0.835400
20150.000000 0.833190
20160.000000 0.831520
20170.000000 0.851300
20180.000000 0.836690
20190.000000 0.848250
20200.000000 0.852860
20210.000000 0.841160
20220.000000 0.857160
20230.000000 0.849900
20240.000000 0.846920
20250.000000 0.863110
20260.000000 0.847770
20270.000000 0.858270
20280.000000 0.859790
20290.000000 0.847530
20300.000000 0.865040
20310.000000 0.853820
20320.000000 0.853470
20330.000000 0.864530
20340.000000 0.849810
20350.000000 0.861540
20360.000000 0.858140
20370.000000 0.848410
20380.000000 0.866090
20390.000000 0.853230
20400.000000 0.858570
20410.000000 0.865040
20420.000000 0.851160
20430.000000 0.867150
20440.000000 0.860650
20450.000000 0.854310
20460.000000 0.871920
20470.000000 0.858720
20480.000000 0.866500
20490.000000 0.872050
20500.000000 0.860140
20510.000000 0.874120
20520.000000 0.870870
20530.000000 0.865580
20540.000000 0.880040
20550.000000 0.869750
20560.000000 0.874740
20570.000000 0.883440
20580.000000 0.871830
20590.000000 0.884640
20600.000000 0.884090
20610.000000 0.875530
20620.000000 0.889510
20630.000000 0.882810
20640.000000 0.882690
20650.000000 0.894840
20660.000000 0.882850
20670.000000 0.889610
20680.000000 0.896410
20690.000000 0.885210
20700.000000 0.897930
20710.000000 0.897040
20720.000000 0.891070
20730.000000 0.903830
20740.000000 0.895880
20750.000000 0.897650
20760.000000 0.907490
20770.000000 0.896890
20780.000000 0.905410
20790.000000 0.907590
20800.000000 0.898840
20810.000000 0.910780
20820.000000 0.906650
20830.000000 0.903370
20840.000000 0.914950
20850.000000 0.905840
20860.000000 0.908860
20870.000000 0.916330
20880.000000 0.904890
20890.000000 0.912950
20900.000000 0.916410
20910.000000 0.907420
20920.000000 0.919410
20930.000000 0.917040
20940.000000 0.909900
20950.000000 0.924300
20960.000000 0.919260
20970.000000 0.915080
20980.000000 0.925170
20990.000000 0.915120
21000.000000 0.916710
21010.000000 0.925150
21020.000000 0.916100
21030.000000 0.922490
21040.000000 0.926690
21050.000000 0.915880
21060.000000 0.923700
21070.000000 0.924120
21080.000000 0.916740
21090.000000 0.931120
21100.000000 0.926820
21110.000000 0.917290
21120.000000 0.927290
21130.000000 0.919780
21140.000000 0.919430
21150.000000 0.928770
21160.000000 0.919130
21170.000000 0.922450
21180.000000 0.928790
21190.000000 0.915150
21200.000000 0.922590
21210.000000 0.927590
21220.000000 0.918600
21230.000000 0.926500
21240.000000 0.924810
21250.000000 0.918060
21260.000000 0.928900
21270.000000 0.925580
21280.000000 0.920430
21290.000000 0.930430
21300.000000 0.922100
21310.000000 0.919020
21320.000000 0.929800
21330.000000 0.922650
21340.000000 0.921440
21350.000000 0.932840
21360.000000 0.923240
21370.000000 0.921290
21380.000000 0.929970
21390.000000 0.922510
21400.000000 0.924110
21410.000000 0.929420
21420.000000 0.918690
21430.000000 0.921000
21440.000000 0.928910
21450.000000 0.918590
21460.000000 0.921110
21470.000000 0.931290
21480.000000 0.920710
21490.000000 0.924100
21500.000000 0.928580
21510.000000 0.916580
21520.000000 0.921530
21530.000000 0.926280
21540.000000 0.917620
21550.000000 0.923600
21560.000000 0.923950
21570.000000 0.915840
21580.000000 0.926200
21590.000000 0.927250
21600.000000 0.917700
21610.000000 0.925650
21620.000000 0.922870
21630.000000 0.916610
21640.000000 0.926770
21650.000000 0.926290
21660.000000 0.916060
21670.000000 0.925220
21680.000000 0.925300
21690.000000 0.917810
21700.000000 0.926580
21710.000000 0.926460
21720.000000 0.919650
21730.000000 0.927090
21740.000000 0.926070
21750.000000 0.918430
21760.000000 0.928460
21770.000000 0.928220
21780.000000 0.920680
21790.000000 0.927580
21800.000000 0.930330
21810.000000 0.920740
21820.000000 0.928030
21830.000000 0.930990
21840.000000 0.923630
21850.000000 0.929750
21860.000000 0.930910
21870.000000 0.924020
21880.000000 0.932050
21890.000000 0.937570
21900.000000 0.925410
21910.000000 0.930610
21920.000000 0.934290
21930.000000 0.926150
21940.000000 0.932180
21950.000000 0.936770
21960.000000 0.928910
21970.000000 0.932710
21980.000000 0.937900
21990.000000 0.930730
22000.000000 0.931530
22010.000000 0.940830
22020.000000 0.933820
22030.000000 0.935190
22040.000000 0.938240
22050.000000 0.931730
22060.000000 0.933260
22070.000000 0.939580
22080.000000 0.934770
22090.000000 0.933110
22100.000000 0.939130
22110.000000 0.933910
22120.000000 0.930710
22130.000000 0.941800
22140.000000 0.934880
22150.000000 0.930880
22160.000000 0.936440
22170.000000 0.937310
22180.000000 0.929450
22190.000000 0.933010
22200.000000 0.936880
22210.000000 0.928660
22220.000000 0.931290
22230.000000 0.935540
22240.000000 0.930960
22250.000000 0.929470
22260.000000 0.933440
22270.000000 0.927680
22280.000000 0.925340
22290.000000 0.932670
22300.000000 0.929180
22310.000000 0.924800
22320.000000 0.928320
22330.000000 0.925820
22340.000000 0.921540
22350.000000 0.926330
22360.000000 0.925920
22370.000000 0.921760
22380.000000 0.924910
22390.000000 0.925170
22400.000000 0.918140
22410.000000 0.919000
22420.000000 0.925170
22430.000000 0.920830
22440.000000 0.919930
22450.000000 0.923220
22460.000000 0.919450
22470.000000 0.919370
22480.000000 0.923690
22490.000000 0.920040
22500.000000 0.917920
22510.000000 0.922830
22520.000000 0.925480
22530.000000 0.921170
22540.000000 0.922700
22550.000000 0.925940
22560.000000 0.923190
22570.000000 0.923220
22580.000000 0.929290
22590.000000 0.925260
22600.000000 0.924890
22610.000000 0.929450
22620.000000 0.929610
22630.000000 0.929530
22640.000000 0.932070
22650.000000 0.933040
22660.000000 0.930760
22670.000000 0.934100
22680.000000 0.935210
22690.000000 0.932970
22700.000000 0.933500
22710.000000 0.932890
22720.000000 0.931020
22730.000000 0.929240
22740.000000 0.928000
22750.000000 0.923820
22760.000000 0.919290
22770.000000 0.916420
22780.000000 0.911170
22790.000000 0.902240
22800.000000 0.895120
22810.000000 0.887950
22820.000000 0.876430
22830.000000 0.865010
22840.000000 0.853130
22850.000000 0.837630
22860.000000 0.820540
22870.000000 0.804310
22880.000000 0.786170
22890.000000 0.766790
22900.000000 0.746740
22910.000000 0.725360
22920.000000 0.701690
22930.000000 0.677320
22940.000000 0.653000
22950.000000 0.628100
22960.000000 0.602460
22970.000000 0.578430
22980.000000 0.552890
22990.000000 0.528050
23000.000000 0.502860
23010.000000 0.478120
23020.000000 0.452530
23030.000000 0.429980
23040.000000 0.407900
23050.000000 0.382580
23060.000000 0.361410
23070.000000 0.340510
23080.000000 0.320870
23090.000000 0.301390
23100.000000 0.283010
23110.000000 0.265300
23120.000000 0.247680
23130.000000 0.231980
23140.000000 0.216580
23150.000000 0.201810
23160.000000 0.189020
23170.000000 0.177090
23180.000000 0.165000
23190.000000 0.154730
23200.000000 0.144680
23210.000000 0.135730
23220.000000 0.127190
23230.000000 0.119160
23240.000000 0.111930
23250.000000 0.104560
23260.000000 0.098507
23270.000000 0.092965
23280.000000 0.087366
23290.000000 0.081925
23300.000000 0.076645
23310.000000 0.071447
23320.000000 0.066398
23330.000000 0.062585
23340.000000 0.058830
23350.000000 0.054297
23360.000000 0.050968
23370.000000 0.048127
23380.000000 0.044645
23390.000000 0.041688
23400.000000 0.039438
23410.000000 0.037530
23420.000000 0.035529
23430.000000 0.033971
23440.000000 0.032676
23450.000000 0.031080
23460.000000 0.029333
23470.000000 0.028023
23480.000000 0.027090
23490.000000 0.025615
23500.000000 0.024059
23510.000000 0.022604
23520.000000 0.020962
23530.000000 0.019654
23540.000000 0.018883
23550.000000 0.018009
23560.000000 0.016438
23570.000000 0.015283
23580.000000 0.014765
23590.000000 0.014328
23600.000000 0.013975
23610.000000 0.013395
23620.000000 0.012048
23630.000000 0.011132
23640.000000 0.010883
23650.000000 0.010320
23660.000000 0.009807
23670.000000 0.009767
23680.000000 0.008961
23690.000000 0.008579
23700.000000 0.009238
23710.000000 0.008881
23720.000000 0.008514
23730.000000 0.008500
23740.000000 0.007366
23750.000000 0.005766
23760.000000 0.005037
23770.000000 0.004876
23780.000000 0.004537
23790.000000 0.004424
23800.000000 0.004165
23810.000000 0.003478
23820.000000 0.004195
23830.000000 0.004621
23840.000000 0.003875
23850.000000 0.003789
23860.000000 0.003774
23870.000000 0.003741
23880.000000 0.004201
23890.000000 0.004567
23900.000000 0.004271
23910.000000 0.003474
23920.000000 0.002594
23930.000000 0.002330
23940.000000 0.001803
23950.000000 0.001796
23960.000000 0.002146
23970.000000 0.001897
23980.000000 0.001499
23990.000000 0.001446
24000.000000 0.001055
24010.000000 0.002823
24020.000000 0.003109
24030.000000 0.001847
24040.000000 0.001919
24050.000000 0.002258
24060.000000 0.002618
24070.000000 0.002606
24080.000000 0.001655
24090.000000 0.001916
24100.000000 0.001958
24110.000000 0.001500
24120.000000 0.001237
24130.000000 0.000773
24140.000000 0.000572
24150.000000 0.000260
24160.000000 0.000280
24170.000000 0.000656
24180.000000 0.000430
24190.000000 0.000612
24200.000000 0.001051
24210.000000 0.000821
24220.000000 0.000563
24230.000000 0.001872
24240.000000 0.002695
24250.000000 0.001852
24260.000000 0.000840
