# VISTA_H
# photon
# VISTA H http://www.eso.org/sci/facilities/paranal/instruments/vircam/inst.html
5000.0 0.0004
5010.0 0.0004
5020.0 0.0004
5030.0 0.0004
5040.0 0.0002
5050.0 0.0
5060.0 0.0
5070.0 0.0001
5080.0 0.0
5090.0 0.0
5100.0 0.0002
5110.0 0.0003
5120.0 0.0002
5130.0 0.0
5140.0 0.0
5150.0 0.0003
5160.0 0.0002
5170.0 0.0001
5180.0 0.0
5190.0 0.0
5200.0 0.0
5210.0 0.0001
5220.0 0.0002
5230.0 0.0001
5240.0 0.0
5250.0 0.0
5260.0 0.0
5270.0 0.0
5280.0 0.0
5290.0 0.0
5300.0 0.0001
5310.0 0.0
5320.0 0.0
5330.0 0.0
5340.0 0.0
5350.0 0.0
5360.0 0.0
5370.0 0.0
5380.0 0.0
5390.0 0.0
5400.0 0.0001
5410.0 0.0001
5420.0 0.0
5430.0 0.0003
5440.0 0.0003
5450.0 0.0004
5460.0 0.0005
5470.0 0.0001
5480.0 0.0
5490.0 0.0
5500.0 0.0
5510.0 0.0
5520.0 0.0
5530.0 0.0
5540.0 0.0
5550.0 0.0
5560.0 0.0
5570.0 0.0
5580.0 0.0
5590.0 0.0
5600.0 0.0001
5610.0 0.0004
5620.0 0.0003
5630.0 0.0
5640.0 0.0
5650.0 0.0
5660.0 0.0
5670.0 0.0001
5680.0 0.0001
5690.0 0.0001
5700.0 0.0
5710.0 0.0
5720.0 0.0
5730.0 0.0
5740.0 0.0
5750.0 0.0
5760.0 0.0
5770.0 0.0001
5780.0 0.0
5790.0 0.0001
5800.0 0.0
5810.0 0.0
5820.0 0.0
5830.0 0.0
5840.0 0.0
5850.0 0.0
5860.0 0.0
5870.0 0.0
5880.0 0.0001
5890.0 0.0
5900.0 0.0
5910.0 0.0
5920.0 0.0005
5930.0 0.0
5940.0 0.0
5950.0 0.0001
5960.0 0.0
5970.0 0.0
5980.0 0.0
5990.0 0.0
6000.0 0.0002
6010.0 0.0
6020.0 0.0
6030.0 0.0
6040.0 0.0
6050.0 0.0
6060.0 0.0
6070.0 0.0
6080.0 0.0
6090.0 0.0
6100.0 0.0
6110.0 0.0
6120.0 0.0
6130.0 0.0
6140.0 0.0
6150.0 0.0
6160.0 0.0001
6170.0 0.0
6180.0 0.0
6190.0 0.0001
6200.0 0.0
6210.0 0.0
6220.0 0.0
6230.0 0.0
6240.0 0.0
6250.0 0.0
6260.0 0.0
6270.0 0.0
6280.0 0.0
6290.0 0.0
6300.0 0.0
6310.0 0.0002
6320.0 0.0
6330.0 0.0
6340.0 0.0001
6350.0 0.0001
6360.0 0.0003
6370.0 0.0001
6380.0 0.0001
6390.0 0.0
6400.0 0.0
6410.0 0.0
6420.0 0.0001
6430.0 0.0001
6440.0 0.0
6450.0 0.0
6460.0 0.0
6470.0 0.0001
6480.0 0.0
6490.0 0.0001
6500.0 0.0
6510.0 0.0
6520.0 0.0
6530.0 0.0003
6540.0 0.0001
6550.0 0.0
6560.0 0.0001
6570.0 0.0
6580.0 0.0
6590.0 0.0
6600.0 0.0
6610.0 0.0
6620.0 0.0005
6630.0 0.0002
6640.0 0.0001
6650.0 0.0
6660.0 0.0001
6670.0 0.0
6680.0 0.0001
6690.0 0.0
6700.0 0.0
6710.0 0.0
6720.0 0.0
6730.0 0.0
6740.0 0.0
6750.0 0.0
6760.0 0.0
6770.0 0.0001
6780.0 0.0
6790.0 0.0002
6800.0 0.0
6810.0 0.0001
6820.0 0.0001
6830.0 0.0003
6840.0 0.0
6850.0 0.0
6860.0 0.0002
6870.0 0.0006
6880.0 0.0021
6890.0 0.003
6900.0 0.0003
6910.0 0.0001
6920.0 0.0003
6930.0 0.0
6940.0 0.0002
6950.0 0.0
6960.0 0.0002
6970.0 0.0
6980.0 0.0003
6990.0 0.0
7000.0 0.0003
7010.0 0.0
7020.0 0.0
7030.0 0.0
7040.0 0.0001
7050.0 0.0003
7060.0 0.0002
7070.0 0.0004
7080.0 0.0001
7090.0 0.0004
7100.0 0.0002
7110.0 0.0008
7120.0 0.0002
7130.0 0.0005
7140.0 0.0001
7150.0 0.0007
7160.0 0.0006
7170.0 0.0005
7180.0 0.0005
7190.0 0.0002
7200.0 0.0004
7210.0 0.0002
7220.0 0.0009
7230.0 0.0003
7240.0 0.0005
7250.0 0.0001
7260.0 0.0005
7270.0 0.0001
7280.0 0.0001
7290.0 0.0003
7300.0 0.0002
7310.0 0.0
7320.0 0.0
7330.0 0.0004
7340.0 0.0
7350.0 0.0001
7360.0 0.0
7370.0 0.0
7380.0 0.0
7390.0 0.0002
7400.0 0.0
7410.0 0.0
7420.0 0.0
7430.0 0.0
7440.0 0.0
7450.0 0.0
7460.0 0.0
7470.0 0.0
7480.0 0.0002
7490.0 0.0
7500.0 0.0001
7510.0 0.0
7520.0 0.0
7530.0 0.0
7540.0 0.0
7550.0 0.0
7560.0 0.0
7570.0 0.0002
7580.0 0.0
7590.0 0.0
7600.0 0.0
7610.0 0.0
7620.0 0.0
7630.0 0.0004
7640.0 0.0
7650.0 0.0
7660.0 0.0
7670.0 0.0
7680.0 0.0
7690.0 0.0
7700.0 0.0
7710.0 0.0
7720.0 0.0001
7730.0 0.0
7740.0 0.0
7750.0 0.0
7760.0 0.0
7770.0 0.0
7780.0 0.0002
7790.0 0.0
7800.0 0.0002
7810.0 0.0
7820.0 0.0
7830.0 0.0
7840.0 0.0
7850.0 0.0
7860.0 0.0
7870.0 0.0
7880.0 0.0
7890.0 0.0
7900.0 0.0
7910.0 0.0
7920.0 0.0
7930.0 0.0
7940.0 0.0
7950.0 0.0
7960.0 0.0
7970.0 0.0
7980.0 0.0
7990.0 0.0
8000.0 0.0
8010.0 0.0
8020.0 0.0
8030.0 0.0
8040.0 0.0005
8050.0 0.0012
8060.0 0.004
8070.0 0.009
8080.0 0.0169
8090.0 0.0085
8100.0 0.0
8110.0 0.0
8120.0 0.0
8130.0 0.0
8140.0 0.0
8150.0 0.0
8160.0 0.0
8170.0 0.0
8180.0 0.0
8190.0 -0.001
8200.0 -0.001
8210.0 0.0
8220.0 -0.001
8230.0 -0.001
8240.0 -0.002
8250.0 -0.002
8260.0 -0.003
8270.0 -0.002
8280.0 -0.003
8290.0 -0.003
8300.0 -0.005
8310.0 -0.004
8320.0 -0.006
8330.0 -0.006
8340.0 -0.006
8350.0 -0.007
8360.0 -0.007
8370.0 -0.008
8380.0 -0.008
8390.0 -0.009
8400.0 -0.009
8410.0 -0.009
8420.0 -0.009
8430.0 -0.009
8440.0 -0.009
8450.0 -0.009
8460.0 -0.009
8470.0 -0.009
8480.0 -0.009
8490.0 -0.01
8500.0 -0.009
8510.0 -0.01
8520.0 -0.01
8530.0 -0.01
8540.0 -0.009
8550.0 -0.006
8560.0 -0.009
8570.0 0.0398
8580.0 0.0823
8590.0 0.1786
8600.0 0.0517
8610.0 -0.001
8620.0 0.0047
8630.0 0.006
8640.0 0.0005
8650.0 0.001
8660.0 0.0006
8670.0 -0.001
8680.0 0.0023
8690.0 0.0017
8700.0 -0.001
8710.0 0.0025
8720.0 0.0001
8730.0 -0.003
8740.0 0.0008
8750.0 0.0029
8760.0 0.0
8770.0 0.001
8780.0 -0.003
8790.0 -0.003
8800.0 0.0027
8810.0 0.0027
8820.0 0.0
8830.0 0.0036
8840.0 0.001
8850.0 0.0
8860.0 0.0027
8870.0 0.0003
8880.0 -0.003
8890.0 0.0016
8900.0 -0.001
8910.0 -0.002
8920.0 0.0018
8930.0 0.0005
8940.0 -0.001
8950.0 0.0026
8960.0 0.0001
8970.0 0.0
8980.0 0.0017
8990.0 0.0012
9000.0 -0.001
9010.0 0.0017
9020.0 0.0
9030.0 -0.001
9040.0 0.0027
9050.0 0.0023
9060.0 -0.001
9070.0 0.0008
9080.0 0.0
9090.0 -0.001
9100.0 0.0003
9110.0 0.0005
9120.0 0.0
9130.0 0.0016
9140.0 0.0
9150.0 0.0
9160.0 0.0011
9170.0 0.0005
9180.0 0.0
9190.0 0.0008
9200.0 -0.002
9210.0 0.0009
9220.0 0.0014
9230.0 0.0
9240.0 0.0003
9250.0 0.0015
9260.0 0.0
9270.0 0.0015
9280.0 0.0016
9290.0 0.0
9300.0 0.0003
9310.0 0.0011
9320.0 -0.001
9330.0 0.0011
9340.0 0.0006
9350.0 0.0
9360.0 0.0006
9370.0 0.002
9380.0 0.0002
9390.0 0.0026
9400.0 0.0015
9410.0 0.0002
9420.0 0.0005
9430.0 0.0014
9440.0 0.0001
9450.0 0.0015
9460.0 0.0014
9470.0 0.0
9480.0 0.0006
9490.0 0.0009
9500.0 0.0
9510.0 0.0008
9520.0 0.0005
9530.0 0.0001
9540.0 0.0007
9550.0 0.0009
9560.0 0.0
9570.0 0.0009
9580.0 0.0013
9590.0 0.0002
9600.0 0.0003
9610.0 0.0009
9620.0 0.0001
9630.0 0.0013
9640.0 0.001
9650.0 0.0
9660.0 0.0006
9670.0 0.0011
9680.0 0.0
9690.0 0.0008
9700.0 0.0003
9710.0 0.0
9720.0 0.0001
9730.0 0.0003
9740.0 0.0
9750.0 0.0009
9760.0 0.001
9770.0 0.0002
9780.0 0.0005
9790.0 0.0007
9800.0 0.0
9810.0 0.0008
9820.0 0.0002
9830.0 0.0
9840.0 0.0
9850.0 0.0003
9860.0 0.0
9870.0 0.0006
9880.0 0.0005
9890.0 0.0
9900.0 0.0001
9910.0 0.0003
9920.0 0.0
9930.0 0.0001
9940.0 0.0
9950.0 0.0
9960.0 0.0003
9970.0 0.0006
9980.0 0.0
9990.0 0.0003
10000.0 0.0002
10010.0 0.0002
10020.0 0.0004
10030.0 0.0003
10040.0 0.0
10050.0 0.0
10060.0 0.0001
10070.0 0.0
10080.0 0.0
10090.0 0.0002
10100.0 0.0
10110.0 0.0005
10120.0 0.0003
10130.0 0.0
10140.0 0.0
10150.0 0.0002
10160.0 0.0
10170.0 0.0
10180.0 0.0001
10190.0 0.0
10200.0 0.0
10210.0 0.0
10220.0 0.0
10230.0 0.0004
10240.0 0.0001
10250.0 0.0
10260.0 0.0
10270.0 0.0001
10280.0 0.0
10290.0 0.0003
10300.0 0.0003
10310.0 0.0003
10320.0 0.0004
10330.0 0.0003
10340.0 0.0
10350.0 0.0002
10360.0 0.0
10370.0 0.0
10380.0 0.0001
10390.0 0.0003
10400.0 0.0001
10410.0 0.0002
10420.0 0.0003
10430.0 0.0002
10440.0 0.0001
10450.0 0.0
10460.0 0.0
10470.0 0.0003
10480.0 0.0
10490.0 0.0001
10500.0 0.0006
10510.0 0.0005
10520.0 0.0002
10530.0 0.0001
10540.0 0.0002
10550.0 0.0004
10560.0 0.0003
10570.0 0.0
10580.0 0.0
10590.0 0.0001
10600.0 0.0
10610.0 0.0
10620.0 0.0
10630.0 0.0002
10640.0 0.0002
10650.0 0.0
10660.0 0.0
10670.0 0.0
10680.0 0.0001
10690.0 0.0002
10700.0 0.0
10710.0 0.0001
10720.0 0.0002
10730.0 0.0
10740.0 0.0
10750.0 0.0
10760.0 0.0003
10770.0 0.0
10780.0 0.0
10790.0 0.0
10800.0 0.0002
10810.0 0.0003
10820.0 0.0
10830.0 0.0
10840.0 0.0001
10850.0 0.0
10860.0 0.0001
10870.0 0.0
10880.0 0.0
10890.0 0.0001
10900.0 0.0001
10910.0 0.0003
10920.0 0.0002
10930.0 0.0
10940.0 0.0
10950.0 0.0
10960.0 0.0002
10970.0 0.0001
10980.0 0.0
10990.0 0.0
11000.0 0.0
11010.0 0.0
11020.0 0.0003
11030.0 0.0002
11040.0 0.0003
11050.0 0.0003
11060.0 0.0
11070.0 0.0
11080.0 0.0
11090.0 0.0
11100.0 0.0
11110.0 0.0002
11120.0 0.0003
11130.0 0.0003
11140.0 0.0002
11150.0 0.0002
11160.0 0.0002
11170.0 0.0
11180.0 0.0
11190.0 0.0
11200.0 0.0002
11210.0 0.0004
11220.0 0.0004
11230.0 0.0005
11240.0 0.0005
11250.0 0.0002
11260.0 0.0
11270.0 0.0
11280.0 0.0
11290.0 0.0
11300.0 0.0001
11310.0 0.0004
11320.0 0.0003
11330.0 0.0002
11340.0 0.0003
11350.0 0.0002
11360.0 0.0003
11370.0 0.0
11380.0 0.0
11390.0 0.0
11400.0 0.0002
11410.0 0.0003
11420.0 0.0004
11430.0 0.0002
11440.0 0.0001
11450.0 0.0001
11460.0 0.0
11470.0 0.0001
11480.0 0.0
11490.0 0.0
11500.0 0.0007
11510.0 0.0005
11520.0 0.0002
11530.0 0.0005
11540.0 0.0
11550.0 0.0
11560.0 0.0
11570.0 0.0
11580.0 0.0
11590.0 0.0
11600.0 0.0004
11610.0 0.0005
11620.0 0.0003
11630.0 0.0002
11640.0 0.0002
11650.0 0.0005
11660.0 0.0006
11670.0 0.0007
11680.0 0.0006
11690.0 0.0001
11700.0 0.0
11710.0 0.0
11720.0 0.0
11730.0 0.0
11740.0 0.0
11750.0 0.0
11760.0 0.0
11770.0 0.0
11780.0 0.0005
11790.0 0.0005
11800.0 0.0006
11810.0 0.0003
11820.0 0.0004
11830.0 0.0003
11840.0 0.0004
11850.0 0.0003
11860.0 0.0003
11870.0 0.0004
11880.0 0.0004
11890.0 0.0003
11900.0 0.0
11910.0 0.0
11920.0 0.0
11930.0 0.0004
11940.0 0.0
11950.0 0.0005
11960.0 0.0007
11970.0 0.0005
11980.0 0.0005
11990.0 0.0006
12000.0 0.0008
12010.0 0.0006
12020.0 0.0005
12030.0 0.0005
12040.0 0.001
12050.0 0.0008
12060.0 0.0001
12070.0 0.0002
12080.0 0.0
12090.0 0.0
12100.0 0.0003
12110.0 0.0
12120.0 0.0
12130.0 0.0001
12140.0 0.0
12150.0 0.0004
12160.0 0.0004
12170.0 0.0005
12180.0 0.0003
12190.0 0.0002
12200.0 0.0003
12210.0 0.0006
12220.0 0.0008
12230.0 0.0007
12240.0 0.0003
12250.0 0.0005
12260.0 0.0008
12270.0 0.001
12280.0 0.0009
12290.0 0.0005
12300.0 0.0004
12310.0 0.0008
12320.0 0.0009
12330.0 0.0009
12340.0 0.0006
12350.0 0.0
12360.0 0.0
12370.0 0.0001
12380.0 0.0001
12390.0 0.0
12400.0 0.0004
12410.0 0.0
12420.0 0.0
12430.0 0.0002
12440.0 0.0
12450.0 0.0
12460.0 0.0003
12470.0 0.0
12480.0 0.0
12490.0 0.0
12500.0 0.0
12510.0 0.0
12520.0 0.0003
12530.0 0.0005
12540.0 0.0003
12550.0 0.0002
12560.0 0.0007
12570.0 0.0009
12580.0 0.0008
12590.0 0.0006
12600.0 0.0006
12610.0 0.0007
12620.0 0.0008
12630.0 0.0008
12640.0 0.0007
12650.0 0.0002
12660.0 0.0
12670.0 0.0
12680.0 0.0001
12690.0 0.0001
12700.0 0.0
12710.0 0.0
12720.0 0.0005
12730.0 0.0007
12740.0 0.0008
12750.0 0.0009
12760.0 0.001
12770.0 0.0009
12780.0 0.0011
12790.0 0.0012
12800.0 0.0011
12810.0 0.0006
12820.0 0.0003
12830.0 0.0006
12840.0 0.0007
12850.0 0.0012
12860.0 0.0013
12870.0 0.0013
12880.0 0.0011
12890.0 0.0015
12900.0 0.0019
12910.0 0.0021
12920.0 0.0018
12930.0 0.0018
12940.0 0.0015
12950.0 0.0014
12960.0 0.0015
12970.0 0.0017
12980.0 0.0018
12990.0 0.0022
13000.0 0.0026
13010.0 0.0028
13020.0 0.0031
13030.0 0.0027
13040.0 0.0028
13050.0 0.0041
13060.0 0.0058
13070.0 0.0078
13080.0 0.0097
13090.0 0.0101
13100.0 0.0082
13110.0 0.004
13120.0 0.0003
13130.0 0.0
13140.0 0.0
13150.0 0.0
13160.0 0.0
13170.0 0.0
13180.0 0.0
13190.0 0.0
13200.0 0.0
13210.0 -0.001
13220.0 -0.001
13230.0 -0.001
13240.0 -0.001
13250.0 -0.001
13260.0 -0.001
13270.0 0.0
13280.0 -0.001
13290.0 -0.001
13300.0 -0.001
13310.0 -0.001
13320.0 -0.001
13330.0 -0.001
13340.0 -0.001
13350.0 -0.001
13360.0 -0.001
13370.0 -0.001
13380.0 -0.001
13390.0 -0.001
13400.0 -0.001
13410.0 -0.001
13420.0 -0.001
13430.0 0.0
13440.0 0.0
13450.0 0.0
13460.0 0.0
13470.0 0.0003
13480.0 0.0003
13490.0 0.0008
13500.0 0.0011
13510.0 0.0013
13520.0 0.0019
13530.0 0.0019
13540.0 0.0024
13550.0 0.0028
13560.0 0.0029
13570.0 0.0028
13580.0 0.0028
13590.0 0.0028
13600.0 0.0028
13610.0 0.0028
13620.0 0.003
13630.0 0.0031
13640.0 0.0031
13650.0 0.0031
13660.0 0.0035
13670.0 0.0037
13680.0 0.004
13690.0 0.0038
13700.0 0.0041
13710.0 0.0041
13720.0 0.004
13730.0 0.0042
13740.0 0.0044
13750.0 0.0039
13760.0 0.0046
13770.0 0.0044
13780.0 0.0045
13790.0 0.0048
13800.0 0.005
13810.0 0.005
13820.0 0.0057
13830.0 0.0057
13840.0 0.0056
13850.0 0.0061
13860.0 0.0067
13870.0 0.0068
13880.0 0.0078
13890.0 0.0077
13900.0 0.0079
13910.0 0.0085
13920.0 0.0087
13930.0 0.0093
13940.0 0.0102
13950.0 0.0102
13960.0 0.0109
13970.0 0.0122
13980.0 0.0127
13990.0 0.0138
14000.0 0.0619
14010.0 0.0408
14020.0 -0.044
14030.0 -0.023
14040.0 0.0131
14050.0 0.084
14060.0 0.0286
14070.0 0.0045
14080.0 -0.075
14090.0 0.0328
14100.0 0.0
14110.0 0.0585
14120.0 0.0114
14130.0 -0.029
14140.0 0.0385
14150.0 0.1362
14160.0 0.0135
14170.0 -0.044
14180.0 -0.043
14190.0 0.0297
14200.0 0.0419
14210.0 0.0596
14220.0 0.1146
14230.0 0.002
14240.0 0.0836
14250.0 0.1698
14260.0 0.158
14270.0 0.1106
14280.0 -0.012
14290.0 0.0558
14300.0 0.0821
14310.0 0.1479
14320.0 0.0924
14330.0 0.2295
14340.0 0.1479
14350.0 0.1562
14360.0 0.1779
14370.0 0.2277
14380.0 0.2401
14390.0 0.3021
14400.0 0.3063
14410.0 0.2793
14420.0 0.2633
14430.0 0.2436
14440.0 0.2887
14450.0 0.3666
14460.0 0.4107
14470.0 0.4528
14480.0 0.4152
14490.0 0.2479
14500.0 0.4827
14510.0 0.5627
14520.0 0.5117
14530.0 0.4975
14540.0 0.3983
14550.0 0.6724
14560.0 0.678
14570.0 0.7285
14580.0 0.7516
14590.0 0.8875
14600.0 0.9238
14610.0 1.0095
14620.0 0.9817
14630.0 0.9654
14640.0 1.0953
14650.0 1.266
14660.0 1.4414
14670.0 1.4773
14680.0 1.6973
14690.0 1.7678
14700.0 2.0131
14710.0 2.2561
14720.0 2.3878
14730.0 2.6577
14740.0 3.0127
14750.0 3.2411
14760.0 3.5526
14770.0 3.9811
14780.0 4.3953
14790.0 4.9686
14800.0 5.5056
14810.0 6.1373
14820.0 6.9916
14830.0 7.84
14840.0 8.7439
14850.0 9.9695
14860.0 10.968
14870.0 12.463
14880.0 14.109
14890.0 15.799
14900.0 17.716
14910.0 19.896
14920.0 22.416
14930.0 25.005
14940.0 27.944
14950.0 31.005
14960.0 34.452
14970.0 38.114
14980.0 42.283
14990.0 46.176
15000.0 50.09
15010.0 54.648
15020.0 58.62
15030.0 62.634
15040.0 67.102
15050.0 70.873
15060.0 74.088
15070.0 77.872
15080.0 80.688
15090.0 82.564
15100.0 85.481
15110.0 87.195
15120.0 88.138
15130.0 89.587
15140.0 90.441
15150.0 90.197
15160.0 90.561
15170.0 90.827
15180.0 90.047
15190.0 89.721
15200.0 89.753
15210.0 88.58
15220.0 87.951
15230.0 87.856
15240.0 86.825
15250.0 86.066
15260.0 86.19
15270.0 85.249
15280.0 84.634
15290.0 84.821
15300.0 84.104
15310.0 83.732
15320.0 84.269
15330.0 83.686
15340.0 83.54
15350.0 84.153
15360.0 83.694
15370.0 83.948
15380.0 84.631
15390.0 84.246
15400.0 84.904
15410.0 85.55
15420.0 85.374
15430.0 86.279
15440.0 86.696
15450.0 86.664
15460.0 87.765
15470.0 87.986
15480.0 88.115
15490.0 89.269
15500.0 89.263
15510.0 89.503
15520.0 90.527
15530.0 90.294
15540.0 90.764
15550.0 91.534
15560.0 91.153
15570.0 91.706
15580.0 92.232
15590.0 91.603
15600.0 92.402
15610.0 92.638
15620.0 92.038
15630.0 92.723
15640.0 92.414
15650.0 92.224
15660.0 92.844
15670.0 92.242
15680.0 92.308
15690.0 92.687
15700.0 92.006
15710.0 92.441
15720.0 92.356
15730.0 91.912
15740.0 92.483
15750.0 92.018
15760.0 91.942
15770.0 92.329
15780.0 91.796
15790.0 92.167
15800.0 92.039
15810.0 91.845
15820.0 92.367
15830.0 91.8
15840.0 92.097
15850.0 92.131
15860.0 91.744
15870.0 92.249
15880.0 91.726
15890.0 91.854
15900.0 91.991
15910.0 91.425
15920.0 92.173
15930.0 91.814
15940.0 91.523
15950.0 91.918
15960.0 91.276
15970.0 91.631
15980.0 91.504
15990.0 91.176
16000.0 91.654
16010.0 91.028
16020.0 91.176
16030.0 91.232
16040.0 90.813
16050.0 91.235
16060.0 90.592
16070.0 90.791
16080.0 90.935
16090.0 90.384
16100.0 90.727
16110.0 90.27
16120.0 90.479
16130.0 90.452
16140.0 90.124
16150.0 90.484
16160.0 89.952
16170.0 90.365
16180.0 90.255
16190.0 89.996
16200.0 90.367
16210.0 89.919
16220.0 90.302
16230.0 90.029
16240.0 90.246
16250.0 90.248
16260.0 90.058
16270.0 90.607
16280.0 90.095
16290.0 90.569
16300.0 90.386
16310.0 90.327
16320.0 90.627
16330.0 90.315
16340.0 90.861
16350.0 90.413
16360.0 90.709
16370.0 90.765
16380.0 90.497
16390.0 91.065
16400.0 90.507
16410.0 91.299
16420.0 91.086
16430.0 90.807
16440.0 91.249
16450.0 90.839
16460.0 91.465
16470.0 90.983
16480.0 91.445
16490.0 91.408
16500.0 91.298
16510.0 91.778
16520.0 91.286
16530.0 91.952
16540.0 91.36
16550.0 91.895
16560.0 91.691
16570.0 91.864
16580.0 92.108
16590.0 91.835
16600.0 92.535
16610.0 91.986
16620.0 92.733
16630.0 92.149
16640.0 92.725
16650.0 92.524
16660.0 92.777
16670.0 93.049
16680.0 92.675
16690.0 93.572
16700.0 92.733
16710.0 93.562
16720.0 93.13
16730.0 93.851
16740.0 93.594
16750.0 93.668
16760.0 94.214
16770.0 93.73
16780.0 94.448
16790.0 93.755
16800.0 94.601
16810.0 94.02
16820.0 94.57
16830.0 94.435
16840.0 94.372
16850.0 94.785
16860.0 94.306
16870.0 94.999
16880.0 94.382
16890.0 95.465
16900.0 94.369
16910.0 95.048
16920.0 94.502
16930.0 95.045
16940.0 94.78
16950.0 94.702
16960.0 95.003
16970.0 94.661
16980.0 95.156
16990.0 94.611
17000.0 95.21
17010.0 94.523
17020.0 95.14
17030.0 94.391
17040.0 95.232
17050.0 94.474
17060.0 95.104
17070.0 94.572
17080.0 94.982
17090.0 94.778
17100.0 94.784
17110.0 94.956
17120.0 94.732
17130.0 95.0
17140.0 94.527
17150.0 95.128
17160.0 94.558
17170.0 95.154
17180.0 94.409
17190.0 95.129
17200.0 94.43
17210.0 94.916
17220.0 94.431
17230.0 94.754
17240.0 94.533
17250.0 94.584
17260.0 94.539
17270.0 94.367
17280.0 94.468
17290.0 94.137
17300.0 94.423
17310.0 94.024
17320.0 94.536
17330.0 93.711
17340.0 94.096
17350.0 93.422
17360.0 94.181
17370.0 93.264
17380.0 93.762
17390.0 93.054
17400.0 93.324
17410.0 92.811
17420.0 92.982
17430.0 92.383
17440.0 92.659
17450.0 92.091
17460.0 92.35
17470.0 91.735
17480.0 91.945
17490.0 91.345
17500.0 91.664
17510.0 90.918
17520.0 91.125
17530.0 90.542
17540.0 90.686
17550.0 90.203
17560.0 90.358
17570.0 89.75
17580.0 89.846
17590.0 89.355
17600.0 89.36
17610.0 88.793
17620.0 88.74
17630.0 88.18
17640.0 87.964
17650.0 87.456
17660.0 87.231
17670.0 86.601
17680.0 86.233
17690.0 85.413
17700.0 85.106
17710.0 84.177
17720.0 83.52
17730.0 82.676
17740.0 81.773
17750.0 80.648
17760.0 79.512
17770.0 78.128
17780.0 76.878
17790.0 75.221
17800.0 73.753
17810.0 71.905
17820.0 69.805
17830.0 67.708
17840.0 65.469
17850.0 63.133
17860.0 60.804
17870.0 58.449
17880.0 55.694
17890.0 53.135
17900.0 50.514
17910.0 47.667
17920.0 45.044
17930.0 42.228
17940.0 39.493
17950.0 36.995
17960.0 34.415
17970.0 32.213
17980.0 29.685
17990.0 27.648
18000.0 25.49
18010.0 23.518
18020.0 21.627
18030.0 19.944
18040.0 18.208
18050.0 16.846
18060.0 15.348
18070.0 14.157
18080.0 13.067
18090.0 11.966
18100.0 11.048
18110.0 10.054
18120.0 9.2229
18130.0 8.4464
18140.0 7.9523
18150.0 7.2897
18160.0 6.6755
18170.0 6.1063
18180.0 5.5639
18190.0 5.0554
18200.0 4.718
18210.0 4.2827
18220.0 3.8582
18230.0 3.7087
18240.0 3.3558
18250.0 3.0698
18260.0 2.8302
18270.0 2.6804
18280.0 2.5557
18290.0 2.3581
18300.0 2.1339
18310.0 1.8867
18320.0 1.8091
18330.0 1.8694
18340.0 1.5903
18350.0 1.4968
18360.0 1.449
18370.0 1.2759
18380.0 1.1616
18390.0 1.0433
18400.0 0.9995
18410.0 1.0292
18420.0 0.9889
18430.0 0.8268
18440.0 0.7483
18450.0 0.7963
18460.0 0.8404
18470.0 0.7333
18480.0 0.631
18490.0 0.6155
18500.0 0.5962
18510.0 0.5038
18520.0 0.4815
18530.0 0.4381
18540.0 0.4089
18550.0 0.4315
18560.0 0.4607
18570.0 0.4119
18580.0 0.2454
18590.0 0.2147
18600.0 0.3187
18610.0 0.2705
18620.0 0.2308
18630.0 0.2605
18640.0 0.2144
18650.0 0.2537
18660.0 0.2327
18670.0 0.0
18680.0 0.0609
18690.0 0.3088
18700.0 0.2907
18710.0 0.1935
18720.0 0.1577
18730.0 0.1578
18740.0 0.1518
18750.0 0.1135
18760.0 0.0778
18770.0 0.1753
18780.0 0.2779
18790.0 0.2146
18800.0 0.1036
18810.0 0.1162
18820.0 0.1009
18830.0 0.0113
18840.0 0.086
18850.0 0.1011
18860.0 0.0646
18870.0 0.0677
18880.0 0.1023
18890.0 0.0525
18900.0 0.0283
18910.0 0.0333
18920.0 0.0554
18930.0 0.0654
18940.0 0.0984
18950.0 0.1124
18960.0 0.0607
18970.0 0.0686
18980.0 0.1112
18990.0 0.0826
19000.0 0.1016
19010.0 0.0584
19020.0 0.0575
19030.0 0.0548
19040.0 0.0522
19050.0 0.0487
19060.0 0.048
19070.0 0.0464
19080.0 0.0462
19090.0 0.0442
19100.0 0.0418
19110.0 0.0384
19120.0 0.0385
19130.0 0.0372
19140.0 0.0376
19150.0 0.0358
19160.0 0.0335
19170.0 0.0305
19180.0 0.0308
19190.0 0.0287
19200.0 0.0293
19210.0 0.0279
19220.0 0.0273
19230.0 0.0244
19240.0 0.0247
19250.0 0.0233
19260.0 0.0244
19270.0 0.0226
19280.0 0.0216
19290.0 0.0189
19300.0 0.02
19310.0 0.0193
19320.0 0.0202
19330.0 0.0182
19340.0 0.0179
19350.0 0.0164
19360.0 0.016
19370.0 0.0147
19380.0 0.0167
19390.0 0.0148
19400.0 0.015
19410.0 0.0137
19420.0 0.0132
19430.0 0.012
19440.0 0.014
19450.0 0.0128
19460.0 0.0119
19470.0 0.0101
19480.0 0.0101
19490.0 0.0101
19500.0 0.0108
19510.0 0.0093
19520.0 0.0095
19530.0 0.009
19540.0 0.0085
19550.0 0.009
19560.0 0.0101
19570.0 0.0076
19580.0 0.0077
19590.0 0.0081
19600.0 0.0073
19610.0 0.0069
19620.0 0.0085
19630.0 0.0067
19640.0 0.008
19650.0 0.0072
19660.0 0.0057
19670.0 0.0066
19680.0 0.0067
19690.0 0.0053
19700.0 0.0063
19710.0 0.0042
19720.0 0.0051
19730.0 0.0062
19740.0 0.0053
19750.0 0.0057
19760.0 0.0049
19770.0 0.0046
19780.0 0.0035
19790.0 0.0061
19800.0 0.0037
19810.0 0.0043
19820.0 0.0041
19830.0 0.0037
19840.0 0.0031
19850.0 0.005
19860.0 0.0044
19870.0 0.003
19880.0 0.0035
19890.0 0.0035
19900.0 0.0034
19910.0 0.005
19920.0 0.0037
19930.0 0.0029
19940.0 0.0036
19950.0 0.0024
19960.0 0.002
19970.0 0.0039
19980.0 0.0036
19990.0 0.003
20000.0 0.0033
20010.0 0.0018
20020.0 0.0029
20030.0 0.0037
20040.0 0.0026
20050.0 0.0025
20060.0 0.0029
20070.0 0.0017
20080.0 0.0022
20090.0 0.003
20100.0 0.0018
20110.0 0.0015
20120.0 0.0028
20130.0 0.0016
20140.0 0.0016
20150.0 0.0032
20160.0 0.0029
20170.0 0.0016
20180.0 0.0036
20190.0 0.0011
20200.0 0.0017
20210.0 0.0025
20220.0 0.0016
20230.0 0.0009
20240.0 0.0024
20250.0 0.0014
20260.0 0.0019
20270.0 0.0026
20280.0 0.0023
20290.0 0.0008
20300.0 0.0017
20310.0 0.0005
20320.0 0.0019
20330.0 0.0022
20340.0 0.0018
20350.0 0.0009
20360.0 0.0018
20370.0 0.0008
20380.0 0.0015
20390.0 0.0024
20400.0 0.0017
20410.0 0.0012
20420.0 0.0015
20430.0 0.0006
20440.0 0.0017
20450.0 0.0019
20460.0 0.0012
20470.0 0.0008
20480.0 0.0017
20490.0 0.0007
20500.0 0.0014
20510.0 0.002
20520.0 0.0014
20530.0 0.0006
20540.0 0.0012
20550.0 0.0009
20560.0 0.0011
20570.0 0.0016
20580.0 0.0009
20590.0 0.0004
20600.0 0.0007
20610.0 0.0001
20620.0 0.0004
20630.0 0.0013
20640.0 0.001
20650.0 0.0009
20660.0 0.0005
20670.0 0.0003
20680.0 0.0
20690.0 0.0005
20700.0 0.001
20710.0 0.0009
20720.0 0.0008
20730.0 0.0008
20740.0 0.0003
20750.0 0.0007
20760.0 0.0008
20770.0 0.0005
20780.0 0.0001
20790.0 0.0
20800.0 0.0
20810.0 0.0002
20820.0 0.0001
20830.0 0.0001
20840.0 0.0
20850.0 0.0002
20860.0 0.0001
20870.0 0.0002
20880.0 0.0
20890.0 0.0
20900.0 0.0
20910.0 0.0002
20920.0 0.0001
20930.0 0.0006
20940.0 0.001
20950.0 0.0001
20960.0 0.0
20970.0 0.0
20980.0 0.0
20990.0 0.0
21000.0 0.0
21010.0 0.0
21020.0 0.0004
21030.0 0.0
21040.0 0.0
21050.0 0.0
21060.0 0.0
21070.0 0.0002
21080.0 0.0003
21090.0 0.0003
21100.0 0.0004
21110.0 0.0001
21120.0 0.0
21130.0 0.0002
21140.0 0.0
21150.0 0.0
21160.0 0.0004
21170.0 0.0
21180.0 0.0
21190.0 0.0005
21200.0 0.0
21210.0 0.0
21220.0 0.0
21230.0 0.0
21240.0 0.0
21250.0 0.0
21260.0 0.0
21270.0 0.0004
21280.0 0.0008
21290.0 0.0005
21300.0 0.0
21310.0 0.0001
21320.0 0.0
21330.0 0.0
21340.0 0.0009
21350.0 0.0005
21360.0 0.0
21370.0 0.0001
21380.0 0.0
21390.0 0.0003
21400.0 0.0006
21410.0 0.0
21420.0 0.0
21430.0 0.0009
21440.0 0.0008
21450.0 0.0009
21460.0 0.0014
21470.0 0.0001
21480.0 0.0
21490.0 0.0004
21500.0 0.0001
21510.0 0.0001
21520.0 0.0012
21530.0 0.0
21540.0 0.0
21550.0 0.0001
21560.0 0.0006
21570.0 0.0005
21580.0 0.0015
21590.0 0.0
21600.0 0.0
21610.0 0.0008
21620.0 0.0004
21630.0 0.0
21640.0 0.0008
21650.0 -0.001
21660.0 -0.001
21670.0 0.0
21680.0 0.0
21690.0 0.0
21700.0 0.0009
21710.0 0.0
21720.0 0.0
21730.0 0.0
21740.0 0.0008
21750.0 0.0003
21760.0 0.0014
21770.0 0.0
21780.0 -0.001
21790.0 0.0007
21800.0 0.0
21810.0 0.0
21820.0 0.0018
21830.0 0.0001
21840.0 -0.001
21850.0 0.0003
21860.0 0.0006
21870.0 0.0005
21880.0 0.0017
21890.0 0.0015
21900.0 -0.001
21910.0 0.0
21920.0 0.0
21930.0 0.0008
21940.0 0.0002
21950.0 0.0007
21960.0 -0.002
21970.0 -0.001
21980.0 0.0
21990.0 0.0002
22000.0 0.0026
22010.0 0.0023
22020.0 0.0
22030.0 0.0004
22040.0 0.0007
22050.0 0.0
22060.0 0.001
22070.0 0.0018
22080.0 -0.001
22090.0 -0.001
22100.0 0.0008
22110.0 0.0008
22120.0 0.0018
22130.0 0.001
22140.0 -0.001
22150.0 -0.002
22160.0 0.0002
22170.0 0.0
22180.0 -0.001
22190.0 0.0014
22200.0 -0.001
22210.0 -0.003
22220.0 0.0012
22230.0 0.0002
22240.0 0.0011
22250.0 0.0031
22260.0 0.0002
22270.0 -0.001
22280.0 0.0
22290.0 0.0
22300.0 0.0003
22310.0 0.0023
22320.0 0.0
22330.0 -0.002
22340.0 0.0013
22350.0 0.001
22360.0 0.0031
22370.0 0.0002
22380.0 0.0
22390.0 -0.001
22400.0 0.0
22410.0 0.0015
22420.0 0.0018
22430.0 0.0025
22440.0 -0.001
22450.0 0.0015
22460.0 0.0
22470.0 0.0005
22480.0 0.0004
22490.0 0.0022
22500.0 -0.001
22510.0 -0.001
22520.0 0.0
22530.0 0.0019
22540.0 0.0
22550.0 0.002
22560.0 -0.001
22570.0 0.0
22580.0 0.0
22590.0 0.0
22600.0 0.0006
22610.0 0.0003
22620.0 -0.002
22630.0 -0.002
22640.0 -0.001
22650.0 -0.001
22660.0 0.0015
22670.0 0.0003
22680.0 0.0017
22690.0 -0.001
22700.0 -0.001
22710.0 0.0
22720.0 0.0031
22730.0 0.0
22740.0 0.0013
22750.0 0.0004
22760.0 0.0
22770.0 0.0002
22780.0 0.0032
22790.0 0.0003
22800.0 0.0
22810.0 0.0
22820.0 -0.001
22830.0 0.0
22840.0 0.0022
22850.0 0.0001
22860.0 0.0
22870.0 0.0002
22880.0 -0.001
22890.0 0.0005
22900.0 0.0028
22910.0 -0.001
22920.0 0.0
22930.0 -0.001
22940.0 -0.002
22950.0 0.0001
22960.0 0.0019
22970.0 -0.001
22980.0 0.0011
22990.0 0.0003
23000.0 -0.003
23010.0 0.0
23020.0 0.0021
23030.0 0.0004
23040.0 0.002
23050.0 0.0004
23060.0 -0.001
23070.0 0.0009
23080.0 0.0026
23090.0 0.0003
23100.0 0.0006
23110.0 0.0
23120.0 -0.002
23130.0 0.0016
23140.0 0.0015
23150.0 0.0
23160.0 -0.001
23170.0 -0.001
23180.0 -0.002
23190.0 0.0012
23200.0 0.0017
23210.0 0.0
23220.0 0.0003
23230.0 -0.001
23240.0 -0.003
23250.0 0.0016
23260.0 0.003
23270.0 0.0
23280.0 0.0001
23290.0 0.0009
23300.0 -0.001
23310.0 0.0008
23320.0 0.0025
23330.0 0.0
23340.0 0.0001
23350.0 0.0
23360.0 -0.003
23370.0 0.0004
23380.0 0.002
23390.0 0.0011
23400.0 0.0018
23410.0 0.0022
23420.0 -0.002
23430.0 0.0
23440.0 0.0016
23450.0 -0.001
23460.0 -0.002
23470.0 -0.001
23480.0 -0.003
23490.0 0.0
23500.0 0.0038
23510.0 0.0016
23520.0 0.0009
23530.0 0.0008
23540.0 -0.001
23550.0 0.0013
23560.0 0.0023
23570.0 0.0006
23580.0 0.0015
23590.0 0.0009
23600.0 -0.002
23610.0 0.0
23620.0 0.0008
23630.0 -0.001
23640.0 -0.001
23650.0 0.0003
23660.0 -0.001
23670.0 0.0002
23680.0 0.0019
23690.0 0.0
23700.0 0.0
23710.0 0.0016
23720.0 0.0
23730.0 0.0
23740.0 0.0001
23750.0 0.0
23760.0 0.0008
23770.0 0.0015
23780.0 -0.001
23790.0 0.0001
23800.0 0.0023
23810.0 0.0013
23820.0 0.0003
23830.0 0.0
23840.0 -0.002
23850.0 0.0
23860.0 0.0021
23870.0 0.0005
23880.0 -0.001
23890.0 0.0
23900.0 0.0
23910.0 -0.001
23920.0 -0.001
23930.0 0.0001
23940.0 0.0011
23950.0 0.0017
23960.0 0.0009
23970.0 0.0006
23980.0 0.0005
23990.0 0.0007
24000.0 0.0013
24010.0 0.0014
24020.0 0.0008
24030.0 0.0013
24040.0 0.0018
24050.0 0.0022
24060.0 0.0028
24070.0 0.0012
24080.0 -0.001
24090.0 0.0
24100.0 0.0
24110.0 -0.001
24120.0 0.0015
24130.0 0.0
24140.0 0.0003
24150.0 0.0013
24160.0 0.0002
24170.0 0.0006
24180.0 0.0037
24190.0 0.0003
24200.0 0.0003
24210.0 0.0
24220.0 0.0
24230.0 0.0007
24240.0 0.0037
24250.0 0.0
24260.0 0.0
24270.0 -0.001
24280.0 -0.001
24290.0 0.0005
24300.0 0.0028
24310.0 -0.001
24320.0 0.0019
24330.0 0.0028
24340.0 0.0
24350.0 0.0
24360.0 0.0023
24370.0 -0.001
24380.0 0.0006
24390.0 0.0006
24400.0 0.0
24410.0 0.0001
24420.0 0.0021
24430.0 -0.001
24440.0 0.0003
24450.0 0.0025
24460.0 0.0001
24470.0 0.0008
24480.0 0.0049
24490.0 0.0013
24500.0 0.0014
24510.0 0.0018
24520.0 -0.002
24530.0 -0.003
24540.0 0.0018
24550.0 0.0003
24560.0 0.0
24570.0 0.0035
24580.0 -0.001
24590.0 0.0
24600.0 0.002
24610.0 0.0004
24620.0 -0.002
24630.0 0.0017
24640.0 -0.002
24650.0 -0.002
24660.0 0.0015
24670.0 0.0
24680.0 -0.004
24690.0 0.0033
24700.0 -0.001
24710.0 -0.005
24720.0 0.0
24730.0 0.0
24740.0 -0.004
24750.0 0.0033
24760.0 -0.002
24770.0 -0.003
24780.0 -0.001
24790.0 0.0029
24800.0 0.0009
24810.0 0.0053
24820.0 0.0025
24830.0 -0.003
24840.0 0.0056
24850.0 0.0067
24860.0 0.0065
24870.0 0.0088
24880.0 0.0033
24890.0 0.0006
24900.0 -0.004
24910.0 0.0011
24920.0 -0.001
24930.0 0.0001
24940.0 0.0014
24950.0 -0.003
24960.0 0.0
24970.0 0.0
24980.0 0.0
24990.0 0.0008
25000.0 0.0006
25031.300000000003 0.0236
25062.7 0.0115
25094.1 -0.0134
25125.6 0.0156
25157.199999999997 0.0033
25188.899999999998 -0.005
25220.7 0.0354
25252.5 0.0121
25284.5 -0.0051
25316.5 0.0093
25348.5 -0.0033
25380.7 0.0091
25413.0 -0.0195
25445.300000000003 0.0268
25477.7 0.0023
25510.2 0.0008
25542.800000000003 0.0102
25575.4 -0.0039
25608.2 0.0293
25641.0 -0.0107
25673.899999999998 0.0343
25706.9 -0.0015
25740.0 0.006
25773.2 0.0
25806.5 -0.001
25839.8 -0.0176
25873.2 0.0103
25906.7 0.0068
25940.300000000003 -0.0132
25974.0 0.0009
26007.800000000003 0.0076
26041.7 0.0243
26075.6 -0.0159
26109.699999999997 0.0011
26143.800000000003 0.0237
26178.0 0.056
26212.3 -0.0374
26246.7 0.0054
26281.199999999997 -0.0009
26315.8 0.026
26350.5 0.0154
26385.2 0.0071
26420.100000000002 -0.0048
26455.0 -0.0323
26490.100000000002 0.0111
26525.2 0.0085
26560.4 0.0121
26595.7 -0.0007
26631.199999999997 0.0091
26666.7 -0.012
26702.3 -0.0035
26738.0 0.0153
26773.800000000003 -0.0307
26809.699999999997 0.01
26845.6 0.0361
26881.7 -0.04
26917.9 0.0245
26954.2 0.0022
26990.6 0.0049
27027.0 -0.0171
27063.600000000002 0.0107
27100.300000000003 0.0172
27137.0 -0.0071
27173.899999999998 0.0143
27210.9 0.0328
27248.0 -0.0021
27285.100000000002 0.0236
27322.399999999998 0.0091
27359.8 -0.0049
27397.3 0.014
27434.8 0.0059
27472.5 0.0347
27510.300000000003 0.0129
27548.2 -0.043
27586.199999999997 0.0142
27624.3 0.0298
27662.5 -0.0001
27700.8 0.0036
27739.3 0.0139
27777.800000000003 -0.0019
27816.399999999998 0.0019
27855.2 -0.0086
27894.0 0.0384
27933.0 -0.0112
27972.0 0.0134
28011.199999999997 -0.022
28050.5 0.0191
28089.899999999998 0.0017
28129.4 0.0453
28169.0 -0.0058
28208.699999999997 -0.0087
28248.600000000002 0.0063
28288.5 0.0071
28328.600000000002 0.0286
28368.800000000003 -0.0153
28409.1 -0.0153
28449.5 0.0076
28490.0 0.01
28530.7 0.0006
28571.399999999998 -0.002
28612.3 0.0134
28653.3 0.0507
28694.4 -0.0123
28735.6 0.0249
28777.0 0.0013
28818.4 0.0167
28860.0 0.0261
28901.7 0.0107
28943.600000000002 0.0347
28985.5 0.0019
29027.600000000002 -0.0046
29069.8 0.0156
29112.1 0.0123
29154.5 -0.0171
29197.1 0.0276
29239.8 0.0061
29282.600000000002 0.0002
29325.5 0.019
29368.600000000002 0.0036
29411.8 0.0354
29455.100000000002 -0.0008
29498.5 0.0115
29542.1 0.0129
29585.8 -0.012
29629.6 0.0007
29673.600000000002 -0.0017
29717.7 0.0081
29761.9 -0.0191
29806.300000000003 0.0301
29850.7 0.021
29895.4 0.0365
29940.100000000002 0.0067
29985.0 0.021
30030.0 -0.0016
30075.2 0.003
30120.5 0.0262
30165.9 0.0232
30211.5 0.0229
30257.199999999997 0.0347
30303.0 0.0365
30349.0 0.0205
30395.100000000002 -0.0165
30441.399999999998 0.0196
30487.800000000003 0.0259
30534.4 0.0126
30581.0 -0.002
30627.9 0.0166
30674.8 0.0245
30722.0 0.0221
30769.2 0.0286
30816.6 0.0096
30864.2 0.0394
30911.9 -0.0043
30959.8 0.0187
31007.800000000003 0.0053
31055.9 0.0126
31104.2 -0.0147
31152.600000000002 0.0228
31201.199999999997 0.0417
31250.0 0.0093
31298.899999999998 0.0249
31348.0 0.0122
31397.199999999997 0.0545
31446.5 0.0176
31496.100000000002 -0.0005
31545.7 0.0204
31595.6 0.0222
31645.6 -0.0107
31695.7 0.0309
31746.0 0.0083
31796.5 0.009
31847.1 0.0252
31897.9 -0.0033
31948.899999999998 0.0046
32000.0 0.0056
