#VISTA_Y
#photon
# http://www.eso.org/sci/facilities/paranal/instruments/vircam/inst.html
5000.0 0.0006
5010.0 0.0
5020.0 0.0012
5030.0 0.0
5040.0 0.0017
5050.0 0.0
5060.0 0.0014
5070.0 0.0
5080.0 0.0006
5090.0 -0.001
5100.0 0.0
5110.0 0.0
5120.0 0.0002
5130.0 0.0
5140.0 -0.001
5150.0 0.0005
5160.0 -0.001
5170.0 0.0
5180.0 -0.002
5190.0 0.0011
5200.0 -0.001
5210.0 0.0009
5220.0 -0.001
5230.0 0.0009
5240.0 -0.001
5250.0 0.002
5260.0 0.0
5270.0 0.0006
5280.0 0.0
5290.0 0.0002
5300.0 -0.001
5310.0 -0.001
5320.0 0.0005
5330.0 0.0
5340.0 0.0015
5350.0 -0.002
5360.0 0.0013
5370.0 -0.002
5380.0 0.0015
5390.0 -0.002
5400.0 0.0019
5410.0 -0.002
5420.0 0.0016
5430.0 -0.002
5440.0 0.0012
5450.0 -0.002
5460.0 0.0018
5470.0 0.0
5480.0 0.0011
5490.0 0.0016
5500.0 0.0004
5510.0 0.0025
5520.0 0.0
5530.0 0.0022
5540.0 -0.002
5550.0 0.0011
5560.0 -0.004
5570.0 0.0014
5580.0 -0.004
5590.0 0.0013
5600.0 -0.001
5610.0 0.0044
5620.0 0.0007
5630.0 0.0011
5640.0 0.0004
5650.0 0.0025
5660.0 -0.001
5670.0 0.0009
5680.0 -0.001
5690.0 0.0011
5700.0 -0.004
5710.0 0.0019
5720.0 -0.002
5730.0 0.0022
5740.0 -0.002
5750.0 0.0009
5760.0 -0.002
5770.0 0.0
5780.0 0.0
5790.0 0.0007
5800.0 0.0014
5810.0 0.0009
5820.0 0.0025
5830.0 0.0001
5840.0 0.0011
5850.0 -0.001
5860.0 0.0013
5870.0 -0.001
5880.0 0.0012
5890.0 -0.002
5900.0 0.0013
5910.0 -0.001
5920.0 0.0013
5930.0 -0.001
5940.0 0.0009
5950.0 -0.001
5960.0 0.0006
5970.0 0.0
5980.0 0.0007
5990.0 0.0002
6000.0 0.0
6010.0 0.0005
6020.0 0.0007
6030.0 0.0016
6040.0 0.0
6050.0 0.001
6060.0 0.0
6070.0 0.0006
6080.0 0.0
6090.0 0.0008
6100.0 -0.001
6110.0 0.0
6120.0 0.0
6130.0 0.0004
6140.0 0.0
6150.0 0.0003
6160.0 0.0
6170.0 0.0005
6180.0 0.0
6190.0 0.0
6200.0 0.001
6210.0 0.0
6220.0 0.0
6230.0 0.0
6240.0 0.0
6250.0 -0.001
6260.0 0.0008
6270.0 -0.001
6280.0 0.0
6290.0 -0.002
6300.0 0.0
6310.0 0.0
6320.0 0.0
6330.0 0.0
6340.0 0.0
6350.0 0.0
6360.0 -0.001
6370.0 0.0
6380.0 0.0004
6390.0 0.0005
6400.0 0.0
6410.0 0.0001
6420.0 0.0
6430.0 0.0004
6440.0 0.0
6450.0 0.0
6460.0 0.0
6470.0 0.0
6480.0 0.0
6490.0 0.0
6500.0 0.0
6510.0 0.0003
6520.0 0.0
6530.0 0.0
6540.0 0.0
6550.0 0.0015
6560.0 0.0028
6570.0 0.0014
6580.0 0.0011
6590.0 0.0011
6600.0 0.0
6610.0 0.0
6620.0 0.0008
6630.0 0.0015
6640.0 0.0018
6650.0 0.0031
6660.0 0.002
6670.0 0.0016
6680.0 0.0022
6690.0 0.0027
6700.0 0.0037
6710.0 0.0038
6720.0 0.0032
6730.0 0.0043
6740.0 0.0055
6750.0 0.0065
6760.0 0.0079
6770.0 0.0083
6780.0 0.0088
6790.0 0.0091
6800.0 0.0101
6810.0 0.0101
6820.0 0.0098
6830.0 0.0098
6840.0 0.0121
6850.0 0.0125
6860.0 0.0126
6870.0 0.0135
6880.0 0.0169
6890.0 0.0183
6900.0 0.0154
6910.0 0.0162
6920.0 0.0162
6930.0 0.0165
6940.0 0.0178
6950.0 0.018
6960.0 0.0179
6970.0 0.0181
6980.0 0.0184
6990.0 0.0182
7000.0 0.0175
7010.0 0.0163
7020.0 0.0159
7030.0 0.0135
7040.0 0.0126
7050.0 0.0103
7060.0 0.0105
7070.0 0.0081
7080.0 0.0066
7090.0 0.004
7100.0 0.0045
7110.0 0.0026
7120.0 0.0029
7130.0 0.0023
7140.0 0.0026
7150.0 0.0003
7160.0 0.0
7170.0 0.0009
7180.0 0.0
7190.0 0.0
7200.0 0.0
7210.0 0.0006
7220.0 0.0
7230.0 0.0008
7240.0 0.0
7250.0 0.001
7260.0 -0.001
7270.0 0.0022
7280.0 0.0003
7290.0 0.0016
7300.0 0.0
7310.0 0.0016
7320.0 0.0
7330.0 0.0
7340.0 0.0
7350.0 0.0
7360.0 -0.001
7370.0 -0.002
7380.0 0.0
7390.0 -0.001
7400.0 0.0012
7410.0 -0.002
7420.0 0.0008
7430.0 0.0
7440.0 0.003
7450.0 -0.002
7460.0 0.0022
7470.0 0.0
7480.0 0.0036
7490.0 0.0014
7500.0 0.0036
7510.0 0.0019
7520.0 0.0018
7530.0 0.0
7540.0 0.0
7550.0 -0.001
7560.0 -0.004
7570.0 -0.001
7580.0 -0.004
7590.0 0.0012
7600.0 -0.001
7610.0 0.0014
7620.0 -0.001
7630.0 0.0024
7640.0 -0.001
7650.0 0.0042
7660.0 0.0
7670.0 0.0036
7680.0 0.0008
7690.0 0.0037
7700.0 0.0
7710.0 0.0005
7720.0 -0.001
7730.0 -0.002
7740.0 -0.001
7750.0 -0.002
7760.0 -0.001
7770.0 -0.003
7780.0 0.0024
7790.0 -0.003
7800.0 0.0
7810.0 -0.004
7820.0 0.0015
7830.0 -0.002
7840.0 0.0026
7850.0 0.0
7860.0 0.0045
7870.0 -0.002
7880.0 0.0025
7890.0 0.0006
7900.0 -0.001
7910.0 0.0
7920.0 0.0
7930.0 0.0007
7940.0 -0.004
7950.0 0.0003
7960.0 -0.002
7970.0 0.0009
7980.0 -0.005
7990.0 0.0012
8000.0 -0.004
8010.0 0.0037
8020.0 -0.002
8030.0 0.0051
8040.0 0.0004
8050.0 0.0099
8060.0 0.0099
8070.0 0.0205
8080.0 0.0234
8090.0 0.0332
8100.0 -0.003
8110.0 0.0015
8120.0 -0.005
8130.0 0.0005
8140.0 -0.001
8150.0 0.0041
8160.0 -0.001
8170.0 0.0057
8180.0 -0.003
8190.0 0.0
8200.0 -0.002
8210.0 -0.001
8220.0 -0.001
8230.0 -0.002
8240.0 -0.001
8250.0 -0.004
8260.0 0.0
8270.0 -0.005
8280.0 -0.001
8290.0 -0.005
8300.0 0.0
8310.0 -0.005
8320.0 -0.001
8330.0 -0.005
8340.0 -0.001
8350.0 -0.003
8360.0 0.0012
8370.0 -0.004
8380.0 -0.006
8390.0 -0.006
8400.0 -0.005
8410.0 -0.008
8420.0 -0.009
8430.0 -0.008
8440.0 -0.01
8450.0 -0.008
8460.0 -0.011
8470.0 -0.01
8480.0 -0.011
8490.0 -0.01
8500.0 -0.011
8510.0 -0.008
8520.0 -0.01
8530.0 -0.006
8540.0 -0.008
8550.0 0.0021
8560.0 0.0295
8570.0 0.0574
8580.0 0.1178
8590.0 0.1735
8600.0 0.1868
8610.0 0.0061
8620.0 0.0087
8630.0 0.0095
8640.0 0.007
8650.0 0.0025
8660.0 0.0057
8670.0 0.0078
8680.0 0.0097
8690.0 0.0089
8700.0 0.0068
8710.0 0.0034
8720.0 0.0091
8730.0 0.0099
8740.0 0.0115
8750.0 0.0109
8760.0 0.0101
8770.0 0.008
8780.0 0.0101
8790.0 0.011
8800.0 0.013
8810.0 0.0127
8820.0 0.0124
8830.0 0.0112
8840.0 0.0129
8850.0 0.0144
8860.0 0.0159
8870.0 0.0153
8880.0 0.0154
8890.0 0.0139
8900.0 0.016
8910.0 0.0173
8920.0 0.0199
8930.0 0.0207
8940.0 0.0211
8950.0 0.0207
8960.0 0.0232
8970.0 0.025
8980.0 0.0277
8990.0 0.0283
9000.0 -0.079
9010.0 -0.105
9020.0 0.0724
9030.0 -0.059
9040.0 0.092
9050.0 0.3206
9060.0 0.1804
9070.0 0.1137
9080.0 0.0395
9090.0 0.1228
9100.0 0.0842
9110.0 0.0633
9120.0 -0.047
9130.0 0.1092
9140.0 -0.086
9150.0 0.056
9160.0 0.0414
9170.0 0.0382
9180.0 0.0963
9190.0 -0.025
9200.0 0.3623
9210.0 0.1825
9220.0 0.1632
9230.0 0.2501
9240.0 0.2135
9250.0 0.0092
9260.0 0.1731
9270.0 0.1331
9280.0 0.1119
9290.0 0.2347
9300.0 0.2543
9310.0 0.1534
9320.0 0.3433
9330.0 0.1793
9340.0 0.504
9350.0 0.5454
9360.0 0.522
9370.0 0.4429
9380.0 0.6579
9390.0 0.4046
9400.0 0.5956
9410.0 0.6114
9420.0 0.7778
9430.0 0.8501
9440.0 0.9479
9450.0 1.0633
9460.0 1.3903
9470.0 1.2411
9480.0 1.4822
9490.0 1.4993
9500.0 1.699
9510.0 1.8068
9520.0 2.4542
9530.0 2.394
9540.0 2.6514
9550.0 3.0159
9560.0 3.3365
9570.0 3.791
9580.0 4.616
9590.0 5.183
9600.0 5.9065
9610.0 6.7982
9620.0 7.6655
9630.0 9.0057
9640.0 10.415
9650.0 11.992
9660.0 13.903
9670.0 16.107
9680.0 18.735
9690.0 21.951
9700.0 25.348
9710.0 28.919
9720.0 33.056
9730.0 37.474
9740.0 41.84
9750.0 46.618
9760.0 51.209
9770.0 55.529
9780.0 59.393
9790.0 62.669
9800.0 65.518
9810.0 68.131
9820.0 69.928
9830.0 71.33
9840.0 72.009
9850.0 72.378
9860.0 72.553
9870.0 72.446
9880.0 72.197
9890.0 72.111
9900.0 71.924
9910.0 71.786
9920.0 71.845
9930.0 71.976
9940.0 72.153
9950.0 72.304
9960.0 72.545
9970.0 73.026
9980.0 73.451
9990.0 73.776
10000.0 74.204
10010.0 74.911
10020.0 75.535
10030.0 76.152
10040.0 76.754
10050.0 77.38
10060.0 78.134
10070.0 78.624
10080.0 79.086
10090.0 79.484
10100.0 79.764
10110.0 80.03
10120.0 80.167
10130.0 80.283
10140.0 80.341
10150.0 80.394
10160.0 80.543
10170.0 80.637
10180.0 80.607
10190.0 80.341
10200.0 80.199
10210.0 79.944
10220.0 79.665
10230.0 79.27
10240.0 78.951
10250.0 78.553
10260.0 78.094
10270.0 77.687
10280.0 77.335
10290.0 76.93
10300.0 76.762
10310.0 76.592
10320.0 76.367
10330.0 76.192
10340.0 75.967
10350.0 75.818
10360.0 75.826
10370.0 75.859
10380.0 75.941
10390.0 76.078
10400.0 76.559
10410.0 77.051
10420.0 77.57
10430.0 78.2
10440.0 78.905
10450.0 79.733
10460.0 80.562
10470.0 81.303
10480.0 81.984
10490.0 82.416
10500.0 82.704
10510.0 82.885
10520.0 82.521
10530.0 81.741
10540.0 80.886
10550.0 79.405
10560.0 77.311
10570.0 75.1
10580.0 72.599
10590.0 69.423
10600.0 66.041
10610.0 62.522
10620.0 58.607
10630.0 54.837
10640.0 51.125
10650.0 47.387
10660.0 43.575
10670.0 39.91
10680.0 36.814
10690.0 33.582
10700.0 30.257
10710.0 27.368
10720.0 24.569
10730.0 22.096
10740.0 19.808
10750.0 17.546
10760.0 15.452
10770.0 13.431
10780.0 11.75
10790.0 10.249
10800.0 8.7835
10810.0 7.5915
10820.0 6.5734
10830.0 5.5799
10840.0 4.7431
10850.0 4.1356
10860.0 3.5681
10870.0 3.0274
10880.0 2.6218
10890.0 2.2439
10900.0 1.9733
10910.0 1.7299
10920.0 1.4714
10930.0 1.3612
10940.0 1.2701
10950.0 1.0582
10960.0 0.874
10970.0 0.8494
10980.0 0.8181
10990.0 0.8035
11000.0 0.6829
11010.0 0.4136
11020.0 0.3744
11030.0 0.455
11040.0 0.3854
11050.0 0.3858
11060.0 0.4517
11070.0 0.3222
11080.0 0.191
11090.0 0.2518
11100.0 0.3342
11110.0 0.1862
11120.0 0.4111
11130.0 0.4267
11140.0 0.4322
11150.0 0.5058
11160.0 0.4206
11170.0 0.3296
11180.0 0.2322
11190.0 0.2869
11200.0 0.2853
11210.0 0.2182
11220.0 0.14
11230.0 0.0665
11240.0 0.152
11250.0 0.1341
11260.0 0.0511
11270.0 0.2197
11280.0 0.2795
11290.0 0.2119
11300.0 0.019
11310.0 0.0378
11320.0 0.0874
11330.0 0.1951
11340.0 0.0615
11350.0 0.0653
11360.0 0.1062
11370.0 0.0987
11380.0 0.1793
11390.0 0.1742
11400.0 0.0168
11410.0 -0.014
11420.0 0.0457
11430.0 0.0627
11440.0 0.0009
11450.0 -0.093
11460.0 0.0048
11470.0 0.0879
11480.0 0.0169
11490.0 0.102
11500.0 0.1495
11510.0 -0.008
11520.0 -0.012
11530.0 -0.086
11540.0 0.1616
11550.0 0.1169
11560.0 0.0202
11570.0 0.0161
11580.0 -0.068
11590.0 -0.198
11600.0 -0.157
11610.0 0.0032
11620.0 -0.018
11630.0 -0.124
11640.0 0.0161
11650.0 0.1447
11660.0 0.2613
11670.0 0.1362
11680.0 -0.018
11690.0 0.0073
11700.0 -0.068
11710.0 0.0833
11720.0 0.0926
11730.0 0.2419
11740.0 -0.006
11750.0 -0.09
11760.0 -0.053
11770.0 0.151
11780.0 0.1922
11790.0 0.1288
11800.0 0.0721
11810.0 0.0987
11820.0 0.0923
11830.0 0.1783
11840.0 0.0054
11850.0 -0.127
11860.0 -0.113
11870.0 -0.057
11880.0 -0.043
11890.0 -0.029
11900.0 -0.206
11910.0 -0.228
11920.0 -0.121
11930.0 0.0164
11940.0 0.1343
11950.0 0.0057
11960.0 0.0525
11970.0 -0.02
11980.0 0.0487
11990.0 -0.021
12000.0 0.0482
12010.0 0.0002
12020.0 0.0
12030.0 0.0
12040.0 0.0002
12050.0 0.0003
12060.0 0.0004
12070.0 0.0
12080.0 0.0
12090.0 0.0001
12100.0 0.0
12110.0 0.0002
12120.0 0.0004
12130.0 0.0
12140.0 0.0
12150.0 0.0001
12160.0 0.0
12170.0 0.0003
12180.0 0.0003
12190.0 0.0
12200.0 0.0
12210.0 0.0001
12220.0 0.0001
12230.0 0.0004
12240.0 0.0003
12250.0 0.0
12260.0 0.0
12270.0 0.0002
12280.0 0.0
12290.0 0.0004
12300.0 0.0003
12310.0 0.0
12320.0 0.0
12330.0 0.0002
12340.0 0.0
12350.0 0.0006
12360.0 0.0003
12370.0 0.0
12380.0 0.0002
12390.0 0.0002
12400.0 0.0
12410.0 0.0
12420.0 0.0
12430.0 0.0
12440.0 0.0001
12450.0 0.0
12460.0 0.0006
12470.0 0.0004
12480.0 0.0
12490.0 0.0
12500.0 0.0001
12510.0 0.0
12520.0 0.0008
12530.0 0.0004
12540.0 0.0
12550.0 0.0001
12560.0 0.0001
12570.0 0.0
12580.0 0.0
12590.0 0.0
12600.0 0.0
12610.0 0.0002
12620.0 0.0
12630.0 0.0006
12640.0 0.0004
12650.0 0.0
12660.0 0.0002
12670.0 0.0001
12680.0 0.0
12690.0 0.0003
12700.0 0.0
12710.0 0.0
12720.0 0.0003
12730.0 0.0
12740.0 0.0006
12750.0 0.0002
12760.0 0.0
12770.0 0.0
12780.0 0.0004
12790.0 0.0
12800.0 0.0003
12810.0 0.0
12820.0 0.0
12830.0 0.0003
12840.0 0.0
12850.0 0.0006
12860.0 0.0004
12870.0 0.0
12880.0 0.0
12890.0 0.0004
12900.0 0.0
12910.0 0.0
12920.0 0.0
12930.0 0.0
12940.0 0.0003
12950.0 0.0
12960.0 0.0007
12970.0 0.0
12980.0 0.0
12990.0 0.0003
13000.0 0.0004
13010.0 0.0003
13020.0 0.0002
13030.0 0.0
13040.0 0.0
13050.0 0.0003
13060.0 0.0
13070.0 0.0007
13080.0 0.0001
13090.0 0.0
13100.0 0.0004
13110.0 0.0004
13120.0 0.0006
13130.0 0.0003
13140.0 0.0
13150.0 0.0
13160.0 0.0002
13170.0 0.0
13180.0 0.0006
13190.0 0.0001
13200.0 0.0
13210.0 0.001
13220.0 0.0006
13230.0 0.0006
13240.0 0.0002
13250.0 0.0
13260.0 0.0001
13270.0 0.0001
13280.0 0.0004
13290.0 0.0009
13300.0 0.0011
13310.0 0.0012
13320.0 0.0019
13330.0 0.0014
13340.0 0.0012
13350.0 0.001
13360.0 0.001
13370.0 0.0007
13380.0 0.0005
13390.0 0.0007
13400.0 0.0009
13410.0 0.0012
13420.0 0.0006
13430.0 0.0006
13440.0 0.001
13450.0 0.0011
13460.0 0.0012
13470.0 0.0017
13480.0 0.0013
13490.0 0.0013
13500.0 0.002
13510.0 0.0023
13520.0 0.0024
13530.0 0.0032
13540.0 0.0033
13550.0 0.004
13560.0 0.0053
13570.0 0.0065
13580.0 0.0085
13590.0 0.0111
13600.0 0.0131
13610.0 0.0158
13620.0 0.0191
13630.0 0.0221
13640.0 0.0256
13650.0 0.0293
13660.0 0.0318
13670.0 0.0349
13680.0 0.0382
13690.0 0.0412
13700.0 0.0443
13710.0 0.0471
13720.0 0.0486
13730.0 0.05
13740.0 0.0512
13750.0 0.0513
13760.0 0.051
13770.0 0.0506
13780.0 0.0487
13790.0 0.0469
13800.0 0.0451
13810.0 0.0427
13820.0 0.0401
13830.0 0.0376
13840.0 0.034
13850.0 0.0311
13860.0 0.0285
13870.0 0.0255
13880.0 0.023
13890.0 0.0209
13900.0 0.018
13910.0 0.016
13920.0 0.0145
13930.0 0.013
13940.0 0.0121
13950.0 0.0115
13960.0 0.0104
13970.0 0.01
13980.0 0.0099
13990.0 0.0097
14000.0 0.01
14010.0 0.01
14020.0 0.0096
14030.0 0.0098
14040.0 0.0104
14050.0 0.0106
14060.0 0.0111
14070.0 0.0115
14080.0 0.0114
14090.0 0.0121
14100.0 0.013
14110.0 0.0137
14120.0 0.0148
14130.0 0.0157
14140.0 0.0162
14150.0 0.0176
14160.0 0.0192
14170.0 0.0205
14180.0 0.0223
14190.0 0.0238
14200.0 0.025
14210.0 0.027
14220.0 0.029
14230.0 0.0306
14240.0 0.0327
14250.0 0.0344
14260.0 0.0356
14270.0 0.0373
14280.0 0.0388
14290.0 0.0397
14300.0 0.0411
14310.0 0.0418
14320.0 0.042
14330.0 0.0426
14340.0 0.0428
14350.0 0.0426
14360.0 0.0425
14370.0 0.0415
14380.0 0.0402
14390.0 0.0392
14400.0 0.0381
14410.0 0.0364
14420.0 0.0353
14430.0 0.0333
14440.0 0.031
14450.0 0.0295
14460.0 0.028
14470.0 0.0261
14480.0 0.0248
14490.0 0.0227
14500.0 0.0209
14510.0 0.0195
14520.0 0.0182
14530.0 0.017
14540.0 0.0162
14550.0 0.0147
14560.0 0.0135
14570.0 0.0129
14580.0 0.0121
14590.0 0.0116
14600.0 0.0116
14610.0 0.0107
14620.0 0.0097
14630.0 0.0095
14640.0 0.0091
14650.0 0.009
14660.0 0.0091
14670.0 0.0084
14680.0 0.008
14690.0 0.0081
14700.0 0.0076
14710.0 0.0075
14720.0 0.0076
14730.0 0.0072
14740.0 0.0068
14750.0 0.0071
14760.0 0.0067
14770.0 0.007
14780.0 0.0073
14790.0 0.0069
14800.0 0.0065
14810.0 0.0069
14820.0 0.0068
14830.0 0.007
14840.0 0.0072
14850.0 0.0071
14860.0 0.007
14870.0 0.0072
14880.0 0.0071
14890.0 0.0076
14900.0 0.0078
14910.0 0.0075
14920.0 0.0075
14930.0 0.0081
14940.0 0.0076
14950.0 0.0084
14960.0 0.0086
14970.0 0.0086
14980.0 0.0088
14990.0 0.0095
15000.0 0.0093
15010.0 0.0102
15020.0 0.0104
15030.0 0.0105
15040.0 0.0109
15050.0 0.0116
15060.0 0.0115
15070.0 0.0125
15080.0 0.0128
15090.0 0.0129
15100.0 0.0136
15110.0 0.015
15120.0 0.0144
15130.0 0.0155
15140.0 0.0161
15150.0 0.0163
15160.0 0.0167
15170.0 0.0184
15180.0 0.018
15190.0 0.0196
15200.0 0.0197
15210.0 0.0203
15220.0 0.0207
15230.0 0.0217
15240.0 0.0212
15250.0 0.023
15260.0 0.023
15270.0 0.023
15280.0 0.0234
15290.0 0.024
15300.0 0.0238
15310.0 0.0245
15320.0 0.0235
15330.0 0.0236
15340.0 0.0243
15350.0 0.0238
15360.0 0.0239
15370.0 0.0238
15380.0 0.0229
15390.0 0.0225
15400.0 0.0224
15410.0 0.0217
15420.0 0.0216
15430.0 0.0213
15440.0 0.0199
15450.0 0.0197
15460.0 0.0197
15470.0 0.0182
15480.0 0.0182
15490.0 0.0178
15500.0 0.0166
15510.0 0.0161
15520.0 0.016
15530.0 0.0151
15540.0 0.015
15550.0 0.0147
15560.0 0.0137
15570.0 0.0132
15580.0 0.0133
15590.0 0.0122
15600.0 0.0124
15610.0 0.012
15620.0 0.0113
15630.0 0.0109
15640.0 0.011
15650.0 0.0102
15660.0 0.0104
15670.0 0.0102
15680.0 0.0096
15690.0 0.0097
15700.0 0.0096
15710.0 0.009
15720.0 0.0094
15730.0 0.0089
15740.0 0.0086
15750.0 0.0084
15760.0 0.0088
15770.0 0.008
15780.0 0.0084
15790.0 0.008
15800.0 0.0077
15810.0 0.008
15820.0 0.0082
15830.0 0.0077
15840.0 0.0081
15850.0 0.008
15860.0 0.0075
15870.0 0.0077
15880.0 0.008
15890.0 0.0075
15900.0 0.0079
15910.0 0.0078
15920.0 0.0074
15930.0 0.0077
15940.0 0.0079
15950.0 0.0073
15960.0 0.0079
15970.0 0.008
15980.0 0.0077
15990.0 0.0076
16000.0 0.0077
16010.0 0.0076
16020.0 0.0079
16030.0 0.0082
16040.0 0.008
16050.0 0.0081
16060.0 0.0081
16070.0 0.008
16080.0 0.0087
16090.0 0.0084
16100.0 0.0082
16110.0 0.0086
16120.0 0.009
16130.0 0.0086
16140.0 0.0091
16150.0 0.009
16160.0 0.009
16170.0 0.0094
16180.0 0.0096
16190.0 0.0094
16200.0 0.01
16210.0 0.0101
16220.0 0.0102
16230.0 0.0105
16240.0 0.0107
16250.0 0.0105
16260.0 0.011
16270.0 0.0112
16280.0 0.0113
16290.0 0.0119
16300.0 0.0124
16310.0 0.0126
16320.0 0.013
16330.0 0.0131
16340.0 0.0135
16350.0 0.014
16360.0 0.0139
16370.0 0.0143
16380.0 0.0151
16390.0 0.0153
16400.0 0.0156
16410.0 0.0158
16420.0 0.0161
16430.0 0.0166
16440.0 0.0173
16450.0 0.0174
16460.0 0.0178
16470.0 0.0182
16480.0 0.0183
16490.0 0.0188
16500.0 0.0193
16510.0 0.0194
16520.0 0.0198
16530.0 0.02
16540.0 0.0201
16550.0 0.0206
16560.0 0.0208
16570.0 0.0206
16580.0 0.0208
16590.0 0.0208
16600.0 0.0209
16610.0 0.0209
16620.0 0.0207
16630.0 0.0204
16640.0 0.0202
16650.0 0.0198
16660.0 0.0193
16670.0 0.0187
16680.0 0.0184
16690.0 0.0174
16700.0 0.0169
16710.0 0.0173
16720.0 0.0173
16730.0 0.0162
16740.0 0.0156
16750.0 0.0145
16760.0 0.0133
16770.0 0.0138
16780.0 0.0136
16790.0 0.0122
16800.0 0.0112
16810.0 0.0103
16820.0 0.0096
16830.0 0.0106
16840.0 0.0104
16850.0 0.0087
16860.0 0.0077
16870.0 0.0064
16880.0 0.0052
16890.0 0.0067
16900.0 0.0069
16910.0 0.0053
16920.0 0.0049
16930.0 0.0039
16940.0 0.0031
16950.0 0.0047
16960.0 0.0046
16970.0 0.003
16980.0 0.0027
16990.0 0.0022
17000.0 0.0017
17010.0 0.0035
17020.0 0.0034
17030.0 0.0016
17040.0 0.0017
17050.0 0.0013
17060.0 0.0008
17070.0 0.0023
17080.0 0.002
17090.0 0.0011
17100.0 0.0014
17110.0 0.0003
17120.0 0.0
17130.0 0.0015
17140.0 0.002
17150.0 0.0009
17160.0 0.0013
17170.0 0.0003
17180.0 0.0
17190.0 0.0016
17200.0 0.0019
17210.0 0.0008
17220.0 0.0009
17230.0 0.0
17240.0 0.0
17250.0 0.002
17260.0 0.002
17270.0 0.0005
17280.0 0.0008
17290.0 0.0
17300.0 -0.001
17310.0 0.0012
17320.0 0.0018
17330.0 0.0009
17340.0 0.0006
17350.0 0.0001
17360.0 0.0002
17370.0 0.002
17380.0 0.0011
17390.0 0.0007
17400.0 0.0
17410.0 -0.001
17420.0 0.0
17430.0 0.0014
17440.0 0.0007
17450.0 0.0002
17460.0 0.0004
17470.0 0.0
17480.0 0.0
17490.0 0.0018
17500.0 0.0005
17510.0 0.0001
17520.0 0.0001
17530.0 -0.001
17540.0 0.0005
17550.0 0.0016
17560.0 0.0005
17570.0 0.0004
17580.0 0.0003
17590.0 0.0
17600.0 0.0
17610.0 0.0018
17620.0 0.0
17630.0 0.0008
17640.0 0.0006
17650.0 0.0
17660.0 0.0003
17670.0 0.0013
17680.0 0.0002
17690.0 0.0
17700.0 0.0
17710.0 -0.001
17720.0 0.0006
17730.0 0.0004
17740.0 0.0
17750.0 0.0006
17760.0 0.0
17770.0 0.0
17780.0 0.0017
17790.0 0.0009
17800.0 0.0014
17810.0 0.0
17820.0 -0.001
17830.0 0.0
17840.0 0.0017
17850.0 0.0004
17860.0 0.0004
17870.0 0.0
17880.0 -0.001
17890.0 0.0
17900.0 0.0016
17910.0 0.0
17920.0 0.0001
17930.0 0.0
17940.0 -0.001
17950.0 0.0001
17960.0 0.0014
17970.0 0.0001
17980.0 0.0003
17990.0 0.0001
18000.0 -0.001
18010.0 0.0005
18020.0 0.0015
18030.0 0.0005
18040.0 0.0001
18050.0 0.0
18060.0 -0.001
18070.0 0.0005
18080.0 0.0016
18090.0 0.0
18100.0 0.0
18110.0 0.0
18120.0 -0.001
18130.0 0.0003
18140.0 0.0009
18150.0 0.0002
18160.0 0.0002
18170.0 0.0003
18180.0 0.0
18190.0 0.0001
18200.0 0.001
18210.0 0.0001
18220.0 0.0005
18230.0 0.0
18240.0 -0.001
18250.0 0.0002
18260.0 0.001
18270.0 0.0
18280.0 0.0001
18290.0 0.0
18300.0 -0.001
18310.0 0.0009
18320.0 0.0016
18330.0 0.0001
18340.0 0.0004
18350.0 0.0
18360.0 -0.001
18370.0 0.0007
18380.0 0.0013
18390.0 0.0
18400.0 0.0003
18410.0 0.0
18420.0 -0.001
18430.0 0.001
18440.0 0.0008
18450.0 0.0
18460.0 0.0
18470.0 0.0
18480.0 0.0
18490.0 0.0013
18500.0 0.0016
18510.0 0.0002
18520.0 0.0
18530.0 -0.001
18540.0 -0.001
18550.0 0.0001
18560.0 0.0017
18570.0 0.0002
18580.0 0.0
18590.0 0.0
18600.0 -0.001
18610.0 0.0006
18620.0 0.0018
18630.0 0.0001
18640.0 0.0
18650.0 -0.001
18660.0 0.0
18670.0 0.0007
18680.0 0.0019
18690.0 0.0007
18700.0 0.0002
18710.0 -0.001
18720.0 -0.001
18730.0 0.0002
18740.0 0.0011
18750.0 0.0
18760.0 0.0
18770.0 -0.001
18780.0 -0.001
18790.0 0.0001
18800.0 0.0014
18810.0 0.0003
18820.0 0.0
18830.0 -0.001
18840.0 -0.001
18850.0 0.0004
18860.0 0.0016
18870.0 0.0002
18880.0 0.0
18890.0 0.0
18900.0 -0.001
18910.0 0.0004
18920.0 0.002
18930.0 0.0007
18940.0 0.0
18950.0 0.0
18960.0 -0.001
18970.0 0.0008
18980.0 0.0016
18990.0 0.0
19000.0 0.0
19010.0 0.0
19020.0 -0.001
19030.0 0.0002
19040.0 0.0022
19050.0 0.0014
19060.0 0.0009
19070.0 0.0
19080.0 -0.001
19090.0 0.0
19100.0 0.0022
19110.0 0.0012
19120.0 0.0001
19130.0 0.0
19140.0 -0.002
19150.0 0.0
19160.0 0.002
19170.0 0.0002
19180.0 0.0
19190.0 0.0
19200.0 -0.001
19210.0 0.0011
19220.0 0.0023
19230.0 0.0012
19240.0 0.0003
19250.0 0.0
19260.0 -0.001
19270.0 0.001
19280.0 0.0029
19290.0 0.0014
19300.0 0.0003
19310.0 -0.001
19320.0 -0.001
19330.0 0.0018
19340.0 0.0017
19350.0 0.0
19360.0 -0.001
19370.0 -0.002
19380.0 -0.001
19390.0 0.0018
19400.0 0.0018
19410.0 0.0006
19420.0 -0.001
19430.0 -0.002
19440.0 -0.001
19450.0 0.0022
19460.0 0.0021
19470.0 0.0006
19480.0 0.0
19490.0 -0.001
19500.0 -0.001
19510.0 0.0019
19520.0 0.0019
19530.0 0.0004
19540.0 -0.001
19550.0 -0.001
19560.0 -0.001
19570.0 0.0021
19580.0 0.0013
19590.0 0.0009
19600.0 -0.001
19610.0 -0.001
19620.0 -0.001
19630.0 0.0008
19640.0 0.001
19650.0 0.0
19660.0 -0.002
19670.0 -0.001
19680.0 0.0
19690.0 0.0016
19700.0 0.0
19710.0 0.0001
19720.0 0.0
19730.0 0.0
19740.0 0.0
19750.0 0.0015
19760.0 0.0
19770.0 0.0
19780.0 -0.001
19790.0 -0.001
19800.0 0.0
19810.0 0.0014
19820.0 0.0
19830.0 0.0005
19840.0 0.0
19850.0 -0.001
19860.0 0.0003
19870.0 0.0023
19880.0 0.0003
19890.0 0.0
19900.0 0.0
19910.0 -0.001
19920.0 0.0
19930.0 0.0016
19940.0 0.0002
19950.0 0.0003
19960.0 0.0
19970.0 -0.001
19980.0 0.0013
19990.0 0.001
20000.0 0.0
20010.0 0.0004
20020.0 0.0
20030.0 0.0
20040.0 0.0005
20050.0 0.0004
20060.0 -0.001
20070.0 0.0
20080.0 0.0
20090.0 -0.001
20100.0 0.0017
20110.0 0.0013
20120.0 0.0
20130.0 0.0
20140.0 -0.002
20150.0 -0.001
20160.0 0.0022
20170.0 0.0004
20180.0 0.0003
20190.0 0.0
20200.0 -0.001
20210.0 0.0
20220.0 0.0018
20230.0 0.0001
20240.0 0.0007
20250.0 0.0
20260.0 -0.002
20270.0 0.0
20280.0 0.0017
20290.0 0.0001
20300.0 0.0
20310.0 0.0
20320.0 -0.001
20330.0 0.0
20340.0 0.0014
20350.0 0.0
20360.0 0.0
20370.0 0.0
20380.0 -0.001
20390.0 0.0004
20400.0 0.0017
20410.0 0.0
20420.0 0.0
20430.0 0.0
20440.0 -0.001
20450.0 0.0006
20460.0 0.001
20470.0 0.0
20480.0 0.0
20490.0 0.0004
20500.0 -0.001
20510.0 0.0002
20520.0 0.0012
20530.0 0.0002
20540.0 0.0004
20550.0 0.0
20560.0 -0.002
20570.0 0.0001
20580.0 0.002
20590.0 0.0005
20600.0 0.0004
20610.0 0.0
20620.0 -0.001
20630.0 0.0
20640.0 0.0013
20650.0 0.0
20660.0 0.0
20670.0 0.0
20680.0 0.0
20690.0 0.0009
20700.0 0.0014
20710.0 0.0
20720.0 0.0
20730.0 0.0
20740.0 -0.001
20750.0 0.0005
20760.0 0.0012
20770.0 0.0
20780.0 0.0
20790.0 0.0
20800.0 -0.001
20810.0 0.0003
20820.0 0.0019
20830.0 0.0005
20840.0 0.0003
20850.0 0.0
20860.0 -0.001
20870.0 0.0
20880.0 0.0014
20890.0 0.0006
20900.0 0.0003
20910.0 0.0
20920.0 -0.001
20930.0 0.0005
20940.0 0.0009
20950.0 0.0
20960.0 0.0004
20970.0 -0.001
20980.0 -0.001
20990.0 0.0006
21000.0 0.0011
21010.0 0.0
21020.0 0.0
21030.0 0.0
21040.0 -0.001
21050.0 0.001
21060.0 0.0019
21070.0 0.0004
21080.0 0.0
21090.0 -0.001
21100.0 -0.001
21110.0 0.0007
21120.0 0.0014
21130.0 0.0
21140.0 0.0
21150.0 -0.001
21160.0 -0.001
21170.0 0.0009
21180.0 0.0017
21190.0 0.0005
21200.0 0.0
21210.0 -0.001
21220.0 -0.001
21230.0 0.0006
21240.0 0.0009
21250.0 0.0003
21260.0 0.0009
21270.0 0.0
21280.0 0.0
21290.0 0.0012
21300.0 0.0012
21310.0 0.0
21320.0 0.0002
21330.0 0.0
21340.0 -0.001
21350.0 0.0013
21360.0 0.0015
21370.0 0.0004
21380.0 0.0003
21390.0 -0.001
21400.0 -0.001
21410.0 0.0014
21420.0 0.001
21430.0 0.0
21440.0 0.0001
21450.0 -0.001
21460.0 -0.001
21470.0 0.0013
21480.0 0.0015
21490.0 0.0004
21500.0 0.0
21510.0 -0.001
21520.0 -0.001
21530.0 0.0004
21540.0 0.0002
21550.0 0.0
21560.0 0.0
21570.0 -0.001
21580.0 -0.001
21590.0 0.0013
21600.0 0.0008
21610.0 0.0004
21620.0 0.0001
21630.0 -0.001
21640.0 0.0
21650.0 0.0026
21660.0 0.0017
21670.0 0.0001
21680.0 0.0
21690.0 -0.002
21700.0 -0.001
21710.0 0.0016
21720.0 0.0013
21730.0 0.0009
21740.0 0.0004
21750.0 -0.001
21760.0 -0.001
21770.0 0.0024
21780.0 0.0013
21790.0 0.0011
21800.0 0.0006
21810.0 -0.001
21820.0 0.0
21830.0 0.0019
21840.0 0.0006
21850.0 0.0
21860.0 -0.001
21870.0 -0.001
21880.0 0.0
21890.0 0.0021
21900.0 0.001
21910.0 0.0007
21920.0 0.0001
21930.0 -0.001
21940.0 0.0005
21950.0 0.0025
21960.0 0.0012
21970.0 0.0018
21980.0 0.0
21990.0 -0.002
22000.0 0.0
22010.0 0.0033
22020.0 0.0018
22030.0 -0.001
22040.0 0.0011
22050.0 -0.001
22060.0 0.0
22070.0 0.0028
22080.0 0.0002
22090.0 0.0
22100.0 0.0009
22110.0 -0.003
22120.0 -0.001
22130.0 0.0019
22140.0 0.0018
22150.0 0.0007
22160.0 0.0008
22170.0 -0.004
22180.0 0.0
22190.0 0.0026
22200.0 0.0018
22210.0 0.0
22220.0 0.0005
22230.0 -0.004
22240.0 -0.001
22250.0 0.003
22260.0 0.0013
22270.0 0.0
22280.0 0.0019
22290.0 -0.003
22300.0 0.0
22310.0 0.0037
22320.0 0.0017
22330.0 -0.001
22340.0 0.002
22350.0 -0.003
22360.0 0.0
22370.0 0.0026
22380.0 0.0023
22390.0 0.0
22400.0 0.0018
22410.0 -0.003
22420.0 -0.001
22430.0 0.0022
22440.0 0.0005
22450.0 -0.001
22460.0 0.0003
22470.0 -0.004
22480.0 -0.001
22490.0 0.0024
22500.0 0.0011
22510.0 0.0012
22520.0 0.0028
22530.0 -0.003
22540.0 0.0017
22550.0 0.0008
22560.0 -0.002
22570.0 0.0001
22580.0 -0.002
22590.0 -0.001
22600.0 0.0033
22610.0 0.0022
22620.0 0.0
22630.0 0.0012
22640.0 -0.001
22650.0 -0.001
22660.0 0.0034
22670.0 0.0034
22680.0 -0.001
22690.0 0.0019
22700.0 0.0
22710.0 -0.001
22720.0 0.0038
22730.0 0.001
22740.0 -0.002
22750.0 0.0002
22760.0 -0.003
22770.0 -0.004
22780.0 0.0022
22790.0 0.0014
22800.0 -0.001
22810.0 0.001
22820.0 -0.001
22830.0 -0.005
22840.0 0.0013
22850.0 0.0
22860.0 -0.002
22870.0 0.0012
22880.0 -0.003
22890.0 -0.003
22900.0 0.0034
22910.0 0.0024
22920.0 -0.001
22930.0 0.0029
22940.0 0.0
22950.0 -0.001
22960.0 0.0039
22970.0 0.0006
22980.0 0.0
22990.0 0.0013
23000.0 -0.003
23010.0 -0.002
23020.0 0.0038
23030.0 0.0014
23040.0 -0.002
23050.0 0.0012
23060.0 -0.003
23070.0 -0.001
23080.0 0.004
23090.0 0.0015
23100.0 0.0
23110.0 0.0016
23120.0 -0.003
23130.0 -0.003
23140.0 0.0034
23150.0 0.0018
23160.0 -0.001
23170.0 0.0006
23180.0 -0.004
23190.0 -0.002
23200.0 0.0025
23210.0 0.0005
23220.0 0.0
23230.0 0.0024
23240.0 -0.001
23250.0 0.0
23260.0 0.0029
23270.0 0.0017
23280.0 -0.001
23290.0 0.0004
23300.0 -0.001
23310.0 0.0005
23320.0 0.0046
23330.0 0.0008
23340.0 -0.002
23350.0 0.0
23360.0 -0.003
23370.0 -0.001
23380.0 0.0033
23390.0 0.0002
23400.0 -0.002
23410.0 -0.001
23420.0 -0.002
23430.0 0.0
23440.0 0.0044
23450.0 0.0024
23460.0 -0.001
23470.0 0.0
23480.0 -0.004
23490.0 -0.001
23500.0 0.0034
23510.0 0.0
23520.0 -0.001
23530.0 0.0004
23540.0 -0.001
23550.0 0.0
23560.0 0.0033
23570.0 0.0009
23580.0 0.0003
23590.0 0.0002
23600.0 -0.004
23610.0 0.0
23620.0 0.0044
23630.0 0.0
23640.0 0.0003
23650.0 0.001
23660.0 -0.002
23670.0 0.0
23680.0 0.0038
23690.0 0.0007
23700.0 0.0
23710.0 0.0001
23720.0 -0.003
23730.0 0.0004
23740.0 0.005
23750.0 0.0011
23760.0 0.0
23770.0 -0.001
23780.0 -0.004
23790.0 0.0
23800.0 0.0053
23810.0 0.0014
23820.0 0.0
23830.0 0.0003
23840.0 -0.002
23850.0 0.0008
23860.0 0.0022
23870.0 -0.002
23880.0 0.0005
23890.0 0.0013
23900.0 -0.001
23910.0 0.0022
23920.0 0.0047
23930.0 0.0006
23940.0 0.0017
23950.0 0.0004
23960.0 -0.003
23970.0 0.0
23980.0 0.0021
23990.0 -0.002
24000.0 0.0
24010.0 0.0004
24020.0 -0.003
24030.0 0.0
24040.0 0.0034
24050.0 -0.002
24060.0 -0.001
24070.0 0.0004
24080.0 -0.002
24090.0 0.0017
24100.0 0.0018
24110.0 -0.004
24120.0 -0.001
24130.0 -0.001
24140.0 -0.005
24150.0 0.0011
24160.0 0.0057
24170.0 -0.001
24180.0 0.0006
24190.0 -0.002
24200.0 -0.003
24210.0 0.0035
24220.0 0.0037
24230.0 -0.003
24240.0 0.0
24250.0 -0.002
24260.0 -0.005
24270.0 0.0012
24280.0 0.0058
24290.0 0.0005
24300.0 0.0035
24310.0 -0.001
24320.0 -0.005
24330.0 0.003
24340.0 0.0038
24350.0 -0.001
24360.0 0.001
24370.0 -0.002
24380.0 -0.006
24390.0 0.0046
24400.0 0.0045
24410.0 -0.002
24420.0 0.0
24430.0 -0.003
24440.0 -0.005
24450.0 0.0024
24460.0 0.0046
24470.0 -0.002
24480.0 -0.002
24490.0 0.0003
24500.0 -0.005
24510.0 0.0031
24520.0 0.0045
24530.0 -0.005
24540.0 -0.002
24550.0 -0.001
24560.0 -0.012
24570.0 -0.001
24580.0 0.0045
24590.0 -0.001
24600.0 -0.001
24610.0 -0.002
24620.0 -0.008
24630.0 0.0051
24640.0 0.0058
24650.0 -0.002
24660.0 -0.002
24670.0 0.0016
24680.0 -0.004
24690.0 0.0029
24700.0 0.0025
24710.0 0.0038
24720.0 0.002
24730.0 0.0012
24740.0 -0.005
24750.0 -0.001
24760.0 0.0
24770.0 -0.002
24780.0 -0.006
24790.0 -0.005
24800.0 -0.01
24810.0 0.0028
24820.0 0.0029
24830.0 0.0028
24840.0 -0.001
24850.0 -0.001
24860.0 -0.002
24870.0 0.0025
24880.0 0.0015
24890.0 0.0019
24900.0 -0.004
24910.0 -0.003
24920.0 -0.003
24930.0 -0.004
24940.0 -0.004
24950.0 -0.001
24960.0 -0.005
24970.0 0.0
24980.0 -0.002
24990.0 0.0001
25000.0 -0.001
25012.5 -0.0217
25025.0 -0.0362
25037.600000000002 0.0631
25050.100000000002 -0.029
25062.7 0.0054
25075.2 -0.0162
25087.800000000003 0.0855
25100.4 0.0238
25113.0 -0.0149
25125.6 -0.0033
25138.3 0.1324
25150.9 0.0492
25163.600000000002 -0.0412
25176.199999999997 -0.0371
25188.899999999998 0.075
25201.6 0.0218
25214.3 -0.1098
25227.0 0.0891
25239.8 0.0723
25252.5 0.0669
25265.300000000003 0.0205
25278.1 0.1209
25290.8 0.0323
25303.600000000002 0.0295
25316.5 -0.0111
25329.3 0.0759
25342.1 0.0077
25355.0 0.0484
25367.800000000003 -0.0286
25380.7 0.086
25393.600000000002 0.1759
25406.5 0.0322
25419.4 -0.0454
25432.3 0.0344
25445.300000000003 0.057
25458.2 0.0973
25471.199999999997 -0.0825
25484.2 0.0238
25497.199999999997 -0.0805
25510.2 0.0153
25523.2 -0.0137
25536.300000000003 -0.0795
25549.3 0.0777
25562.399999999998 -0.078
25575.4 -0.0647
25588.5 -0.0329
25601.6 -0.0107
25614.8 -0.0468
25627.9 0.0459
25641.0 0.0047
25654.2 0.063
25667.399999999998 -0.0495
25680.5 -0.0222
25693.699999999997 -0.0015
25706.9 0.0941
25720.2 0.029
25733.4 0.0935
25746.7 0.0148
25759.899999999998 0.049
25773.2 0.0041
25786.5 0.0319
25799.8 0.0135
25813.1 0.0316
25826.399999999998 -0.0004
25839.8 0.2087
25853.2 0.0511
25866.5 0.0638
25879.899999999998 0.1071
25893.3 0.112
25906.7 0.0621
25920.2 0.0575
25933.600000000002 0.125
25947.1 0.1209
25960.5 0.1188
25974.0 -0.0708
25987.5 -0.0095
26001.0 -0.0197
26014.6 -0.0203
26028.1 0.0206
26041.7 0.0202
26055.2 -0.0541
26068.800000000003 -0.0617
26082.399999999998 0.035
26096.0 0.158
26109.699999999997 0.0981
26123.3 -0.0051
26137.0 -0.0353
26150.6 0.0687
26164.3 0.1432
26178.0 0.0125
26191.7 -0.1379
26205.5 0.1522
26219.2 -0.0149
26232.9 -0.0526
26246.7 -0.0083
26260.5 0.0285
26274.3 0.0278
26288.1 0.0374
26301.9 0.0533
26315.8 -0.0212
26329.6 -0.0832
26343.5 0.0928
26357.399999999998 -0.0226
26371.300000000003 0.0133
26385.2 -0.0012
26399.2 0.0332
26413.1 -0.0191
26427.1 0.0002
26441.0 0.0716
26455.0 -0.031
26469.0 0.1021
26483.1 -0.0557
26497.1 0.03
26511.100000000002 -0.0129
26525.2 -0.0181
26539.3 -0.0642
26553.4 0.0416
26567.5 0.0527
26581.6 -0.0151
26595.7 -0.0232
26609.899999999998 0.1743
26624.1 -0.0496
26638.3 -0.0031
26652.5 0.0395
26666.7 0.0206
26680.9 -0.047
26695.100000000002 0.076
26709.4 0.0527
26723.699999999997 0.0414
26738.0 -0.01
26752.3 -0.0027
26766.6 -0.0203
26780.9 -0.0073
26795.300000000003 0.0042
26809.699999999997 0.0051
26824.0 0.0056
26838.4 0.0131
26852.800000000003 -0.0249
26867.3 0.0251
26881.7 -0.0462
26896.199999999997 0.0105
26910.7 -0.0174
26925.100000000002 -0.0031
26939.699999999997 0.039
26954.2 0.0038
26968.699999999997 -0.0108
26983.3 0.1092
26997.800000000003 0.0937
27012.399999999998 0.1327
27027.0 -0.0633
27041.6 -0.0087
27056.300000000003 0.0004
27070.9 0.033
27085.6 -0.0445
27100.300000000003 0.0159
27115.0 0.1229
27129.699999999997 0.0057
27144.4 -0.0594
27159.2 0.0503
27173.899999999998 0.0022
27188.699999999997 -0.0132
27203.5 0.1842
27218.3 -0.0366
27233.1 0.0718
27248.0 0.0124
27262.800000000003 0.0606
27277.7 -0.0349
27292.600000000002 -0.0155
27307.5 -0.0006
27322.399999999998 0.0708
27337.3 0.0277
27352.3 0.0382
27367.3 0.0931
27382.3 -0.0252
27397.3 -0.0162
27412.3 0.0823
27427.3 -0.0705
27442.399999999998 -0.035
27457.399999999998 -0.0295
27472.5 -0.0703
27487.600000000002 0.0064
27502.800000000003 0.0787
27517.9 0.0201
27533.0 0.0284
27548.2 0.0969
27563.4 0.1511
27578.600000000002 0.0921
27593.800000000003 0.0107
27609.1 0.0004
27624.3 0.0004
27639.6 -0.1554
27654.899999999998 0.0018
27670.2 -0.0066
27685.5 -0.0242
27700.8 0.0281
27716.199999999997 0.0807
27731.6 0.054
27746.9 -0.0266
27762.399999999998 0.0133
27777.800000000003 -0.0418
27793.2 0.0432
27808.699999999997 -0.017
27824.2 -0.074
27839.6 0.0606
27855.2 0.0346
27870.7 -0.0257
27886.199999999997 0.0551
27901.8 0.0795
27917.399999999998 0.1723
27933.0 0.055
27948.600000000002 -0.0336
27964.2 0.0707
27979.899999999998 -0.0063
27995.5 -0.0427
28011.199999999997 -0.082
28026.9 0.0095
28042.600000000002 0.1116
28058.4 -0.0231
28074.1 0.1201
28089.899999999998 -0.0006
28105.7 0.0351
28121.5 0.0657
28137.3 -0.0453
28153.2 0.0285
28169.0 -0.0492
28184.899999999998 0.043
28200.8 -0.0173
28216.7 -0.0905
28232.600000000002 0.0049
28248.600000000002 0.0505
28264.6 -0.0211
28280.5 0.0041
28296.5 0.0145
28312.600000000002 0.0746
28328.600000000002 -0.0045
28344.699999999997 0.0893
28360.7 -0.0408
28376.8 -0.0889
28393.0 0.046
28409.1 -0.009
28425.2 0.0641
28441.399999999998 -0.0482
28457.600000000002 -0.064
28473.800000000003 -0.1216
28490.0 0.0826
28506.300000000003 -0.0335
28522.5 -0.1567
28538.800000000003 0.009
28555.100000000002 0.0361
28571.399999999998 0.0381
28587.800000000003 0.0576
28604.1 -0.0228
28620.5 0.0621
28636.9 0.0268
28653.3 -0.0447
28669.699999999997 0.0274
28686.199999999997 0.0561
28702.600000000002 0.0586
28719.1 0.0453
28735.6 -0.0268
28752.199999999997 0.1135
28768.699999999997 0.0819
28785.300000000003 0.0498
28801.8 0.0629
28818.4 -0.0137
28835.100000000002 -0.0616
28851.7 0.0175
28868.4 0.0546
28885.0 0.1017
28901.7 0.0034
28918.4 -0.0124
28935.2 0.053
28951.9 0.0657
28968.699999999997 0.0575
28985.5 0.0753
29002.3 0.0262
29019.2 0.0156
29036.0 0.073
29052.9 0.0994
29069.8 0.1014
29086.7 -0.0239
29103.600000000002 0.1345
29120.6 0.0441
29137.5 0.0366
29154.5 0.0605
29171.5 0.1244
29188.600000000002 -0.0622
29205.6 0.0016
29222.7 -0.0103
29239.8 -0.0396
29256.9 0.0528
29274.0 0.0215
29291.199999999997 0.0085
29308.3 0.0268
29325.5 0.0533
29342.7 0.0269
29360.0 0.0482
29377.199999999997 0.0134
29394.5 0.0214
29411.8 0.1061
29429.1 0.0449
29446.399999999998 0.018
29463.800000000003 0.0533
29481.100000000002 0.0123
29498.5 0.0365
29515.9 0.0282
29533.4 0.0531
29550.8 0.0122
29568.3 0.0389
29585.8 0.0767
29603.3 0.0401
29620.9 -0.0849
29638.4 -0.0499
29656.0 -0.0266
29673.600000000002 0.0208
29691.199999999997 0.05
29708.899999999998 0.0279
29726.5 0.1214
29744.2 0.0183
29761.9 -0.0953
29779.6 0.0868
29797.399999999998 0.0324
29815.100000000002 0.0756
29832.9 -0.0458
29850.7 0.0034
29868.600000000002 0.077
29886.399999999998 -0.0323
29904.3 0.0294
29922.199999999997 0.107
29940.100000000002 -0.0793
29958.1 0.0984
29976.0 -0.0258
29994.0 0.0422
30012.0 0.053
30030.0 0.0887
30048.1 0.0227
30066.100000000002 0.0043
30084.2 0.0156
30102.3 0.0492
30120.5 0.057
30138.600000000002 -0.025
30156.8 0.0361
30175.0 0.0362
30193.2 0.0708
30211.5 0.0596
30229.699999999997 0.0898
30248.0 0.0089
30266.300000000003 0.0804
30284.699999999997 0.0427
30303.0 0.0384
30321.399999999998 0.0269
30339.8 0.0036
30358.2 0.024
30376.7 0.1052
30395.100000000002 0.1618
30413.600000000002 0.0846
30432.1 0.2219
30450.7 0.1548
30469.2 0.1634
30487.800000000003 0.112
30506.399999999998 0.2243
30525.0 0.2614
30543.699999999997 0.303
30562.3 0.2839
30581.0 0.3614
30599.8 0.3247
30618.5 0.393
30637.3 0.5807
30656.0 0.6845
30674.8 0.6408
30693.699999999997 0.8904
30712.5 0.9322
30731.399999999998 1.0029
30750.300000000003 1.1855
30769.2 1.3794
30788.2 1.4288
30807.1 1.6104
30826.100000000002 1.8342
30845.2 1.8608
30864.2 1.812
30883.3 1.8673
30902.3 1.938
30921.5 1.8122
30940.6 1.7829
30959.8 1.7515
30978.899999999998 1.6005
30998.1 1.487
31017.399999999998 1.4745
31036.6 1.192
31055.9 1.2323
31075.2 1.1432
31094.5 1.0613
31113.899999999998 0.9018
31133.3 0.9724
31152.600000000002 0.8416
31172.1 0.8632
31191.5 0.6868
31211.0 0.7381
31230.5 0.7619
31250.0 0.7609
31269.5 0.6325
31289.1 0.6883
31308.699999999997 0.6075
31328.3 0.6278
31348.0 0.6259
31367.600000000002 0.5419
31387.3 0.6052
31407.0 0.5828
31426.8 0.487
31446.5 0.579
31466.300000000003 0.522
31486.100000000002 0.4649
31506.0 0.4484
31525.9 0.5178
31545.7 0.3545
31565.7 0.495
31585.6 0.3763
31605.6 0.4303
31625.6 0.4697
31645.6 0.3846
31665.6 0.3865
31685.7 0.287
31705.8 0.4456
31725.9 0.353
31746.0 0.3939
31766.199999999997 0.4136
31786.399999999998 0.3871
31806.6 0.2475
31826.9 0.2897
31847.1 0.3844
31867.399999999998 0.3204
31887.800000000003 0.2003
31908.1 0.3187
31928.5 0.1965
31948.899999999998 0.3
31969.3 0.2873
31989.8 0.2694
32010.2 0.2557
