#VLT_HAWKI_K
#VLT HAWKI K band http://www.eso.org/sci/facilities/paranal/instruments/hawki/inst.html
4970.0 0.000266825
4989.88 -0.00022829
5009.76 0.000979493
5029.64 -0.001500235
5049.52 0.000150599
5069.4 -0.000959903
5089.28 -7.75e-05
5109.16 -8.21e-05
5129.04 -0.000478464
5148.92 -0.000373631
5168.8 0.000544385
5188.68 0.000507415
5208.5599999999995 0.000179691
5228.4400000000005 -0.000640896
5248.32 0.000111137
5268.200000000001 0.000598623
5288.08 0.000926607
5307.960000000001 0.000531246
5327.84 -0.000295818
5347.72 0.000609278
5367.6 4.95e-05
5387.4800000000005 -2.72e-05
5407.36 0.000339538
5427.240000000001 4.18e-05
5447.12 -0.000293703
5467.0 9.65e-05
5486.88 -0.000235075
5506.76 0.000543028
5526.639999999999 0.000213077
5546.52 -0.000225214
5566.4 0.00027473
5586.280000000001 -0.000108021
5606.16 -0.000173175
5626.040000000001 0.000104298
5645.92 -0.000744925
5665.8 3.12e-05
5685.68 -0.000457618
5705.56 -0.000258539
5725.44 -0.000952038
5745.320000000001 -0.000642884
5765.2 -0.000314157
5785.08 0.000223374
5804.96 -0.000708906
5824.84 0.000233143
5844.719999999999 0.00080546
5864.6 -0.000412907
5884.48 0.0001422
5904.360000000001 -0.000313557
5924.24 0.000437956
5944.120000000001 0.000339875
5964.0 -0.00017491
5983.88 0.000165583
6003.76 -0.001063781
6023.64 4.58e-05
6043.5199999999995 -8.38e-05
6063.400000000001 0.00119771
6083.28 0.000366391
6103.16 -0.000411443
6123.04 -0.000471024
6142.92 -0.000813063
6162.799999999999 -0.000124232
6182.68 9.89e-06
6202.5599999999995 -0.000922562
6222.4400000000005 -0.000357743
6242.32 0.00011212
6262.200000000001 -4.37e-05
6282.08 0.000170072
6301.96 -7.51e-05
6321.84 -0.000364263
6341.72 -0.000265755
6361.599999999999 -0.000689146
6381.4800000000005 0.000230465
6401.36 0.00012091
6421.24 0.000677588
6441.12 -0.000193467
6461.0 0.000631569
6480.879999999999 0.000115651
6500.76 -3.07e-05
6520.639999999999 9.11e-06
6540.52 -0.000960503
6560.4 2.74e-05
6580.280000000001 0.000244797
6600.16 -0.000153509
6620.04 0.000184354
6639.92 -0.000152487
6659.8 0.000359169
6679.679999999999 0.000165493
6699.56 0.00028822
6719.44 0.000465859
6739.32 0.000924555
6759.2 -0.000564644
6779.08 0.000447968
6798.959999999999 -0.000107676
6818.84 -8.61e-05
6838.719999999999 -0.000441014
6858.6 -0.000574654
6878.48 -0.000425932
6898.360000000001 -2.72e-05
6918.24 -0.000336704
6938.12 0.000575999
6958.0 0.000104998
6977.88 0.000141905
6997.759999999999 -0.000137682
7017.64 0.00024646
7037.5199999999995 -9.02e-05
7057.4 -0.000213296
7077.28 -0.000151448
7097.16 0.000356485
7117.039999999999 -0.000990924
7136.92 0.000187023
7156.799999999999 -0.00015093
7176.68 0.000713986
7196.5599999999995 -7.45e-05
7216.4400000000005 0.000225932
7236.32 -0.000181524
7256.2 0.000233449
7276.08 -0.000114833
7295.96 0.000621714
7315.839999999999 0.000596182
7335.72 -0.000328564
7355.599999999999 -0.000434251
7375.48 0.000518395
7395.36 0.000228704
7415.24 0.000353547
7435.119999999999 -0.000289964
7455.0 -0.000222531
7474.880000000001 -0.000760328
7494.76 -0.000546646
7514.64 4.58e-05
7534.52 0.000112151
7554.400000000001 -0.000665489
7574.28 -5.38e-05
7594.160000000001 -0.000163701
7614.04 -0.000272981
7633.92 8.97e-05
7653.8 4.62e-05
7673.68 0.000415203
7693.5599999999995 0.000896866
7713.4400000000005 0.001003686
7733.32 0.000256549
7753.200000000001 3.63e-05
7773.08 0.000409307
7792.960000000001 -0.000542559
7812.84 -0.000608713
7832.72 -0.000343823
7852.6 0.000273013
7872.4800000000005 -2.45e-05
7892.36 -0.000193102
7912.240000000001 0.001004327
7932.12 -0.000950547
7952.0 0.000116056
7971.88 -0.0003051
7991.76 -0.000205814
8011.639999999999 0.00064371
8031.52 -0.000189939
8051.4 0.000672052
8071.280000000001 0.000652829
8091.16 -0.000250125
8111.040000000001 -0.000546007
8130.92 -9.84e-06
8150.8 0.000536653
8170.68 0.000251377
8190.56 -3.02e-05
8210.44 -0.000153305
8230.32 -0.000819575
8250.2 -0.002539246
8270.08 -0.003072413
8289.96 -0.001990174
8309.84 -0.00454714
8329.72 -0.005736475
8349.6 -0.002370483
8369.48 -0.001156259
8389.36 -0.005150869
8409.24 -0.00240061
8429.12 -0.002223927
8449.0 -0.003240955
8468.880000000001 -0.003324352
8488.76 -0.002250341
8508.64 -0.003088183
8528.52 -0.007194612
8548.4 -0.00341084
8568.279999999999 0.001593784
8588.16 0.001632051
8608.039999999999 -0.009394489
8627.92 -0.006297167
8647.8 -0.000576065
8667.68 -0.00587476
8687.56 -0.006134281
8707.44 -0.009229851
8727.32 -0.0018391
8747.2 -0.004209063
8767.08 -0.008496072
8786.960000000001 -0.006294023
8806.84 -0.003738854
8826.720000000001 -0.000387679
8846.6 -0.00177326
8866.48 -0.004020993
8886.36 -0.007120688
8906.24 0.00025407
8926.119999999999 -0.004752922
8946.0 -0.008816924
8965.88 -0.001291478
8985.76 -0.002138791
9005.64 -0.002937285
9025.52 -0.007988682
9045.4 -0.003204504
9065.28 -0.005316321
9085.16 -0.00404562
9105.04 -0.002175144
9124.92 -0.000137332
9144.8 -0.000755271
9164.68 -0.003432752
9184.56 -0.000222165
9204.439999999999 0.001612692
9224.32 -0.007788269
9244.199999999999 -0.004876584
9264.08 -0.002660249
9283.96 -0.000525515
9303.84 -0.007122533
9323.72 0.00882437
9343.6 -0.001759191
9363.48 -0.006645317
9383.36 -0.006934523
9403.24 -0.003023655
9423.12 -0.000693292
9443.0 -0.005848615
9462.880000000001 -0.004245806
9482.76 -0.003904926
9502.64 -0.004490691
9522.52 -0.003582058
9542.4 -0.003264214
9562.279999999999 -0.004595858
9582.16 -0.003188546
9602.039999999999 -0.00288294
9621.92 -0.004936312
9641.8 -0.000692723
9661.68 -0.003646876
9681.56 -0.004472746
9701.44 -0.005430152
9721.32 -0.004453406
9741.2 -0.003229751
9761.08 -0.006196438
9780.96 -0.005154889
9800.84 -0.000914397
9820.72 -0.001796308
9840.599999999999 0.001472222
9860.48 -0.004355677
9880.359999999999 -0.002138298
9900.24 -0.006995014
9920.119999999999 -0.008074483
9940.0 -0.008837654
9959.880000000001 -0.000366176
9979.76 -0.003053311
9999.640000000001 -0.008358102
10019.52 0.002680433
10039.400000000001 -0.004116969
10059.28 -0.00544558
10079.16 -0.002926475
10099.04 -0.004105057
10118.92 -0.004153478
10138.8 -0.004081131
10158.68 -0.004353099
10178.56 -0.00204791
10198.44 -0.004107201
10218.32 -0.00155145
10238.2 -0.002349587
10258.08 -0.006381662
10277.960000000001 -0.002685077
10297.84 -0.001784679
10317.72 -0.004706248
10337.6 -0.004062518
10357.48 -0.003320701
10377.36 -0.004256614
10397.24 -0.006010878
10417.119999999999 -0.003634616
10437.0 0.000511831
10456.880000000001 -0.003754844
10476.759999999998 -0.002177718
10496.64 -0.000925498
10516.52 -0.005849278
10536.400000000001 -0.002499106
10556.279999999999 -0.002802875
10576.16 -0.000455623
10596.04 -0.007138251
10615.920000000002 -0.004563542
10635.8 -0.006184021
10655.68 -0.005506671
10675.560000000001 0.001689096
10695.44 -0.00136863
10715.32 0.000144333
10735.2 -0.006041637
10755.08 -0.007043762
10774.960000000001 0.002475685
10794.84 -0.007207651
10814.72 -0.000571671
10834.6 -0.006815726
10854.480000000001 -0.001586154
10874.359999999999 -0.003236764
10894.24 0.00297177
10914.12 0.000435354
10934.0 -0.006457097
10953.88 -0.002100853
10973.76 -0.004370587
10993.64 -0.003347953
11013.52 -0.005090984
11033.4 -0.004752981
11053.279999999999 -0.002816552
11073.16 -0.009172774
11093.04 -0.008395785
11112.919999999998 0.005359757
11132.8 -0.001445654
11152.68 0.000153414
11172.560000000001 -0.006491985
11192.439999999999 -0.003399353
11212.32 -0.005399177
11232.2 -0.009193334
11252.080000000002 0.016629107
11271.96 -0.011148329
11291.84 -0.006307282
11311.720000000001 -0.002868836
11331.6 -0.010235972
11351.48 -0.001970172
11371.36 -0.012773519
11391.24 0.009175805
11411.12 -0.001015569
11431.0 -0.004568622
11450.88 -0.007294139
11470.76 0.008383292
11490.640000000001 -0.006372668
11510.519999999999 -0.00987382
11530.4 -0.005173511
11550.28 0.003808816
11570.16 -0.005616788
11590.039999999999 0.000381126
11609.92 -0.008724847
11629.8 -0.003805182
11649.68 -0.006821397
11669.56 -0.003452882
11689.439999999999 -0.005509166
11709.32 -0.006002173
11729.2 -0.000922373
11749.079999999998 2.36e-05
11768.96 -0.004660362
11788.84 -0.002642022
11808.720000000001 -0.003451192
11828.599999999999 -0.009890885
11848.48 -0.002319398
11868.36 -0.003869943
11888.240000000002 -0.000441996
11908.119999999999 -0.003467521
11928.0 -0.003896604
11947.880000000001 -0.003087095
11967.76 -0.002371649
11987.64 -0.003519629
12007.52 -0.004484414
12027.4 -3.34e-05
12047.28 -0.000420249
12067.16 0.000347873
12087.039999999999 -0.002358227
12106.92 -0.002748618
12126.800000000001 -0.002753983
12146.679999999998 -5.72e-05
12166.56 -0.003928839
12186.44 -0.001198287
12206.32 -0.00118685
12226.199999999999 -0.005384459
12246.08 -0.008483147
12265.96 -0.001762506
12285.84 0.00647167
12305.72 -0.003509137
12325.599999999999 -0.003904913
12345.48 -0.000188636
12365.36 -0.000293586
12385.239999999998 -0.008137319
12405.119999999999 -0.003859818
12425.0 -0.000436248
12444.880000000001 -0.006176141
12464.760000000002 -0.003929924
12484.64 -0.000599774
12504.52 -0.005646608
12524.400000000001 -0.009624935
12544.28 -7.4e-05
12564.16 -0.000868617
12584.04 -0.006964677
12603.92 -0.00045152
12623.800000000001 -0.003171898
12643.68 -0.005583122
12663.56 -0.006004682
12683.44 -0.00371758
12703.320000000002 -0.000807272
12723.199999999999 -0.006541378
12743.08 -0.00617449
12762.960000000001 -0.003551753
12782.84 -0.00374008
12802.72 -0.007375079
12822.6 -0.005792514
12842.48 0.004022618
12862.36 -0.004528529
12882.24 -0.000163414
12902.119999999999 -0.002558158
12922.0 -0.00297854
12941.880000000001 -0.007189018
12961.759999999998 -0.005049933
12981.64 -0.002908972
13001.52 -0.003213409
13021.400000000001 -0.004705433
13041.279999999999 -0.001716301
13061.16 -0.003080859
13081.04 -0.006225109
13100.920000000002 -0.001706525
13120.8 -0.005473923
13140.68 0.00096636
13160.560000000001 -0.003992937
13180.44 -0.00178702
13200.32 -0.005285883
13220.2 -0.005065551
13240.08 -0.004672239
13259.960000000001 -0.008495609
13279.84 -0.000178579
13299.72 -0.002265888
13319.6 -0.009337269
13339.480000000001 0.001311885
13359.359999999999 -0.012352902
13379.24 0.000529458
13399.12 -0.006121727
13419.0 -0.008399236
13438.88 0.005736773
13458.76 -0.008722006
13478.64 -0.001204553
13498.52 -0.002788091
13518.4 -0.005385465
13538.279999999999 -0.002966103
13558.16 0.002252064
13578.04 -0.009630299
13597.919999999998 -0.006830214
13617.8 -0.002174835
13637.68 -0.006952592
13657.560000000001 -0.004649583
13677.439999999999 -0.004796654
13697.32 -0.00322828
13717.2 -0.003468863
13737.080000000002 0.002192021
13756.96 -0.005494478
13776.84 0.001929015
13796.720000000001 -0.010488303
13816.6 -0.001146058
13836.48 -0.004572685
13856.36 -0.007905819
13876.24 -0.001504859
13896.12 -0.005469119
13916.0 -0.001454015
13935.88 -0.00457498
13955.76 0.000520941
13975.640000000001 -0.00025016
13995.519999999999 -0.000422902
14015.4 -0.005189927
14035.28 -0.004542773
14055.16 -0.001764442
14075.039999999999 -0.007427321
14094.92 -0.006073222
14114.8 -0.002290483
14134.68 -0.004842817
14154.56 -0.007165338
14174.439999999999 0.001311006
14194.32 -0.003936796
14214.2 -0.002001035
14234.079999999998 -0.005659134
14253.96 -0.004988498
14273.84 -0.011341359
14293.720000000001 0.007220978
14313.599999999999 -0.005249044
14333.48 0.00027199
14353.36 -0.002059932
14373.240000000002 -0.003109566
14393.119999999999 -0.004396909
14413.0 -0.003805325
14432.880000000001 -0.004360266
14452.76 -0.004175987
14472.64 -0.002140437
14492.52 -0.000526258
14512.4 -0.01111849
14532.28 -0.002850377
14552.16 -0.005650871
14572.039999999999 -0.006792956
14591.92 -0.007408255
14611.800000000001 -0.006119282
14631.679999999998 -0.002135371
14651.56 0.002171734
14671.44 -0.006648302
14691.32 -0.008167448
14711.199999999999 -0.005304214
14731.08 -0.002313215
14750.96 -0.00592005
14770.84 -0.006129034
14790.72 -0.006553728
14810.599999999999 -0.006485479
14830.48 0.002548478
14850.36 -0.001798582
14870.239999999998 -0.004346134
14890.119999999999 -0.002922934
14910.0 -0.002521609
14929.880000000001 0.002546014
14949.760000000002 -0.005531922
14969.64 -0.008101621
14989.52 -0.007510935
15009.400000000001 -0.003967984
15029.28 0.000757237
15049.16 -0.001594834
15069.04 -0.002935949
15088.92 -0.003154065
15108.800000000001 -0.00489141
15128.68 -0.000692503
15148.56 -0.007533822
15168.44 -0.00344788
15188.320000000002 -0.003298277
15208.199999999999 -0.002957801
15228.08 -0.00373668
15247.960000000001 -0.003117381
15267.84 -0.000297124
15287.72 -0.001982112
15307.6 0.000485197
15327.48 -0.00289873
15347.36 -0.006112773
15367.24 -0.004623518
15387.119999999999 0.006284055
15407.0 -0.015919955
15426.880000000001 -0.002706079
15446.759999999998 -0.001069997
15466.64 -0.004638588
15486.52 -0.002408861
15506.400000000001 -0.000877742
15526.279999999999 -0.001436285
15546.16 0.001161524
15566.04 -0.008698638
15585.920000000002 -0.003697077
15605.8 -0.002591462
15625.68 -0.00034058
15645.560000000001 -0.002269691
15665.44 -0.000799767
15685.32 -0.001014562
15705.2 -0.006454941
15725.08 -0.006321552
15744.960000000001 -0.002784403
15764.84 -0.002976535
15784.72 -0.003318029
15804.6 -0.004897058
15824.480000000001 -0.004489238
15844.359999999999 0.003349381
15864.24 -0.002848378
15884.12 -0.002772521
15904.0 -0.008032778
15923.88 -0.007668227
15943.76 -0.000535481
15963.64 -0.005750151
15983.52 -0.001271165
16003.4 -0.004081135
16023.279999999999 -0.000715429
16043.16 -0.003527871
16063.04 -0.003773251
16082.919999999998 -0.004699353
16102.8 -0.004459729
16122.68 -0.003863803
16142.560000000001 -0.000171297
16162.439999999999 -0.00824551
16182.32 -0.002807142
16202.2 0.002425544
16222.080000000002 -0.002267631
16241.96 -0.006083027
16261.84 -0.004455313
16281.720000000001 0.001283779
16301.6 -0.005960579
16321.48 -0.001922086
16341.36 -0.001119355
16361.24 -0.006321007
16381.12 -0.00357456
16401.0 -0.009794746
16420.88 0.006199014
16440.760000000002 -0.002097284
16460.64 -0.004124666
16480.52 0.006018543
16500.4 -0.008824843
16520.28 -0.003520238
16540.16 -0.003691602
16560.04 -0.003588653
16579.92 -0.004685394
16599.8 -0.002692329
16619.68 -0.003619298
16639.559999999998 -0.000617143
16659.44 -0.006729049
16679.32 -0.005423227
16699.2 -0.001890218
16719.079999999998 -0.004754063
16738.96 -0.014446552
16758.84 0.005539138
16778.72 0.000314048
16798.6 -0.003411559
16818.48 -0.005286102
16838.36 -0.002640127
16858.24 -0.000983693
16878.12 -0.000195813
16898.0 -0.004120013
16917.88 -0.006381807
16937.760000000002 -0.005152008
16957.64 -0.00193206
16977.52 -0.002196916
16997.4 -0.001519294
17017.28 -0.006441386
17037.16 -0.00809063
17057.04 -0.005108376
17076.92 -0.004296423
17096.8 -0.002801982
17116.68 -0.004524506
17136.559999999998 -0.002757729
17156.44 -0.00366528
17176.32 -0.00858149
17196.199999999997 -0.001155486
17216.079999999998 -0.002899445
17235.96 -0.005656202
17255.84 -0.003608093
17275.719999999998 -0.00306384
17295.6 -0.003450121
17315.48 -0.00392183
17335.36 -0.001900051
17355.239999999998 -0.00481655
17375.12 -0.00161015
17395.0 -0.010856308
17414.88 0.002494982
17434.760000000002 -0.002913924
17454.64 -0.009391641
17474.52 0.00514661
17494.4 -0.005282921
17514.280000000002 -0.005314431
17534.16 -0.003769092
17554.04 -0.002407359
17573.920000000002 -0.006992782
17593.800000000003 -0.001785797
17613.68 -0.000466093
17633.56 -0.003631928
17653.440000000002 -0.007318879
17673.32 -0.007884965
17693.2 -0.00214729
17713.08 -0.003936835
17732.96 -0.001362111
17752.84 -0.00325457
17772.72 -0.003300523
17792.6 -0.010392698
17812.48 0.006885853
17832.36 -0.013648823
17852.239999999998 0.001374899
17872.12 -0.00354183
17892.0 -0.004346567
17911.88 -0.001600097
17931.76 -0.004736505
17951.64 -0.008417452
17971.52 0.003841893
17991.4 0.000753883
18011.28 -0.004351865
18031.16 0.000719148
18051.04 0.000427268
18070.920000000002 -0.001631473
18090.8 -0.000893372
18110.68 -0.001914214
18130.56 -0.001061503
18150.440000000002 -0.00248995
18170.32 -0.005059219
18190.2 -0.002257069
18210.08 -0.00368454
18229.96 -0.005329343
18249.84 -0.003456031
18269.72 -0.003115135
18289.6 0.002038714
18309.48 -0.006564763
18329.36 -0.005194032
18349.239999999998 -0.003087142
18369.12 -0.003676452
18389.0 -0.001083341
18408.879999999997 -0.001920477
18428.76 -0.002468867
18448.64 -0.000656456
18468.52 -0.00296005
18488.399999999998 -0.00437958
18508.28 -0.00092614
18528.16 -0.00453736
18548.04 -0.00040251
18567.92 -0.005099074
18587.8 0.001572133
18607.68 0.001937027
18627.56 -0.004756946
18647.44 -0.001675996
18667.32 0.000106955
18687.2 0.000152225
18707.08 -0.001143111
18726.96 -0.000460519
18746.84 -0.0030766
18766.72 -0.004371129
18786.600000000002 -7.01e-05
18806.48 -0.003507982
18826.36 0.009000352
18846.24 0.002654119
18866.120000000003 0.000940809
18886.0 -0.00246655
18905.88 0.006631515
18925.760000000002 0.008191666
18945.64 0.013797576
18965.52 0.009592571
18985.4 0.015569467
19005.28 0.022585686
19025.16 0.027011396
19045.04 0.037168853
19064.92 0.052334275
19084.8 0.065497503
19104.68 0.092310436
19124.559999999998 0.10978815
19144.44 0.149835467
19164.32 0.190114155
19184.2 0.238005698
19204.079999999998 0.291509151
19223.96 0.349899709
19243.84 0.409219235
19263.72 0.471946597
19283.6 0.536275744
19303.48 0.597074151
19323.36 0.665005088
19343.24 0.739980161
19363.12 0.818478227
19383.0 0.912339866
19402.88 1.008391857
19422.760000000002 1.136072993
19442.64 1.287239552
19462.52 1.480282307
19482.4 1.698910117
19502.28 1.971799374
19522.16 2.317011833
19542.04 2.784301996
19561.92 3.351060629
19581.8 4.053459644
19601.68 4.972446442
19621.559999999998 6.138072968
19641.44 7.629930973
19661.32 9.561995506
19681.199999999997 11.991965294
19701.079999999998 15.144146919
19720.96 18.889846802
19740.84 23.343593597
19760.719999999998 28.378110886
19780.6 33.587856293
19800.48 38.742835999
19820.36 43.625045776
19840.239999999998 48.082164764
19860.12 51.526580811
19880.0 54.41809845
19899.88 56.762050629
19919.760000000002 58.773517609
19939.64 60.545085907
19959.52 62.221263885
19979.4 63.939292908
19999.280000000002 65.567115784
20019.16 67.274703979
20039.04 69.006446838
20058.920000000002 70.5885849
20078.800000000003 72.166694641
20098.68 73.539978027
20118.56 74.765670776
20138.440000000002 75.727455139
20158.32 76.461112976
20178.2 77.01512146
20198.08 77.269172668
20217.96 77.447052002
20237.84 77.490409851
20257.72 77.380226135
20277.6 77.277030945
20297.48 77.137443542
20317.36 77.081565857
20337.239999999998 76.984039307
20357.12 76.982055664
20377.0 77.072853088
20396.88 77.211631775
20416.76 77.412918091
20436.64 77.702690125
20456.52 77.996482849
20476.4 78.340133667
20496.280000000002 78.667610168
20516.16 79.020843506
20536.039999999997 79.392448425
20555.920000000002 79.67364502
20575.8 79.970489502
20595.68 80.185897827
20615.56 80.339904785
20635.44 80.513923645
20655.32 80.553749084
20675.2 80.588302612
20695.079999999998 80.633483887
20714.96 80.588500977
20734.84 80.557563782
20754.72 80.503768921
20774.6 80.472747803
20794.48 80.413291931
20814.36 80.399795532
20834.239999999998 80.429458618
20854.12 80.421875
20874.0 80.504058838
20893.879999999997 80.583625793
20913.760000000002 80.678184509
20933.64 80.843429565
20953.519999999997 80.990859985
20973.4 81.171379089
20993.28 81.377342224
21013.159999999996 81.536605835
21033.04 81.746299744
21052.92 81.92401886
21072.800000000003 82.08682251
21092.68 82.225669861
21112.559999999998 82.353652954
21132.440000000002 82.465270996
21152.32 82.513839722
21172.199999999997 82.584114075
21192.08 82.613937378
21211.96 82.576690674
21231.840000000004 82.56703186
21251.72 82.504837036
21271.6 82.409255981
21291.480000000003 82.336608887
21311.36 82.245506287
21331.239999999998 82.165977478
21351.120000000003 82.035682678
21371.0 81.94442749
21390.88 81.833129883
21410.760000000002 81.757614136
21430.64 81.683082581
21450.52 81.621307373
21470.4 81.578842163
21490.28 81.561714172
21510.16 81.5570755
21530.04 81.604537964
21549.920000000002 81.614761353
21569.8 81.691947937
21589.68 81.759819031
21609.56 81.823043823
21629.44 81.975158691
21649.32 82.089408875
21669.2 82.249176025
21689.079999999998 82.329734802
21708.960000000003 82.511016846
21728.84 82.664009094
21748.719999999998 82.786949158
21768.600000000002 82.92237854
21788.48 83.014305115
21808.359999999997 83.148452759
21828.24 83.208015442
21848.12 83.279083252
21868.0 83.386619568
21887.88 83.421081543
21907.76 83.464080811
21927.64 83.554748535
21947.52 83.578285217
21967.399999999998 83.697021484
21987.28 83.69468689
22007.16 83.81477356
22027.04 83.869659424
22046.92 83.920288086
22066.8 83.996910095
22086.68 84.058944702
22106.559999999998 84.115020752
22126.44 84.154853821
22146.32 84.163764954
22166.199999999997 84.244522095
22186.08 84.263626099
22205.96 84.322311401
22225.839999999997 84.37588501
22245.72 84.386924744
22265.6 84.482269287
22285.479999999996 84.472946167
22305.36 84.559753418
22325.239999999998 84.615379333
22345.120000000003 84.65940094
22365.0 84.713768005
22384.879999999997 84.791473389
22404.760000000002 84.818649292
22424.64 84.855194092
22444.520000000004 84.898719788
22464.4 84.937660217
22484.28 84.961700439
22504.160000000003 84.963554382
22524.04 84.999176025
22543.92 84.978141785
22563.800000000003 84.962348938
22583.68 84.92199707
22603.56 84.906852722
22623.440000000002 84.882156372
22643.32 84.78994751
22663.2 84.723930359
22683.08 84.608581543
22702.96 84.445625305
22722.84 84.264183044
22742.72 84.022163391
22762.600000000002 83.650161743
22782.48 83.216011047
22802.36 82.489067078
22822.24 81.684806824
22842.12 80.527648926
22862.0 79.097053528
22881.88 77.261367798
22901.76 75.020141602
22921.640000000003 72.350898743
22941.52 69.257728577
22961.399999999998 65.51121521
22981.280000000002 61.385959625
23001.16 57.0899086
23021.039999999997 52.61075592
23040.920000000002 47.992862701
23060.8 43.470935822
23080.68 38.964939117
23100.56 34.659976959
23120.44 30.581796646
23140.32 26.937812805
23160.2 23.647399902
23180.079999999998 20.63574028
23199.96 18.052289963
23219.84 15.775635719
23239.72 13.826401711
23259.6 12.127214432
23279.48 10.589762688
23299.36 9.282752037
23319.239999999998 8.127222061
23339.12 7.114124298
23359.0 6.271456718
23378.879999999997 5.496649265
23398.760000000002 4.832757473
23418.64 4.291684151
23438.519999999997 3.812221766
23458.4 3.378903389
23478.28 3.00850749
23498.159999999996 2.681573868
23518.04 2.402582645
23537.92 2.163452387
23557.800000000003 1.939674497
23577.68 1.748070478
23597.559999999998 1.57817626
23617.440000000002 1.420226812
23637.32 1.292954683
23657.199999999997 1.173684239
23677.08 1.063418031
23696.96 0.965430021
23716.840000000004 0.878204048
23736.72 0.800923645
23756.6 0.730493546
23776.480000000003 0.67397964
23796.36 0.61126703
23816.239999999998 0.558459461
23836.120000000003 0.515979648
23856.0 0.471436054
23875.88 0.42741406
23895.760000000002 0.394141853
23915.64 0.373394519
23935.52 0.337213337
23955.4 0.310035765
23975.28 0.286832303
23995.16 0.253182113
24015.04 0.238229781
24034.920000000002 0.222090498
24054.8 0.204329163
24074.68 0.18234244
24094.56 0.173011243
24114.44 0.159524411
24134.32 0.140618801
24154.2 0.128041357
24174.079999999998 0.136504129
24193.960000000003 0.114089981
24213.84 0.109097935
24233.719999999998 0.095149174
24253.600000000002 0.086950853
24273.48 0.082164511
24293.359999999997 0.074866109
24313.24 0.068448804
24333.12 0.063466363
24353.0 0.06019523
24372.88 0.054306079
24392.76 0.052897237
24412.64 0.047222532
24432.52 0.03980393
24452.399999999998 0.032804646
24472.28 0.037447859
24492.16 0.032399151
24512.04 0.029561648
24531.92 0.028366832
24551.8 0.026848504
24571.68 0.029645145
24591.559999999998 0.018841112
24611.44 0.016313737
24631.32 0.010697888
24651.199999999997 0.030160766
24671.08 0.024290659
24690.96 0.013840666
24710.839999999997 0.012434248
24730.72 0.012442374
24750.6 0.008754848
24770.479999999996 0.008688907
24790.36 0.013756943
24810.239999999998 0.011640197
24830.120000000003 0.007220156
24850.0 0.005169122
24869.879999999997 0.010203329
24889.760000000002 0.003697358
24909.64 0.009660774
24929.520000000004 0.010928935
24949.4 -0.001858562
24969.28 0.00542962
24989.160000000003 0.001943722
25009.04 0.001361787
25028.92 0.006362989
25048.800000000003 0.004894074
25068.68 0.002836467
25088.56 0.004083562
25108.440000000002 0.004005792
25128.32 -0.003112683
25148.2 0.003495848
25168.08 0.005318317
25187.96 0.002032471
25207.84 0.00275846
25227.72 -0.000533145
25247.600000000002 -0.000790089
25267.48 0.000220584
25287.36 0.002918082
25307.24 -0.000735576
25327.12 0.005134155
25347.0 -0.001956169
25366.88 0.002853678
25386.76 -0.001720066
25406.640000000003 -0.001510115
25426.52 -0.000344353
25446.399999999998 -0.004297487
25466.280000000002 0.000210175
25486.16 -0.00360225
25506.039999999997 -0.003781574
25525.920000000002 -0.003886721
25545.8 0.000612462
25565.68 -0.00495346
25585.56 -0.003510534
25605.44 0.003618383
25625.32 -0.004120778
25645.2 -0.000741347
25665.079999999998 -0.002981329
25684.96 -0.002082503
25704.84 0.003072015
25724.72 -0.001383567
25744.6 -0.002671971
25764.48 -0.002382637
25784.36 -0.002564559
25804.239999999998 0.002572176
25824.12 -0.008029384
25844.0 -0.000701611
25863.879999999997 -0.000955775
25883.760000000002 0.002521888
25903.64 -0.005802983
25923.519999999997 -0.004398557
25943.4 -0.008413793
25963.28 0.006069951
25983.159999999996 -0.001501003
26003.04 -0.006073066
26022.92 -0.005214763
26042.800000000003 -0.003335184
26062.68 -0.005496282
26082.559999999998 -0.003782624
26102.440000000002 -0.004472254
26122.32 0.002760089
26142.199999999997 0.002175606
26162.08 -0.010011726
26181.96 -0.002496914
26201.840000000004 -0.00146545
26221.72 -0.003094123
26241.6 -0.002039485
26261.480000000003 -0.006481796
26281.36 0.003019189
26301.239999999998 -0.001591812
26321.120000000003 -0.005230745
26341.0 -0.004563307
26360.88 -0.003486391
26380.760000000002 0.000861836
26400.64 -0.002308318
26420.52 -0.001294204
26440.4 -0.002726741
26460.28 -0.002622674
26480.16 0.000617211
26500.04 -0.007297798
26519.920000000002 -0.002549525
26539.8 -0.005984362
26559.68 -0.001336213
26579.56 -0.006565399
26599.44 -0.001830731
26619.32 -0.006338181
26639.2 -0.000713346
26659.079999999998 -0.003099863
26678.960000000003 -0.000872962
26698.84 0.002855874
26718.719999999998 -0.004069544
26738.600000000002 -0.001837547
26758.48 -0.003576234
26778.359999999997 -0.003333094
26798.24 -0.001564973
26818.12 -0.002405332
26838.0 -0.007466105
26857.88 -0.004304692
26877.76 -0.001942748
26897.64 -0.002099834
26917.52 -0.00341855
26937.399999999998 -0.002896948
26957.28 -0.00139574
26977.16 -0.005612298
26997.04 -0.000573701
27016.92 -0.000698742
27036.8 -0.008371063
27056.68 -0.00536952
27076.559999999998 -2.4e-05
27096.44 -0.008786462
27116.32 -0.00609571
27136.199999999997 -0.003457877
27156.08 -0.003784266
27175.96 -0.005046624
27195.839999999997 -0.002730584
27215.72 -0.000424589
27235.6 -0.007994308
27255.479999999996 -0.005937827
27275.36 -0.001862827
27295.239999999998 -0.002287102
27315.120000000003 -0.007696402
27335.0 0.009585961
27354.879999999997 -0.005887644
27374.760000000002 -0.006198636
27394.64 0.000244542
27414.520000000004 -0.004568977
27434.4 -0.002147743
27454.28 -0.008354331
27474.160000000003 -0.001250952
27494.04 -0.007001255
27513.92 0.001829779
27533.800000000003 -0.003090169
27553.68 -0.003071668
27573.56 -0.006055873
27593.440000000002 -0.003801299
27613.32 -0.003361101
27633.2 -0.004284318
27653.08 -0.002967855
27672.96 -0.006159457
27692.84 -0.003742089
27712.72 7.71e-05
27732.600000000002 -0.004251301
27752.48 -0.00154497
27772.36 -0.006667891
27792.24 -0.007800439
27812.12 -0.001650765
27832.0 0.002148306
27851.88 -0.008595048
27871.76 0.003822749
27891.640000000003 -0.006876173
27911.52 -0.003088197
27931.399999999998 -0.003267418
27951.280000000002 -0.001783119
27971.16 -0.011004505
27991.039999999997 0.009295812
28010.920000000002 -0.002998927
28030.8 -0.006400269
28050.68 -0.004383996
28070.56 -0.002435135
28090.44 -0.005546552
28110.32 -0.002032424
28130.2 -0.006911632
28150.079999999998 -0.005012406
28169.96 -0.003216654
28189.84 -0.005911262
28209.72 -0.001450432
28229.6 -0.006374983
28249.48 -0.007151951
28269.36 0.00058999
28289.239999999998 -0.000148862
28309.12 -0.004121754
28329.0 -0.005227654
28348.879999999997 -0.002580749
28368.760000000002 -0.002261254
28388.64 -0.007354591
28408.519999999997 0.002906168
28428.4 -0.005174249
28448.28 -0.008139496
28468.159999999996 -0.003283578
28488.04 -0.003645203
28507.92 -0.006493034
28527.800000000003 -0.006278065
28547.68 -0.002036463
28567.559999999998 -0.002441723
28587.440000000002 -0.002311371
28607.32 -0.002229932
28627.199999999997 -0.004621052
28647.08 -0.004419663
28666.96 -0.002875306
28686.840000000004 -0.005045285
28706.72 0.000199888
28726.6 -0.005925661
28746.480000000003 -0.002675265
28766.36 -0.007310145
28786.239999999998 -0.002851366
28806.120000000003 -0.003694735
28826.0 -0.0053668
28845.88 -0.002110286
28865.760000000002 -0.000385458
28885.64 -0.004830064
28905.52 -0.002853179
28925.4 0.000621188
28945.28 -0.001652972
28965.16 -0.006061236
28985.04 -0.00204474
29004.920000000002 -0.008217859
29024.8 -0.003061873
29044.68 -0.011386733
29064.56 -0.005243275
29084.44 0.002138271
29104.32 -0.002276917
29124.2 -0.009960486
29144.079999999998 -0.009078375
29163.960000000003 0.004813456
29183.84 -0.003966467
29203.719999999998 0.001025105
29223.600000000002 -0.007720293
29243.48 -0.002191692
29263.359999999997 -0.000203047
29283.24 -0.00654111
29303.12 -0.003034623
29323.0 -0.006221222
29342.88 -0.003152666
29362.76 -0.002575191
29382.64 -0.005349382
29402.52 -0.003247843
29422.399999999998 -0.00495962
29442.28 0.003321868
29462.16 -0.004868456
29482.04 -0.013785455
29501.92 -0.008678491
29521.8 -0.00786276
29541.68 -0.004202695
29561.559999999998 -0.012377191
29581.44 -0.009242234
29601.32 -0.003703241
29621.199999999997 -0.000393006
29641.08 -0.015950028
29660.96 -0.003715838
29680.839999999997 -0.008444398
29700.72 -0.011135261
29720.6 0.004582253
29740.479999999996 -0.004287727
29760.36 -0.006115202
29780.239999999998 -0.008966058
29800.120000000003 -0.003500895
29820.0 -0.002426745
