#VLT_HAWKI_H
#VLT HAWKI H band http://www.eso.org/sci/facilities/paranal/instruments/hawki/inst.html
4992.5 0.000316136
5012.47 0.00026036
5032.4400000000005 -0.000128469
5052.41 -0.0003519
5072.38 -0.000799332
5092.35 -0.000469541
5112.320000000001 3.04e-05
5132.290000000001 -0.000476994
5152.26 0.000643893
5172.23 0.000190231
5192.200000000001 0.000300641
5212.17 -0.000673416
5232.14 0.000236332
5252.110000000001 -0.00017279
5272.08 -0.000587855
5292.05 -6.65e-05
5312.02 -0.000186782
5331.99 0.000928725
5351.96 0.000643825
5371.93 -0.000683178
5391.900000000001 0.000752687
5411.87 -0.000141581
5431.84 -4.86e-05
5451.81 -0.000196659
5471.78 5.07e-05
5491.75 0.001173963
5511.72 -0.000195399
5531.69 -6.94e-05
5551.660000000001 -0.000190713
5571.63 0.000864661
5591.599999999999 0.000372414
5611.570000000001 0.000497782
5631.54 0.00092827
5651.509999999999 0.000233986
5671.4800000000005 -0.000639999
5691.45 -0.000283623
5711.42 -9.41e-05
5731.39 -0.00058695
5751.36 -0.000551611
5771.33 0.000484232
5791.3 -0.000245714
5811.2699999999995 -0.000457911
5831.24 -0.000402838
5851.21 -0.000196565
5871.18 0.000575045
5891.15 0.000356699
5911.12 -0.000162977
5931.09 0.000487488
5951.0599999999995 0.000424894
5971.03 -7.02e-05
5991.0 0.000133691
6010.969999999999 0.000272995
6030.9400000000005 -0.001470818
6050.91 0.001108974
6070.879999999999 -2.43e-05
6090.85 0.000670366
6110.82 0.000798178
6130.789999999999 9.48e-05
6150.76 -0.000240274
6170.73 0.000480886
6190.700000000001 -7.01e-05
6210.67 2.14e-06
6230.639999999999 0.000274725
6250.610000000001 0.000123421
6270.58 0.000140157
6290.549999999999 0.000203481
6310.52 0.000484351
6330.49 -0.00021925
6350.460000000001 -0.000235731
6370.43 0.000828182
6390.4 -0.000783772
6410.370000000001 0.00020411
6430.34 -7.81e-05
6450.3099999999995 0.000205105
6470.280000000001 0.00078183
6490.25 0.000551312
6510.22 -6.14e-06
6530.1900000000005 0.000213328
6550.16 0.000728326
6570.13 0.000433919
6590.1 -1.26e-05
6610.07 -0.000304492
6630.04 9.25e-05
6650.01 0.000267081
6669.9800000000005 0.000265722
6689.95 -0.000255301
6709.92 -0.000194299
6729.89 0.000274045
6749.86 -0.000757032
6769.83 0.000615441
6789.8 -0.000132949
6809.7699999999995 2.42e-05
6829.740000000001 0.000155209
6849.71 -0.000213219
6869.679999999999 0.000621693
6889.650000000001 0.000617298
6909.62 0.000682622
6929.589999999999 0.000386824
6949.56 0.000143409
6969.53 0.000336059
6989.5 -0.000598999
7009.47 -8.59e-05
7029.44 0.000322609
7049.41 -0.000341662
7069.38 0.001212436
7089.349999999999 -0.00011065
7109.32 -7.99e-05
7129.29 0.000123577
7149.26 0.000508929
7169.23 -2.7e-05
7189.2 -0.000566372
7209.17 0.000797622
7229.139999999999 0.000807243
7249.11 0.000270804
7269.08 -0.000328388
7289.049999999999 -0.000189982
7309.02 -8.26e-05
7328.99 -0.000554037
7348.959999999999 7.07e-05
7368.93 -0.000777766
7388.9 0.000871606
7408.869999999999 0.000327243
7428.84 0.000329702
7448.8099999999995 -0.000272863
7468.780000000001 0.000119459
7488.75 -0.000379249
7508.719999999999 -0.000551625
7528.6900000000005 0.001537527
7548.66 0.000568838
7568.630000000001 0.000266311
7588.6 0.000327974
7608.57 0.000820906
7628.540000000001 -0.000332997
7648.51 0.000124152
7668.48 -1.07e-05
7688.450000000001 -0.000605079
7708.42 0.000204768
7728.39 0.000454083
7748.360000000001 0.000242434
7768.33 -0.000204238
7788.3 -0.000247935
7808.27 -0.0008544
7828.24 0.000574673
7848.21 -0.000718371
7868.18 0.000398612
7888.150000000001 0.000185682
7908.12 0.000832458
7928.09 0.000572977
7948.06 0.000491412
7968.03 0.000337268
7988.0 -0.008528445
8007.97 -0.002495392
8027.94 -0.012298117
8047.910000000001 -0.007446869
8067.88 -0.009345386
8087.849999999999 -0.013693918
8107.820000000001 -0.005044457
8127.79 -0.007646949
8147.759999999999 -0.007680689
8167.7300000000005 -0.011227657
8187.7 -0.008197657
8207.67 -0.005153562
8227.64 -0.007609313
8247.61 -0.006579596
8267.58 -0.008216468
8287.55 -0.009981208
8307.52 -0.008904576
8327.49 -0.006496884
8347.46 -0.016276324
8367.43 -0.010371663
8387.4 -0.015296637
8407.369999999999 0.001597175
8427.34 -0.005132424
8447.31 -0.007980574
8467.279999999999 -0.007000294
8487.25 -0.010656402
8507.22 -0.008772214
8527.19 -0.011496387
8547.16 -0.007403741
8567.13 -0.008362119
8587.1 -0.008097814
8607.07 -0.010926977
8627.039999999999 -0.009719329
8647.01 -0.008463884
8666.98 -0.005836837
8686.95 -0.00614489
8706.92 -0.01227651
8726.89 -0.008795466
8746.86 -0.008823278
8766.83 -0.006029259
8786.8 -0.006073851
8806.77 -0.008208
8826.74 -0.010620744
8846.710000000001 -0.006410298
8866.68 -0.00757834
8886.65 -0.008270123
8906.62 -0.004860231
8926.59 0.002069912
8946.56 -0.017003227
8966.53 -0.010667208
8986.5 -0.003375441
9006.470000000001 -0.010452922
9026.44 -0.007408481
9046.41 -0.001274537
9066.380000000001 -0.013971725
9086.35 -0.009874125
9106.32 -0.011584809
9126.29 -0.004189406
9146.26 -0.001811742
9166.23 0.001079254
9186.2 -0.000780378
9206.17 -0.010612221
9226.14 -0.005207971
9246.11 -0.006796133
9266.08 -0.009050574
9286.05 -0.008504435
9306.02 -0.00683724
9325.99 -0.013204882
9345.96 -0.003894291
9365.93 -0.005982931
9385.9 -0.012769459
9405.869999999999 -0.009387374
9425.84 -0.012071982
9445.81 0.003384402
9465.779999999999 -0.006129429
9485.75 -0.010878825
9505.72 -0.00537455
9525.689999999999 -0.010860097
9545.66 -0.007465132
9565.63 -0.006936272
9585.599999999999 -0.003252526
9605.57 -0.009275888
9625.539999999999 -0.003562393
9645.51 -0.006829629
9665.48 -0.004348309
9685.449999999999 -0.005110778
9705.42 -0.00398177
9725.39 -0.005948243
9745.359999999999 -0.017002432
9765.33 -0.004981109
9785.3 -0.009460501
9805.27 -0.009216788
9825.24 -0.003104425
9845.21 -0.005040636
9865.18 -0.007989426
9885.15 -0.006281926
9905.119999999999 -0.010755228
9925.09 -0.008227183
9945.06 -0.012127352
9965.03 -0.005648134
9985.0 -0.006957754
10004.97 -0.009908798
10024.94 -0.006720657
10044.91 -0.004029504
10064.880000000001 -0.009151603
10084.85 -0.009018772
10104.82 -0.008294839
10124.79 -0.006073043
10144.76 -0.008506863
10164.73 -0.00907384
10184.7 -0.009273591
10204.67 -0.003946782
10224.640000000001 -0.009601559
10244.61 -0.011643984
10264.580000000002 -0.005011775
10284.55 -0.011495668
10304.52 -0.003697248
10324.490000000002 -0.007243421
10344.46 -0.01141931
10364.43 -0.014806513
10384.400000000001 0.0024103
10404.369999999999 -0.009064089
10424.34 -0.004014052
10444.310000000001 -0.011716423
10464.28 -0.005969006
10484.25 -0.00736051
10504.220000000001 -0.008141268
10524.19 -0.010412554
10544.16 -0.010576084
10564.130000000001 -0.010721244
10584.1 0.003241722
10604.07 -0.010179187
10624.04 -0.000787197
10644.01 -0.002313464
10663.98 -0.006650791
10683.95 -0.008346936
10703.92 -0.004674497
10723.89 -0.002382059
10743.86 -0.012918153
10763.83 -0.010011174
10783.800000000001 -0.007918512
10803.77 -0.007523761
10823.74 -0.005628693
10843.710000000001 -0.00636886
10863.68 -0.010580617
10883.65 -0.009030944
10903.62 -0.00972499
10923.59 -0.009465205
10943.56 -0.008191091
10963.53 -0.00066198
10983.5 -0.007113718
11003.47 -0.013100376
11023.44 -0.006797907
11043.41 -0.006743668
11063.38 -0.008528972
11083.35 -0.007946131
11103.320000000002 -0.006251869
11123.289999999999 -0.010849933
11143.26 0.007429164
11163.230000000001 -0.010830375
11183.199999999999 -0.008724482
11203.17 -0.007720425
11223.140000000001 -0.007134849
11243.109999999999 -0.005395705
11263.08 -0.007599576
11283.050000000001 -0.009367166
11303.019999999999 -0.01411235
11322.99 -0.008822453
11342.960000000001 -5.16e-05
11362.929999999998 -0.005734819
11382.9 -0.002803461
11402.87 -0.007117911
11422.84 -0.009774807
11442.81 -0.008285407
11462.78 -0.006668065
11482.75 -0.011083462
11502.72 -0.004847829
11522.69 -0.008814231
11542.66 -0.009376218
11562.63 -0.001661415
11582.6 -0.014523825
11602.57 -0.007630885
11622.539999999999 -0.010572396
11642.51 -0.006045275
11662.48 0.002004179
11682.449999999999 -0.011636822
11702.42 -0.006082207
11722.39 -0.004382581
11742.36 -0.011690265
11762.33 -0.006547086
11782.3 -0.00364
11802.27 -0.008607515
11822.24 -0.001304625
11842.21 -0.008640886
11862.18 -0.008276754
11882.15 -0.006089279
11902.119999999999 -0.006341463
11922.09 -0.002855533
11942.06 -0.01338366
11962.029999999999 -0.000198161
11982.0 -0.008058269
12001.97 -0.009961777
12021.939999999999 -0.005351868
12041.91 -0.004377767
12061.880000000001 -0.009150845
12081.849999999999 -0.014086482
12101.82 0.001275977
12121.79 -0.00607974
12141.759999999998 -0.006088534
12161.73 -0.006118447
12181.7 -0.011026626
12201.669999999998 -0.008955047
12221.64 -0.002717792
12241.61 -0.011048658
12261.579999999998 -0.001534271
12281.55 -0.008391963
12301.52 -0.013015714
12321.489999999998 -0.000229512
12341.46 -0.007465297
12361.43 -0.001875178
12381.400000000001 -0.008647165
12401.369999999999 -0.007664636
12421.34 -0.008076599
12441.310000000001 -0.008193127
12461.279999999999 -0.005178555
12481.25 -0.00996232
12501.220000000001 -0.010704442
12521.189999999999 -0.014162637
12541.16 0.007524779
12561.130000000001 -0.013712652
12581.099999999999 -0.005000347
12601.07 -0.00863081
12621.04 -0.006324443
12641.010000000002 -0.009923965
12660.98 -0.008823462
12680.95 -0.008160311
12700.920000000002 -0.003647539
12720.89 -0.007639665
12740.86 -0.005341759
12760.830000000002 -0.007479238
12780.8 -0.008184937
12800.77 -0.007118782
12820.740000000002 -0.004964028
12840.71 -0.008073196
12860.68 -0.00841162
12880.650000000001 -0.007632954
12900.619999999999 -0.006381227
12920.59 -0.004192078
12940.560000000001 -0.013390378
12960.53 0.000335105
12980.5 -0.007466059
13000.470000000001 -0.004555397
13020.44 -0.004438937
13040.41 -0.00791895
13060.380000000001 -0.005827047
13080.35 -0.010151397
13100.32 -0.007427721
13120.29 -0.008457327
13140.26 -0.004717987
13160.23 -0.008642752
13180.2 -0.003799126
13200.17 -0.010261692
13220.14 -0.005391379
13240.11 -0.008517881
13260.08 -0.012103635
13280.050000000001 -0.006334305
13300.02 -0.009402441
13319.99 -0.001474778
13339.960000000001 -0.008057214
13359.93 -0.005164837
13379.9 -0.01040116
13399.87 -0.007486459
13419.84 -0.005722754
13439.81 -0.010566728
13459.78 -0.008908254
13479.75 -0.004698584
13499.72 -0.002717932
13519.69 -0.012425917
13539.66 -0.001083547
13559.63 -0.009147233
13579.6 -0.007782475
13599.570000000002 -0.008996197
13619.539999999999 -0.008513032
13639.51 -0.007397659
13659.480000000001 -0.010301935
13679.449999999999 -0.008504343
13699.42 -0.008018273
13719.390000000001 -0.009294924
13739.359999999999 -0.002484507
13759.33 -0.009218066
13779.300000000001 -0.004875481
13799.269999999999 -0.005844885
13819.24 -0.010894421
13839.210000000001 -0.004780305
13859.179999999998 -0.002347396
13879.15 -0.009662375
13899.12 -0.005658511
13919.09 -0.003157686
13939.06 -0.000496853
13959.03 -0.004628931
13979.0 0.001977502
13998.97 -9.6e-05
14018.94 0.005423121
14038.91 0.004235307
14058.88 0.009664299
14078.85 0.008020482
14098.82 0.016062701
14118.789999999999 0.016874172
14138.76 0.018057143
14158.73 0.023972932
14178.699999999999 0.027054898
14198.67 0.034354258
14218.64 0.047550429
14238.61 0.057324704
14258.58 0.073036373
14278.55 0.100387543
14298.52 0.135415345
14318.49 0.191284418
14338.46 0.259776622
14358.43 0.364824891
14378.4 0.499385655
14398.369999999999 0.664033651
14418.34 0.851404488
14438.31 1.055392742
14458.279999999999 1.259287596
14478.25 1.469716072
14498.22 1.668557167
14518.189999999999 1.914367676
14538.16 2.243725538
14558.130000000001 2.673224211
14578.099999999999 3.275053501
14598.07 4.153645515
14618.04 5.445586681
14638.009999999998 7.406801224
14657.98 10.452367783
14677.95 15.013334274
14697.919999999998 22.095413208
14717.89 32.305854797
14737.86 46.198974609
14757.829999999998 62.189369202
14777.8 75.132606506
14797.77 82.490226746
14817.739999999998 84.500457764
14837.71 84.200317383
14857.68 83.487106323
14877.650000000001 83.442321777
14897.619999999999 84.454551697
14917.59 86.108055115
14937.560000000001 88.159202576
14957.529999999999 90.270263672
14977.5 91.924285889
14997.470000000001 93.18762207
15017.439999999999 94.031646729
15037.41 94.302070618
15057.380000000001 94.424858093
15077.349999999999 94.412788391
15097.32 94.315414429
15117.29 94.459266663
15137.260000000002 94.618293762
15157.23 94.862541199
15177.2 95.231559753
15197.170000000002 95.574584961
15217.14 95.912635803
15237.11 96.258651733
15257.080000000002 96.383049011
15277.05 96.509872437
15297.02 96.580108643
15316.990000000002 96.439498901
15336.96 96.408546448
15356.93 96.194168091
15376.900000000001 96.000007629
15396.869999999999 95.927604675
15416.84 95.733329773
15436.810000000001 95.626846313
15456.78 95.635322571
15476.75 95.546005249
15496.720000000001 95.653953552
15516.69 95.771179199
15536.66 95.83744812
15556.630000000001 96.076896667
15576.6 96.199447632
15596.57 96.321403503
15616.54 96.520294189
15636.51 96.608184814
15656.48 96.676361084
15676.45 96.808128357
15696.42 96.747421265
15716.39 96.715423584
15736.36 96.710746765
15756.33 96.634590149
15776.300000000001 96.607368469
15796.27 96.500823975
15816.24 96.367835999
15836.210000000001 96.347198486
15856.18 96.182434082
15876.15 96.019371033
15896.12 95.984298706
15916.09 95.795578003
15936.06 95.701278687
15956.03 95.630439758
15976.0 95.478996277
15995.97 95.429695129
16015.94 95.413330078
16035.91 95.326751709
16055.88 95.452041626
16075.85 95.397468567
16095.820000000002 95.477729797
16115.789999999999 95.596984863
16135.76 95.607421875
16155.730000000001 95.709915161
16175.699999999999 95.831184387
16195.67 95.837387085
16215.640000000001 95.982322693
16235.609999999999 96.085235596
16255.58 96.110015869
16275.550000000001 96.2813797
16295.519999999999 96.33795929
16315.49 96.416763306
16335.460000000001 96.663406372
16355.429999999998 96.633796692
16375.4 96.886955261
16395.37 96.997680664
16415.34 97.065078735
16435.309999999998 97.211959839
16455.28 97.262771606
16475.25 97.278694153
16495.22 97.408149719
16515.19 97.285430908
16535.16 97.273620605
16555.129999999997 97.327529907
16575.1 97.230072021
16595.07 97.242027283
16615.04 97.308334351
16635.01 97.275772095
16654.98 97.472816467
16674.949999999997 97.521728516
16694.92 97.539772034
16714.89 97.821060181
16734.86 97.832244873
16754.829999999998 97.867546082
16774.8 97.921852112
16794.77 97.855712891
16814.739999999998 97.772254944
16834.71 97.678756714
16854.68 97.54283905
16874.649999999998 97.371261597
16894.62 97.183563232
16914.59 97.035568237
16934.559999999998 97.021392822
16954.53 96.961669922
16974.5 96.927246094
16994.469999999998 97.111701965
17014.44 97.092857361
17034.41 97.198692322
17054.38 97.161499023
17074.35 97.374847412
17094.32 97.184440613
17114.29 97.097846985
17134.26 96.75340271
17154.23 96.633789062
17174.2 96.396102905
17194.17 96.044113159
17214.14 96.010536194
17234.11 95.8228302
17254.079999999998 95.889953613
17274.05 96.058349609
17294.02 96.227394104
17313.989999999998 96.533432007
17333.96 96.742721558
17353.93 96.970062256
17373.9 97.084716797
17393.87 96.901695251
17413.84 96.294441223
17433.81 95.450363159
17453.78 93.996559143
17473.75 92.140785217
17493.72 89.830703735
17513.69 86.864181519
17533.66 83.288047791
17553.63 79.058815002
17573.6 73.757843018
17593.57 67.541885376
17613.54 60.385948181
17633.510000000002 52.507091522
17653.48 44.565746307
17673.45 37.038536072
17693.420000000002 30.145463943
17713.39 24.225198746
17733.36 19.377685547
17753.33 15.433552742
17773.3 12.375136375
17793.27 9.935771942
17813.24 8.056752205
17833.21 6.61452055
17853.18 5.491580963
17873.15 4.595711708
17893.12 3.878027916
17913.09 3.263389349
17933.06 2.821903944
17953.030000000002 2.433534622
17973.0 2.111977816
17992.97 1.833687305
18012.940000000002 1.598840952
18032.91 1.378226757
18052.88 1.189135671
18072.850000000002 1.011536598
18092.82 0.854232788
18112.79 0.71610105
18132.760000000002 0.582812726
18152.73 0.484699607
18172.7 0.397246182
18192.670000000002 0.320429951
18212.64 0.254831135
18232.61 0.204662934
18252.58 0.168619007
18272.550000000003 0.131515473
18292.52 0.110418141
18312.49 0.085491553
18332.46 0.068232715
18352.43 0.054103445
18372.4 0.041582171
18392.370000000003 0.036621299
18412.34 0.030976743
18432.31 0.026176797
18452.28 0.019861039
18472.25 0.016056523
18492.22 0.012489786
18512.190000000002 0.008108478
18532.16 0.008925553
18552.13 0.012129336
18572.1 0.005998018
18592.07 0.006150018
18612.04 0.001119106
18632.010000000002 0.009741442
18651.98 0.002866048
18671.95 0.003379076
18691.92 -0.001471732
18711.89 0.00206186
18731.86 0.004005186
18751.83 -0.007170288
18771.8 -0.00085662
18791.77 -0.003996692
18811.739999999998 -0.008626645
18831.71 0.002309487
18851.68 -0.003956562
18871.65 -0.002941467
18891.62 -0.008866698
18911.59 -0.000559513
18931.559999999998 -0.004232132
18951.53 -0.005416248
18971.5 -0.009865637
18991.47 -0.001407151
19011.44 -0.005029102
19031.41 -0.005414602
19051.379999999997 -0.003029168
19071.35 -0.002247864
19091.32 -0.004772985
19111.29 -0.009519023
19131.26 -0.010426831
19151.23 -0.001455704
19171.199999999997 -0.004782555
19191.17 -0.005451859
19211.14 -0.014284649
19231.11 -0.00013678
19251.079999999998 -0.008253791
19271.05 -0.002671936
19291.02 -0.005301174
19310.989999999998 -0.006756629
19330.96 -0.006966298
19350.93 -0.007353554
19370.899999999998 -0.010338667
19390.87 0.003225951
19410.84 -0.006988829
19430.809999999998 0.001611311
19450.78 -0.008061897
19470.75 0.000892739
19490.719999999998 -0.004519164
19510.69 -0.00505494
19530.66 -0.00604678
19550.63 -0.009211836
19570.6 -0.006820139
19590.57 -0.006771117
19610.54 -0.012716579
19630.51 -0.005431626
19650.48 -0.008155817
19670.45 0.000376052
19690.42 -0.006196759
19710.39 -0.007903151
19730.36 -0.006342904
19750.329999999998 -0.002002428
19770.3 -0.006415172
19790.27 -0.008200714
19810.239999999998 -0.005967344
19830.21 -0.005079932
19850.18 -0.003256619
19870.15 -0.007424532
19890.12 -0.006481863
19910.09 -0.005440671
19930.06 -0.009770842
19950.03 -0.007052408
19970.0 -0.007707758
19989.97 -0.010896616
20009.94 0.001573502
20029.91 -0.0111979
20049.88 -0.015403263
20069.85 0.002457876
20089.82 -0.010323117
20109.79 -0.00072575
20129.760000000002 -0.00601558
20149.73 -0.008793459
20169.7 -0.006120863
20189.670000000002 -0.007361984
20209.64 -0.008224938
20229.61 -0.006933964
20249.58 -0.008092335
20269.55 -0.007906734
20289.52 -0.002266658
20309.49 -0.004040596
20329.46 -0.007554658
20349.43 -0.006293587
20369.4 -0.006030331
20389.37 -0.006670996
20409.34 -0.006012955
20429.31 -0.009358443
20449.280000000002 -0.005656187
20469.25 -0.003120614
20489.22 -0.004146983
20509.19 -0.009046115
20529.160000000003 -0.00541931
20549.13 -0.003857351
20569.1 -0.003252788
20589.07 -0.007695316
20609.04 -0.005594352
20629.01 -0.006344166
20648.980000000003 -0.006380661
20668.95 -0.00784299
20688.92 -0.004766979
20708.89 -0.006386099
20728.86 -0.006050585
20748.829999999998 0.002834032
20768.800000000003 -0.010622384
20788.77 -0.00899646
20808.739999999998 -0.008525277
20828.71 -0.000407098
20848.68 -0.006707891
20868.649999999998 -0.003721501
20888.620000000003 -0.007608622
20908.59 -0.004965487
20928.56 -0.00455556
20948.53 0.00040552
20968.5 -0.006169031
20988.47 -0.005865178
21008.440000000002 -0.003492855
21028.41 -0.005126749
21048.38 -0.006538948
21068.35 -0.008549763
21088.32 -0.008855773
21108.29 -0.005858367
21128.260000000002 -0.005170409
21148.23 -0.010670311
21168.2 -0.012283822
21188.17 0.002894381
21208.14 -0.008488433
21228.11 -0.005289311
21248.08 -0.005573036
21268.05 -0.007654702
21288.02 -0.007095431
21307.989999999998 -0.007762302
21327.96 -0.006403513
21347.93 -0.005690411
21367.9 -0.008553257
21387.87 -0.003754401
21407.84 -0.011617169
21427.809999999998 -0.00404562
21447.78 -0.006516351
21467.75 -0.011086715
21487.72 -0.005106761
21507.69 -0.006611389
21527.66 -0.007266076
21547.629999999997 -0.007715381
21567.600000000002 -0.004689888
21587.57 -0.005181668
21607.54 -0.005547795
21627.510000000002 -0.004642138
21647.48 -0.008420745
21667.449999999997 -0.010059746
21687.420000000002 -0.004299413
21707.39 -0.009275236
21727.36 -0.001435147
21747.33 -0.009083613
21767.3 -0.007803512
21787.269999999997 -0.001511299
21807.24 -0.004520373
21827.21 -0.007216601
21847.18 -0.007082284
21867.15 -0.002462734
21887.12 -0.007104864
21907.089999999997 -0.006864661
21927.06 -0.006828998
21947.03 -0.006622265
21967.0 -0.004515435
21986.97 -0.007834067
22006.94 -0.006211912
22026.909999999996 -0.004958133
22046.88 -0.006107249
22066.85 -0.001424418
22086.82 -0.012217643
22106.79 -0.004737716
22126.76 -0.004676047
22146.729999999996 -0.003633609
22166.7 -0.005701526
22186.67 -0.005855718
22206.640000000003 -0.002559502
22226.61 -0.010326501
22246.579999999998 -0.004079084
22266.550000000003 -0.011568951
22286.52 -0.001298396
22306.489999999998 -0.00309221
22326.460000000003 -0.010082792
22346.43 -0.013590203
22366.399999999998 -0.00634488
22386.370000000003 -0.003547434
22406.34 -0.005301119
22426.309999999998 -0.004507767
22446.280000000002 -0.011056181
22466.25 -0.008374211
22486.219999999998 -0.004927279
22506.190000000002 0.000114788
22526.16 -0.007020312
22546.129999999997 -0.01317523
22566.100000000002 -0.003936698
22586.07 -0.006426074
22606.039999999997 -0.006687344
22626.010000000002 -0.009767355
22645.98 -8.95e-05
22665.949999999997 -0.017694963
22685.920000000002 0.005805906
22705.89 -0.005147922
22725.859999999997 -0.005202567
22745.83 -0.006405207
22765.8 -0.000937125
22785.770000000004 -0.00202712
22805.74 -0.00727167
22825.71 -0.007718791
22845.68 -0.007856068
22865.65 -0.015702959
22885.62 0.00529119
22905.590000000004 -0.006569741
22925.56 -0.006923142
22945.53 -0.011142083
22965.5 0.002622518
22985.47 -0.001064517
23005.44 -0.00794179
23025.410000000003 -0.004420281
23045.38 -0.008677281
23065.35 -0.007426796
23085.32 -0.006295715
23105.29 -0.003335237
23125.26 -0.007513798
23145.230000000003 -0.005498006
23165.2 -0.003021595
23185.17 -0.005879302
23205.14 -0.003336421
23225.11 -0.009743778
23245.079999999998 -0.006723187
23265.050000000003 -0.006642956
23285.02 -0.003836918
23304.989999999998 -0.008136069
23324.96 -0.004682841
23344.93 -0.007764222
23364.899999999998 -0.005684651
23384.870000000003 -0.006565113
23404.84 -0.006564898
23424.81 -0.001978366
23444.78 -0.005305807
23464.75 -0.007250195
23484.72 -0.006374474
23504.690000000002 -0.005283563
23524.66 -0.00774537
23544.63 -0.004309596
23564.6 -0.002836402
23584.57 -0.00855398
23604.54 -0.009312909
23624.510000000002 -0.002918423
23644.48 -0.005393015
23664.45 -0.00451687
23684.42 -0.007985232
23704.39 -0.007657123
23724.36 -0.00599031
23744.33 -0.004669717
23764.3 -0.009076099
23784.27 -0.01172177
23804.239999999998 0.00093275
23824.21 -0.005294068
23844.18 -0.007191282
23864.15 -0.004762135
23884.12 -0.000285232
23904.09 -0.011787836
23924.059999999998 -0.008376796
23944.03 -0.005985422
23964.0 -0.006670373
23983.97 -0.005296556
24003.94 -0.004862649
24023.91 -0.009846043
24043.879999999997 -0.007186478
24063.850000000002 -0.010650647
24083.82 -0.008319762
24103.79 -0.005373425
24123.760000000002 0.001593691
24143.73 -0.002953875
24163.699999999997 -0.009101182
24183.670000000002 -0.008786771
24203.64 -0.003172584
24223.61 -0.005116384
24243.58 -0.005623297
24263.55 -0.007664783
24283.519999999997 -0.005803046
24303.49 -0.00567071
24323.46 -0.005424702
24343.43 -0.006229877
24363.4 -0.005754761
24383.37 -0.005993395
24403.339999999997 -0.01359316
24423.31 0.002540929
24443.28 -0.004157855
24463.25 -0.01008839
24483.22 -0.007226963
24503.19 -0.009729193
24523.159999999996 -0.003158449
24543.13 -0.007245115
24563.1 -0.006495368
24583.07 -0.007861532
24603.04 -0.004820291
24623.01 -0.007767898
24642.979999999996 -0.004048209
24662.95 -0.009113992
24682.92 -0.005965281
24702.890000000003 -0.005687035
24722.86 -0.008511675
24742.829999999998 -0.003990224
24762.800000000003 -0.009287564
24782.77 -0.002602671
24802.739999999998 -0.006346302
24822.710000000003 -0.005424393
24842.68 -0.006603317
24862.649999999998 -0.007349674
24882.620000000003 -0.008033849
24902.59 0.003158935
24922.559999999998 -0.002258771
24942.530000000002 -0.007615871
24962.5 -0.010494838
24982.469999999998 -0.004633979
25002.440000000002 -0.00573903
25022.41 -0.006745679
25042.379999999997 -0.006867945
25062.350000000002 -0.008237581
25082.32 -0.001975564
25102.289999999997 -0.004552952
25122.260000000002 -0.004713787
25142.23 -0.007652864
25162.199999999997 -0.009601791
25182.170000000002 -0.001044378
25202.14 -0.004778847
25222.109999999997 -0.005942878
25242.08 -0.00566943
25262.05 -0.003756331
25282.020000000004 -0.001444188
25301.99 -0.003382912
25321.96 -0.018763503
25341.93 0.003230667
25361.9 -0.005903365
25381.87 -0.00596889
25401.840000000004 -0.005127735
25421.81 -0.005810184
25441.78 -0.010109272
25461.75 0.000883745
25481.72 -0.011921784
25501.69 -0.006946682
25521.660000000003 -0.001640093
25541.63 -0.008290705
25561.6 -0.007330647
25581.57 -0.003869678
25601.54 -0.006237948
25621.51 -0.00755707
25641.480000000003 -0.009710446
25661.45 -0.006951149
25681.42 0.003409178
25701.39 -0.009417802
25721.36 -0.004633353
25741.329999999998 -0.00668588
25761.300000000003 -0.002754073
25781.27 -0.008593359
25801.239999999998 -0.01081947
25821.21 0.003985178
25841.18 -0.00767595
25861.149999999998 -0.003217573
25881.120000000003 -0.006495017
25901.09 -0.007181665
25921.06 -0.005134793
25941.03 -0.010762923
25961.0 0.003503894
25980.97 -0.008588973
26000.940000000002 -0.008762717
26020.91 -0.005294837
26040.88 -0.005957515
26060.85 -0.003115957
26080.82 -0.008520406
26100.79 -0.007557698
26120.760000000002 -0.001535955
26140.73 -0.002421916
26160.7 -0.006915933
26180.67 -0.007020168
26200.64 -0.004449757
26220.61 -0.004362988
26240.58 -0.008141708
26260.55 -0.011557763
26280.52 0.00915732
26300.489999999998 -0.003312011
26320.46 -0.00868782
26340.43 -0.009386043
26360.4 -0.007397305
26380.37 -0.001814319
26400.34 -0.008181475
26420.309999999998 -0.00493444
26440.28 -0.007247246
26460.25 -0.009356759
26480.22 -0.009524006
26500.19 -0.005851906
26520.16 -0.00395603
26540.129999999997 -0.005216274
26560.100000000002 -0.008710055
26580.07 -0.005657196
26600.04 -0.009295141
26620.010000000002 -0.003891074
26639.98 -0.006256769
26659.949999999997 -0.004495018
26679.920000000002 -0.006108562
26699.89 -0.006694977
26719.86 -0.00121216
26739.83 -0.004334566
26759.8 -0.000411915
26779.769999999997 -0.005276541
26799.74 -0.00432711
26819.71 -0.005516051
26839.68 -0.004041103
26859.65 -0.005788194
26879.62 -0.006223514
26899.589999999997 -0.006698677
26919.56 -0.006996781
26939.53 -0.01321378
26959.5 -0.0020078
26979.47 -0.002808559
26999.44 -0.002311172
27019.409999999996 -0.002776004
27039.38 -0.011823661
27059.35 -0.007737364
27079.32 -0.00594734
27099.29 -0.011353392
27119.26 -2.77e-05
27139.229999999996 -0.006347218
27159.2 -0.008775201
27179.17 -0.006169653
27199.140000000003 -0.016383324
27219.11 0.005123948
27239.079999999998 -0.002984553
27259.050000000003 -0.004268377
27279.02 -0.004180738
27298.989999999998 -0.007048287
27318.960000000003 -0.007761837
27338.93 -0.004489752
27358.899999999998 -0.004300865
27378.870000000003 -0.007546551
27398.84 -0.008588952
27418.809999999998 -0.006416815
27438.780000000002 -0.005046265
27458.75 -0.00463003
27478.719999999998 -0.007917774
27498.690000000002 -0.008265373
27518.66 -0.006864754
27538.629999999997 -0.00471007
27558.600000000002 -0.002225489
27578.57 -0.005379574
27598.539999999997 -0.005294731
27618.510000000002 -0.010959136
27638.48 -0.006409489
27658.449999999997 -0.014946343
27678.420000000002 0.004440587
27698.39 -0.004516236
27718.359999999997 -0.005269466
27738.33 -0.009349989
27758.3 -0.004441258
27778.270000000004 -0.007637853
27798.24 -0.005004107
27818.21 -0.015486117
27838.18 -0.00078935
27858.15 -0.005441289
27878.12 -0.006609957
27898.090000000004 -0.003797831
27918.06 -0.00405858
27938.03 -0.00400963
27958.0 -0.007589844
27977.97 -0.007146208
27997.94 -0.006112373
28017.910000000003 0.000228492
28037.88 -0.010880851
28057.85 -0.004045665
28077.82 -0.010488878
28097.79 -0.006513217
28117.76 -0.004347011
28137.730000000003 -0.005289183
28157.7 -0.004721568
28177.67 -0.003667674
28197.64 -0.00609593
28217.61 -0.010694171
28237.579999999998 -0.007141835
28257.550000000003 -0.00746885
28277.52 -0.002510502
28297.489999999998 -0.005247709
28317.46 -0.003190235
28337.43 -0.004560133
28357.399999999998 -0.004489229
28377.370000000003 -0.007567273
28397.34 -0.004366743
28417.31 -0.011551732
28437.28 0.004013115
28457.25 -0.009233077
28477.22 -0.009528734
28497.190000000002 -0.002433963
28517.16 -0.009099155
28537.13 -0.006669506
28557.1 -0.009599866
28577.07 -0.003181573
28597.04 -0.011476274
28617.010000000002 -0.006808787
28636.98 0.003197414
28656.95 -0.005473266
28676.92 -0.009769545
28696.89 -0.007520001
28716.86 -0.009381221
28736.83 0.0036619
28756.8 -0.006052011
28776.77 -0.009148793
28796.739999999998 -0.006306258
28816.71 -0.006675226
28836.68 0.000109706
28856.65 -0.005729797
28876.62 -0.005702069
28896.59 -0.003437412
28916.559999999998 -0.005029399
28936.53 -0.010452428
28956.5 -0.004611717
28976.47 0.003569328
28996.44 -0.012839795
29016.41 -0.003482537
29036.379999999997 -0.002907601
29056.350000000002 -0.004042523
29076.32 -0.000576357
29096.29 -0.010805522
29116.260000000002 -0.007821401
29136.23 -0.005838807
29156.199999999997 -0.006967324
29176.170000000002 -0.004446459
29196.14 -0.00434437
29216.11 -0.004762169
29236.08 -0.006222242
29256.05 -0.005666752
29276.019999999997 -0.003521113
29295.99 -0.006679109
29315.96 -0.010306608
29335.93 -0.00130443
29355.9 -0.008819301
29375.87 -0.006200837
29395.839999999997 -0.013537125
29415.81 -0.008389981
29435.78 -0.010766942
29455.75 -0.003287135
29475.72 -0.00693643
29495.69 -0.003883039
29515.659999999996 -0.006487645
29535.63 -0.004035929
29555.6 -0.004679207
29575.57 -0.005112779
29595.54 -0.003519136
29615.51 -0.007449359
29635.479999999996 -0.009859624
29655.45 -0.004726724
29675.42 -0.013615644
29695.390000000003 -0.005689691
29715.36 -0.009108773
29735.329999999998 -0.003660546
29755.300000000003 -0.003862626
29775.27 -0.008353648
29795.239999999998 -0.016750706
29815.210000000003 0.004556654
29835.18 -0.005174465
29855.149999999998 -0.006458854
29875.120000000003 -0.009105543
29895.09 -0.014793513
29915.059999999998 0.006864029
29935.030000000002 -0.009508023
29955.0 -0.008062108
