#VLT_HAWKI_J
#VLT HAWKI J band http://www.eso.org/sci/facilities/paranal/instruments/hawki/inst.html
499.5 0.000259995
501.498 -0.000258185
503.496 0.000143311
505.494 0.001181498
507.492 -0.0004368
509.49 0.000427747
511.488 9.36e-05
513.486 -1.92e-05
515.484 -0.000412749
517.482 -0.000697609
519.48 1.88e-05
521.478 -0.000660826
523.476 0.000175814
525.474 0.000111515
527.472 0.001303019
529.47 -0.000251134
531.468 0.000548612
533.466 3.85e-05
535.464 0.000526425
537.462 0.000628655
539.46 0.000904299
541.458 0.000780238
543.456 0.000346187
545.454 0.000505871
547.452 0.000138288
549.45 0.000872064
551.448 -4.27e-05
553.446 -0.000408041
555.444 2.26e-05
557.442 0.000634008
559.44 0.000654382
561.438 0.000465387
563.436 0.000403679
565.434 0.000471938
567.432 -0.000538604
569.43 -0.000441405
571.428 -0.000239922
573.426 -0.000479369
575.424 -0.000483193
577.422 0.000232592
579.42 0.000222345
581.418 0.000771387
583.416 0.000978334
585.414 0.000577115
587.412 0.000680072
589.41 0.000810701
591.408 0.000696888
593.406 0.000618493
595.404 6.79e-05
597.402 -0.000639281
599.4 -0.000623494
601.398 0.000149686
603.396 0.000345462
605.394 0.000323366
607.392 -0.000174462
609.39 0.000320743
611.388 0.000210912
613.386 0.000675139
615.384 -4.25e-05
617.382 3.51e-05
619.38 0.000174913
621.378 0.000270221
623.376 0.001110793
625.374 -0.000249282
627.372 -0.000511586
629.37 -0.000382034
631.368 0.001019666
633.366 0.000311706
635.364 -0.000127273
637.362 0.00036388
639.36 -5.69e-05
641.358 -0.000104938
643.356 -0.000332113
645.354 1.73e-05
647.352 0.000534479
649.35 0.000587365
651.348 0.000776434
653.346 0.000306142
655.344 -0.000467338
657.342 -0.000483416
659.34 0.000600597
661.338 0.000363009
663.336 0.00094376
665.334 -0.000110221
667.332 0.000416642
669.33 0.000828363
671.328 -0.000627129
673.326 0.000659984
675.324 -7.1e-05
677.322 6.33e-05
679.32 0.000605958
681.318 0.001005888
683.316 -9.56e-05
685.314 -0.000296271
687.312 0.001131812
689.31 0.0002423
691.308 4.83e-05
693.306 -0.000335044
695.304 -0.000350476
697.302 -6.49e-05
699.3 0.000554201
701.298 -0.00014983
703.296 0.000132942
705.294 0.000958534
707.292 0.001015463
709.29 -0.000244297
711.288 -0.000128086
713.286 0.00068073
715.284 0.000348685
717.282 0.000211121
719.28 0.000589731
721.278 -0.000321012
723.276 -0.000203191
725.274 -7.89e-05
727.272 -0.000134526
729.27 -5.98e-05
731.268 9.48e-06
733.266 0.000704572
735.264 0.000320313
737.262 -9.22e-05
739.26 0.000325927
741.258 0.000346537
743.256 0.000784448
745.254 0.000360273
747.252 0.000305482
749.25 0.000916854
751.248 0.001086202
753.246 0.000143188
755.244 0.000220443
757.242 -0.000204605
759.24 -8.6e-05
761.238 -0.000257
763.236 0.000551606
765.234 1.25e-05
767.232 0.000199989
769.23 0.000342726
771.228 0.000698685
773.226 0.000297413
775.224 0.000490113
777.222 0.00024739
779.22 -0.000244447
781.218 0.000509637
783.216 -0.000219925
785.214 0.00039968
787.212 0.001547443
789.21 -0.000245982
791.208 0.00044295
793.206 8.8e-05
795.204 0.000826447
797.202 -0.00015133
799.2 0.0005421
801.198 0.000413703
803.196 0.000214798
805.194 0.00033035
807.192 0.000488275
809.19 -0.000601125
811.188 -0.000338912
813.186 -1.1e-05
815.184 -0.000197372
817.182 0.000424163
819.18 0.000757288
821.178 0.00042603
823.176 0.000131392
825.174 0.000371316
827.172 -7.21e-05
829.17 -0.004629511
831.168 -0.009933492
833.166 -0.005676142
835.164 -0.00904259
837.162 -0.007218227
839.16 -0.008440053
841.158 -0.006084925
843.156 -0.008651448
845.154 -0.007911488
847.152 -0.007686653
849.15 -0.007929658
851.148 -0.006668104
853.146 -0.007283994
855.144 -0.007106339
857.142 -0.006074494
859.14 -0.008241601
861.138 -0.009880494
863.136 -0.008514988
865.134 -0.013555499
867.132 0.00052865
869.13 -0.007132649
871.128 -0.009448011
873.126 -0.011326366
875.124 -0.003678393
877.122 -0.008879994
879.12 -0.005415913
881.118 -0.00471857
883.116 -0.008251841
885.114 -0.013022658
887.112 -0.004763685
889.11 -0.005137077
891.108 -0.008574281
893.106 -0.006714196
895.104 -0.00924169
897.102 -0.008142537
899.1 -0.012597504
901.098 0.002438145
903.096 -0.004407508
905.094 -0.007599325
907.092 -0.008660204
909.09 -0.007133354
911.088 -0.005465317
913.086 -0.003018347
915.084 -0.007659471
917.082 -0.013176972
919.08 -0.002624414
921.078 -0.007033718
923.076 -0.005643649
925.074 -0.009523683
927.072 -0.007938055
929.07 -0.006192172
931.068 -0.002400822
933.066 -0.008959929
935.064 -0.00649682
937.062 -0.009143273
939.06 -0.010002618
941.058 -0.016940242
943.056 0.004311951
945.054 -0.001158346
947.052 -0.004824744
949.05 -0.005727416
951.048 0.001199458
953.046 -0.007398354
955.044 -0.007005291
957.042 -0.00828984
959.04 -0.004219822
961.038 -0.004281302
963.036 -0.003399954
965.034 -0.014273194
967.032 -0.005029869
969.03 -0.005599876
971.028 -8.27e-05
973.026 -0.005198897
975.024 -0.006738811
977.022 -0.004294862
979.02 -0.009457275
981.018 -0.00543266
983.016 -0.008523052
985.014 -0.00733597
987.012 0.003242759
989.01 -0.003312558
991.008 -0.003813306
993.006 -0.000763755
995.004 -0.002389018
997.002 -0.004491646
999.0 -0.002270384
1000.998 -0.007963432
1002.996 -0.000414943
1004.994 -0.004559013
1006.992 -0.006550116
1008.99 -0.001395936
1010.988 -0.015091327
1012.986 -0.006504089
1014.984 -0.006376435
1016.982 -0.013307521
1018.98 0.00380035
1020.978 0.000216994
1022.976 -0.003999196
1024.974 -0.003897192
1026.972 0.001157679
1028.97 -0.009001042
1030.968 -0.007450547
1032.966 -0.003623719
1034.964 -0.001926364
1036.962 -0.008814277
1038.96 -0.008568594
1040.958 -0.004413655
1042.956 -0.00535324
1044.954 -0.004430437
1046.952 -0.004378619
1048.95 -0.004220984
1050.948 -0.005580146
1052.946 -0.006125
1054.944 -0.003383195
1056.942 -0.003982434
1058.94 -0.002864897
1060.938 -0.009488896
1062.936 -0.015799711
1064.934 0.005307586
1066.932 -0.006971801
1068.93 -0.006866884
1070.928 -0.005765643
1072.926 -0.005004789
1074.924 -0.008611511
1076.922 -0.008227074
1078.92 -0.00367977
1080.918 -0.004459917
1082.916 -0.01148873
1084.914 -0.005380073
1086.912 -0.005777478
1088.91 -0.01156302
1090.908 0.002850645
1092.906 -0.001608606
1094.904 0.000847113
1096.902 -0.004717123
1098.9 -0.002966294
1100.898 -0.004120213
1102.896 0.001047363
1104.894 -0.003677554
1106.892 -0.005906091
1108.89 -0.004584253
1110.888 -0.001069418
1112.886 0.002235915
1114.884 0.001116936
1116.882 -0.00366399
1118.88 0.002265912
1120.878 -0.005922523
1122.876 0.001641174
1124.874 0.007355487
1126.872 0.015800426
1128.87 0.018320568
1130.868 0.027420776
1132.866 0.071776941
1134.864 0.083741829
1136.862 0.102686659
1138.86 0.12002492
1140.858 0.125748962
1142.856 0.136439592
1144.854 0.153737441
1146.852 0.169855505
1148.85 0.208103046
1150.848 0.249182135
1152.846 0.335922986
1154.844 0.462093711
1156.842 0.669638157
1158.84 1.018598437
1160.838 1.635083914
1162.836 2.657725096
1164.834 4.33525753
1166.832 7.008089066
1168.83 10.612573624
1170.828 14.528684616
1172.826 18.631008148
1174.824 22.853862762
1176.822 28.002552032
1178.82 34.878364563
1180.818 43.812431335
1182.816 54.548770905
1184.814 66.008293152
1186.812 76.059898376
1188.81 82.383026123
1190.808 84.990081787
1192.806 85.623893738
1194.804 85.397277832
1196.802 85.375801086
1198.8 85.395812988
1200.798 85.796058655
1202.796 85.904945374
1204.794 85.906478882
1206.792 85.781234741
1208.79 85.45980072
1210.788 85.370269775
1212.786 85.26234436
1214.784 85.387191772
1216.782 85.60546875
1218.78 85.860671997
1220.778 86.2290802
1222.776 86.302246094
1224.774 86.535797119
1226.772 86.54800415
1228.77 86.540176392
1230.768 86.646110535
1232.766 86.619354248
1234.764 86.830291748
1236.762 86.915473938
1238.76 87.134895325
1240.758 87.348274231
1242.756 87.48538208
1244.754 87.748947144
1246.752 87.819061279
1248.75 88.049118042
1250.748 88.164352417
1252.746 88.271530151
1254.744 88.442085266
1256.742 88.432418823
1258.74 88.594039917
1260.738 88.485527039
1262.736 88.501808167
1264.734 88.464630127
1266.732 88.344520569
1268.73 88.419898987
1270.728 88.358894348
1272.726 88.485702515
1274.724 88.615234375
1276.722 88.77722168
1278.72 88.958572388
1280.718 89.020973206
1282.716 89.18964386
1284.714 89.107505798
1286.712 89.090499878
1288.71 89.055152893
1290.708 88.857528687
1292.706 88.836494446
1294.704 88.7603302
1296.702 88.797012329
1298.7 88.96962738
1300.698 89.126899719
1302.696 89.419242859
1304.694 89.691474915
1306.692 90.109054565
1308.69 90.370925903
1310.688 90.589118958
1312.686 90.778106689
1314.684 90.762443542
1316.682 90.767486572
1318.68 90.656730652
1320.678 90.538085938
1322.676 90.254386902
1324.674 89.452133179
1326.672 87.510108948
1328.67 83.09929657
1330.668 74.788116455
1332.666 62.784248352
1334.664 48.909210205
1336.662 35.691352844
1338.66 24.853336334
1340.658 16.998390198
1342.656 11.560917854
1344.654 8.013161659
1346.652 5.642959118
1348.65 4.051534653
1350.648 2.986254692
1352.646 2.253258228
1354.644 1.725898147
1356.642 1.3567307
1358.64 1.070398331
1360.638 0.865884244
1362.636 0.705258787
1364.634 0.577887535
1366.632 0.473746896
1368.63 0.391439408
1370.628 0.317896008
1372.626 0.253069609
1374.624 0.209045693
1376.622 0.157316044
1378.62 0.1272434
1380.618 0.096477292
1382.616 0.077415407
1384.614 0.054474827
1386.612 0.050105963
1388.61 0.039094046
1390.608 0.02444387
1392.606 0.029066334
1394.604 0.018483384
1396.602 0.013110898
1398.6 0.010255792
1400.598 0.008667191
1402.596 0.004313767
1404.594 0.008836035
1406.592 0.003717849
1408.59 0.002210537
1410.588 -0.003676085
1412.586 -0.000702604
1414.584 9.33e-05
1416.582 0.001048621
1418.58 -0.003333742
1420.578 -0.000125587
1422.576 -0.01075974
1424.574 0.009532311
1426.572 -0.003186498
1428.57 -0.003730268
1430.568 -0.000358633
1432.566 -0.002640784
1434.564 -0.002511606
1436.562 0.006447952
1438.56 -0.005335115
1440.558 -0.002770334
1442.556 -0.003595425
1444.554 -0.002782072
1446.552 -0.006926777
1448.55 0.001424021
1450.548 -0.003145071
1452.546 -0.003800382
1454.544 -0.006340766
1456.542 0.000261236
1458.54 -0.003887049
1460.538 -0.008881242
1462.536 0.003662553
1464.534 -0.006389291
1466.532 -0.003688533
1468.53 -0.007783012
1470.528 -0.009130498
1472.526 -0.005718613
1474.524 -0.00279427
1476.522 -0.008034654
1478.52 -0.012951359
1480.518 0.004019209
1482.516 -0.002229609
1484.514 -0.00231003
1486.512 -0.00489995
1488.51 -0.018405193
1490.508 0.00391071
1492.506 -0.005054031
1494.504 -0.005561498
1496.502 -0.008246484
1498.5 -0.005809904
1500.498 -0.002995596
1502.496 -0.007300915
1504.494 -0.005604256
1506.492 -0.005981365
1508.49 -0.007222909
1510.488 -0.007058181
1512.486 -0.006893818
1514.484 -0.006006686
1516.482 -0.005132564
1518.48 -0.007520598
1520.478 -0.009263393
1522.476 -0.004639485
1524.474 -0.007077853
1526.472 -0.002559968
1528.47 -0.006777057
1530.468 -0.005702188
1532.466 -0.004901123
1534.464 -0.004575349
1536.462 -0.002466076
1538.46 -0.004528894
1540.458 -0.006048521
1542.456 -0.003094753
1544.454 -0.008241558
1546.452 -0.006868949
1548.45 -0.004688733
1550.448 -0.010395968
1552.446 -0.018372023
1554.444 0.002843449
1556.442 -0.006951373
1558.44 -0.004502754
1560.438 -0.00420283
1562.436 -0.008787744
1564.434 -0.00474874
1566.432 -0.008281916
1568.43 -0.006178459
1570.428 -0.014524477
1572.426 0.001574511
1574.424 -0.00399047
1576.422 -0.00703033
1578.42 -0.008130169
1580.418 -0.009774649
1582.416 0.000399352
1584.414 -0.006028242
1586.412 -0.003260145
1588.41 -0.007849228
1590.408 -0.008206066
1592.406 -0.010519756
1594.404 -0.004175861
1596.402 -0.005752448
1598.4 -0.011238778
1600.398 -0.008546074
1602.396 -0.007906465
1604.394 -0.006857803
1606.392 -0.006300297
1608.39 -0.010823699
1610.388 -0.005011014
1612.386 -0.002377702
1614.384 -0.015138255
1616.382 -0.007705151
1618.38 -0.003650784
1620.378 -0.005592802
1622.376 -0.005369812
1624.374 -0.005939841
1626.372 -0.006481432
1628.37 -0.00608924
1630.368 -0.002824913
1632.366 -0.011106045
1634.364 -0.005900946
1636.362 -0.004603882
1638.36 -0.005681643
1640.358 -0.0051696
1642.356 -0.010523612
1644.354 -0.012251038
1646.352 0.002169772
1648.35 -0.009980585
1650.348 -0.004490233
1652.346 -0.00094282
1654.344 -0.009096071
1656.342 -0.004039864
1658.34 -0.009922652
1660.338 -0.007047168
1662.336 -0.005562808
1664.334 -0.00615018
1666.332 -0.012161343
1668.33 -0.009630512
1670.328 -0.008388118
1672.326 -0.008597995
1674.324 -0.002070085
1676.322 -0.009645832
1678.32 -0.007551829
1680.318 -0.005587518
1682.316 -0.00721204
1684.314 -0.00927761
1686.312 -0.005999536
1688.31 -0.006015922
1690.308 -0.011171943
1692.306 -0.000986998
1694.304 -0.005595838
1696.302 -0.001881119
1698.3 -0.003203217
1700.298 -0.010631363
1702.296 -0.009451234
1704.294 -0.008602927
1706.292 -0.008133178
1708.29 -0.006142532
1710.288 -0.005673741
1712.286 -0.010582712
1714.284 -0.007461433
1716.282 -0.00060245
1718.28 -0.011360941
1720.278 -0.008696944
1722.276 -0.006503714
1724.274 -0.007023396
1726.272 -0.007846438
1728.27 -0.009499973
1730.268 -0.005365689
1732.266 -0.002142455
1734.264 -0.006841721
1736.262 -0.006852501
1738.26 -0.00668041
1740.258 -0.007855448
1742.256 -0.007425454
1744.254 -0.002241964
1746.252 -0.010383554
1748.25 -0.001730403
1750.248 -0.006660197
1752.246 -0.005074833
1754.244 -0.013772874
1756.242 -0.005450855
1758.24 -0.006097457
1760.238 -0.006008619
1762.236 -0.006620314
1764.234 -0.004193489
1766.232 -0.00210072
1768.23 -0.009508097
1770.228 -0.008447081
1772.226 -0.010710805
1774.224 -0.006648734
1776.222 -0.004134351
1778.22 -0.006577639
1780.218 -0.007162256
1782.216 -0.004731213
1784.214 -0.00916157
1786.212 -0.006133411
1788.21 -0.010712372
1790.208 -0.006187981
1792.206 -0.007601512
1794.204 -0.007127699
1796.202 -0.006659405
1798.2 -0.004469589
1800.198 -0.005058164
1802.196 -0.008013678
1804.194 -0.006271603
1806.192 -0.006780767
1808.19 -0.004144298
1810.188 -0.002045003
1812.186 -0.004059826
1814.184 -0.002715559
1816.182 -0.012846416
1818.18 -0.008674196
1820.178 -0.008573108
1822.176 -0.003677695
1824.174 -0.006985006
1826.172 -0.005156093
1828.17 -0.000750199
1830.168 -0.014201816
1832.166 -0.005929792
1834.164 -0.00297868
1836.162 -0.007014732
1838.16 -0.002696309
1840.158 -0.008127921
1842.156 -0.007513958
1844.154 -0.006654891
1846.152 -0.003493638
1848.15 -0.014691513
1850.148 -0.008874878
1852.146 -0.001642484
1854.144 -0.010051161
1856.142 -0.005107212
1858.14 -0.008559722
1860.138 -0.006458089
1862.136 -0.00881397
1864.134 -0.003359911
1866.132 -0.00908548
1868.13 -0.009831876
1870.128 -0.008267318
1872.126 -0.003907572
1874.124 -0.010502627
1876.122 -0.009433261
1878.12 -0.006820083
1880.118 -0.006844191
1882.116 -0.005740371
1884.114 -0.010309219
1886.112 -0.005567991
1888.11 -0.004184027
1890.108 -0.007246236
1892.106 -0.009114325
1894.104 -0.008361746
1896.102 -0.007242722
1898.1 -0.00846415
1900.098 -0.004329645
1902.096 -0.006810235
1904.094 -0.001480081
1906.092 -0.009557743
1908.09 -0.007037119
1910.088 -0.002884738
1912.086 -0.007963493
1914.084 -0.009261482
1916.082 -0.007262256
1918.08 -0.021211477
1920.078 0.002500757
1922.076 -0.010310866
1924.074 -0.002051943
1926.072 -0.002282142
1928.07 -0.010940814
1930.068 -0.005390305
1932.066 -0.007554494
1934.064 -0.004379623
1936.062 -0.002481211
1938.06 -0.003737321
1940.058 -0.005295719
1942.056 -0.013321977
1944.054 -0.010521466
1946.052 -0.00481908
1948.05 -0.006544245
1950.048 -0.005311473
1952.046 -0.002110774
1954.044 -0.006314751
1956.042 -0.006605526
1958.04 -0.008845432
1960.038 -0.006757231
1962.036 -0.006552246
1964.034 -0.004738607
1966.032 -0.003986198
1968.03 -0.01053996
1970.028 -0.005414418
1972.026 -0.007990669
1974.024 -0.003195896
1976.022 -0.003408096
1978.02 -0.010262544
1980.018 -0.008216787
1982.016 -0.008987942
1984.014 -0.006541572
1986.012 -0.00205417
1988.01 -0.008497126
1990.008 -0.006436608
1992.006 -0.010175092
1994.004 -0.00899753
1996.002 -0.009904911
1998.0 -0.00739761
1999.998 -0.005679247
2001.996 -0.005216931
2003.994 -0.004972316
2005.992 -0.008215793
2007.99 -0.00984305
2009.988 -0.001469514
2011.986 -0.009609349
2013.984 -0.007929012
2015.982 -0.005103792
2017.98 -0.009163929
2019.978 -0.011028235
2021.976 -0.01131984
2023.974 -0.005413388
2025.972 -0.007755393
2027.97 -0.00696334
2029.968 -0.010343277
2031.966 -0.00940137
2033.964 -0.015035768
2035.962 0.004552724
2037.96 -0.006926754
2039.958 -0.007607968
2041.956 -0.007612489
2043.954 -0.004062703
2045.952 -0.005392907
2047.95 -0.005760565
2049.948 -0.007337337
2051.946 -0.00861464
2053.944 -0.0027798
2055.942 -0.007170438
2057.94 -0.003306811
2059.938 -0.011645855
2061.936 -0.007329427
2063.934 -0.009366661
2065.932 -0.009144098
2067.93 -0.003986798
2069.928 -0.00932031
2071.926 -0.014317101
2073.924 0.003488485
2075.922 -0.007423865
2077.92 -0.005992789
2079.918 -0.001532967
2081.916 -0.012766585
2083.914 -0.004951247
2085.912 -0.006005059
2087.91 -0.008708363
2089.908 -0.008044819
2091.906 -0.001790299
2093.904 -0.006004466
2095.902 -0.00666538
2097.9 -0.000421272
2099.898 -0.010652868
2101.896 -0.007917345
2103.894 -0.0049361
2105.892 -0.003685076
2107.89 -0.012718838
2109.888 -0.007578342
2111.886 -0.00292185
2113.884 -0.006187364
2115.882 -0.007187013
2117.88 -0.00625446
2119.878 -0.007211769
2121.876 -0.006937649
2123.874 -0.017293483
2125.872 0.003170605
2127.87 -0.005101109
2129.868 -0.005741826
2131.866 -0.00640239
2133.864 -0.014268519
2135.862 -7.58e-05
2137.86 -0.003836491
2139.858 -0.005276623
2141.856 -0.004584999
2143.854 -0.007675651
2145.852 -0.008302297
2147.85 -0.00916377
2149.848 -0.011385565
2151.846 0.002567246
2153.844 -0.009220577
2155.842 -0.004554715
2157.84 -0.00257952
2159.838 -0.010299714
2161.836 -0.003843592
2163.834 -0.007687824
2165.832 -0.002835361
2167.83 -0.004783845
2169.828 -0.001521374
2171.826 -0.012224633
2173.824 -0.00755562
2175.822 -0.007696073
2177.82 -0.004059483
2179.818 -0.005774186
2181.816 -0.004149648
2183.814 -0.006753783
2185.812 -0.00581153
2187.81 -0.007632691
2189.808 -0.007354605
2191.806 -0.00620383
2193.804 -0.00780085
2195.802 -0.005376033
2197.8 -0.005570521
2199.798 -0.007428664
2201.796 -0.006372836
2203.794 -0.006322576
2205.792 -0.004293248
2207.79 -0.005183197
2209.788 -0.00547461
2211.786 -0.006920634
2213.784 -0.009229667
2215.782 -0.008356328
2217.78 -0.004558273
2219.778 -0.011101356
2221.776 -0.004460998
2223.774 -0.005055683
2225.772 -0.004548644
2227.77 -0.005158038
2229.768 -0.006230913
2231.766 -0.004064661
2233.764 -0.008349359
2235.762 -0.010827433
2237.76 -0.004681297
2239.758 -0.016146215
2241.756 0.001783685
2243.754 -0.007110186
2245.752 -0.011103532
2247.75 -0.006649039
2249.748 -0.000707536
2251.746 -0.004709737
2253.744 -0.009289281
2255.742 -0.004845135
2257.74 -0.006549046
2259.738 -0.002994595
2261.736 -0.006459084
2263.734 -0.005974603
2265.732 -0.005222779
2267.73 -0.009008233
2269.728 -0.010692198
2271.726 -0.006449329
2273.724 -0.01419451
2275.722 0.003670284
2277.72 -0.008054765
2279.718 -0.003867938
2281.716 -0.008285189
2283.714 -0.005550084
2285.712 -0.007352094
2287.71 -0.005706755
2289.708 -0.00914925
2291.706 -0.005815021
2293.704 -0.008373786
2295.702 -0.008383605
2297.7 -0.003182751
2299.698 -0.007331281
2301.696 -0.005604537
2303.694 -0.003813605
2305.692 -0.007755104
2307.69 -0.011598492
2309.688 -0.009308588
2311.686 -0.005984007
2313.684 -0.000769317
2315.682 -0.012896987
2317.68 -0.005702703
2319.678 -0.007776273
2321.676 -0.005881842
2323.674 -0.003870362
2325.672 -0.011497889
2327.67 -0.006395238
2329.668 -0.004120444
2331.666 -0.007316886
2333.664 -0.007087257
2335.662 -0.0058721
2337.66 -0.008125115
2339.658 -0.008440625
2341.656 -0.00656302
2343.654 -0.009001336
2345.652 -0.003657636
2347.65 -0.007503609
2349.648 -0.007168474
2351.646 -0.007706393
2353.644 -0.009604937
2355.642 -0.001526721
2357.64 -0.006766248
2359.638 -0.009392464
2361.636 -0.003808073
2363.634 -0.003371324
2365.632 -0.006517887
2367.63 -0.006615253
2369.628 -0.005730786
2371.626 -0.004758652
2373.624 -0.013132515
2375.622 -0.005664779
2377.62 -0.004979964
2379.618 -0.007471054
2381.616 -0.007580883
2383.614 -0.001649641
2385.612 -0.005829586
2387.61 -0.013720508
2389.608 -0.003052972
2391.606 -0.00703094
2393.604 -0.006939957
2395.602 -0.005428054
2397.6 -0.010501374
2399.598 -0.004383117
2401.596 -0.007823813
2403.594 -0.001942336
2405.592 -0.005219636
2407.59 -0.000443954
2409.588 -0.014617421
2411.586 -0.00340817
2413.584 -0.00522545
2415.582 -0.006614408
2417.58 -0.007527093
2419.578 -0.008857351
2421.576 -0.007728523
2423.574 -0.006244703
2425.572 -0.003566654
2427.57 -0.009711768
2429.568 -0.007537949
2431.566 -0.008861464
2433.564 -0.005347135
2435.562 -0.007659503
2437.56 -0.006069756
2439.558 -0.00562951
2441.556 -0.000887897
2443.554 -0.013122011
2445.552 -0.008531705
2447.55 -0.002771853
2449.548 -0.00602316
2451.546 -0.005283131
2453.544 -0.002395087
2455.542 -0.011764465
2457.54 -0.004322286
2459.538 -0.008868627
2461.536 -0.0064018
2463.534 -0.006255231
2465.532 -0.004629558
2467.53 -0.008527329
2469.528 -0.004718457
2471.526 -0.005459337
2473.524 -0.009672436
2475.522 -0.005726193
2477.52 -0.00732584
2479.518 -0.007877301
2481.516 -0.007419036
2483.514 -0.014037147
2485.512 0.001703734
2487.51 -0.008153684
2489.508 -0.002555448
2491.506 -0.008119306
2493.504 -0.005280232
2495.502 -0.001117262
2497.5 -0.006280751
2499.498 -0.007473733
2501.496 -0.008804319
2503.494 -0.00773437
2505.492 -0.004390127
2507.49 -0.001621947
2509.488 -0.01325643
2511.486 -0.009443945
2513.484 -0.002440442
2515.482 -0.005165801
2517.48 -0.009871606
2519.478 -0.005332767
2521.476 -0.006175167
2523.474 -0.00429396
2525.472 -0.005759913
2527.47 -0.007187209
2529.468 -0.012494728
2531.466 -0.006050838
2533.464 -0.005044272
2535.462 -0.007629499
2537.46 -0.008165057
2539.458 -0.009643381
2541.456 -0.004568833
2543.454 -0.00363778
2545.452 -0.006794204
2547.45 -0.008429911
2549.448 -0.007535842
2551.446 -0.008716059
2553.444 -0.008197168
2555.442 -0.008014335
2557.44 -0.006678856
2559.438 -0.00355704
2561.436 -0.012529083
2563.434 -0.005323905
2565.432 -0.009488506
2567.43 -0.004802783
2569.428 -0.00820389
2571.426 -0.013212439
2573.424 0.001961987
2575.422 -0.006582592
2577.42 -0.005144429
2579.418 -0.011346866
2581.416 -0.003303454
2583.414 -0.00308914
2585.412 -0.003721651
2587.41 -0.008806414
2589.408 -0.007937064
2591.406 -0.003621966
2593.404 -0.003762489
2595.402 -0.006307251
2597.4 -0.002902514
2599.398 -0.006888746
2601.396 -0.006638357
2603.394 -0.001811886
2605.392 -0.00665437
2607.39 -0.002122853
2609.388 -0.008430438
2611.386 -0.005685798
2613.384 -0.004944098
2615.382 -0.004524759
2617.38 -0.007379899
2619.378 -0.002715301
2621.376 -0.003010171
2623.374 -0.005329934
2625.372 -0.00473134
2627.37 -0.011330811
2629.368 -0.010332027
2631.366 -0.006164526
2633.364 -0.002484611
2635.362 -0.008707373
2637.36 -0.012169903
2639.358 -0.001394796
2641.356 -0.005699938
2643.354 -0.003075986
2645.352 -0.006899346
2647.35 -0.009533448
2649.348 0.003677714
2651.346 -0.005403572
2653.344 -0.007736724
2655.342 -0.009821652
2657.34 -0.000253714
2659.338 -0.005990133
2661.336 -0.002152057
2663.334 -0.011759622
2665.332 -0.008272681
2667.33 -0.005250576
2669.328 -0.004701416
2671.326 -0.007385278
2673.324 -0.005982105
2675.322 -0.002341405
2677.32 -0.01064572
2679.318 -0.005081355
2681.316 -0.005546159
2683.314 -0.008405011
2685.312 -0.003688312
2687.31 -0.005049785
2689.308 -0.008365427
2691.306 -0.006719994
2693.304 -0.006148764
2695.302 -0.007583674
2697.3 -0.007841291
2699.298 -0.00719216
2701.296 -0.005423389
2703.294 -0.002350495
2705.292 -0.01069607
2707.29 -0.009493797
2709.288 -0.004219673
2711.286 -0.003167795
2713.284 -0.010078043
2715.282 -0.005806163
2717.28 -0.006572765
2719.278 -0.005783867
2721.276 -0.008117904
2723.274 -0.009352774
2725.272 -0.005352344
2727.27 -0.005744317
2729.268 -0.005682626
2731.266 -0.004980345
2733.264 -0.005169248
2735.262 -0.003843749
2737.26 -0.009597346
2739.258 -0.006388356
2741.256 -0.006545732
2743.254 -0.007353572
2745.252 -0.007708344
2747.25 -0.006380976
2749.248 -0.009451913
2751.246 -0.006225592
2753.244 -0.005652875
2755.242 -0.009262835
2757.24 -0.005873107
2759.238 -0.008744136
2761.236 -0.007046188
2763.234 -0.007250354
2765.232 -0.007510758
2767.23 -0.006555905
2769.228 -0.00605874
2771.226 -0.011237812
2773.224 -0.00778711
2775.222 -0.007211002
2777.22 -0.007405072
2779.218 -0.00490281
2781.216 -0.004145096
2783.214 -0.004422818
2785.212 -0.008437169
2787.21 -0.008192873
2789.208 -0.006479734
2791.206 -0.006338328
2793.204 -0.004496715
2795.202 -0.007602633
2797.2 -0.008325594
2799.198 -0.009951632
2801.196 -0.010246147
2803.194 -0.007741741
2805.192 -0.005726882
2807.19 -0.009200406
2809.188 -0.005652466
2811.186 -0.00823233
2813.184 -0.007565595
2815.182 -0.003616888
2817.18 -0.004566675
2819.178 -0.007649594
2821.176 -0.002500546
2823.174 -0.009190197
2825.172 -0.007113602
2827.17 -0.009187041
2829.168 -0.004056314
2831.166 -0.003090516
2833.164 -0.008937205
2835.162 -0.005336118
2837.16 -0.010716883
2839.158 -0.006420665
2841.156 -0.008394355
2843.154 -0.004629864
2845.152 -0.013140094
2847.15 -0.006583166
2849.148 -0.00610597
2851.146 -0.006400288
2853.144 -0.003897982
2855.142 -0.001096247
2857.14 -0.006072038
2859.138 -0.005080332
2861.136 -0.011051572
2863.134 -0.005837563
2865.132 -0.009746143
2867.13 -0.00328394
2869.128 -0.007320216
2871.126 -0.009925063
2873.124 -0.006297552
2875.122 -0.007836925
2877.12 -0.008394929
2879.118 -0.010872967
2881.116 0.000765897
2883.114 -0.008477235
2885.112 -0.005915309
2887.11 -0.002857413
2889.108 -0.009135519
2891.106 -0.000107294
2893.104 -0.015061481
2895.102 -0.005552731
2897.1 -0.006265065
2899.098 -0.007788088
2901.096 -0.005969991
2903.094 -0.010578055
2905.092 -0.005514981
2907.09 -0.010651802
2909.088 -0.004204691
2911.086 -0.006307897
2913.084 -0.009432171
2915.082 -0.003340712
2917.08 -0.009708305
2919.078 -0.000527745
2921.076 -0.009833496
2923.074 -0.013128911
2925.072 -0.008084662
2927.07 -0.004957175
2929.068 -0.011927321
2931.066 -0.007419839
2933.064 -0.008342519
2935.062 -0.010932375
2937.06 -0.016580908
2939.058 0.000125313
2941.056 0.003531589
2943.054 -0.016222825
2945.052 -0.006266347
2947.05 -0.008684924
2949.048 -0.009430171
2951.046 -0.00941729
2953.044 -0.005336453
2955.042 -0.001703085
2957.04 -0.011160764
2959.038 -0.008308741
2961.036 -0.010944723
2963.034 -0.007535275
2965.032 -0.011077055
2967.03 -0.011404879
2969.028 -0.009225243
2971.026 -0.005591142
2973.024 -0.01005236
2975.022 -0.016588816
2977.02 -0.010888776
2979.018 -0.00416764
2981.016 -0.008754713
2983.014 -0.002775684
2985.012 -0.012511752
2987.01 -0.013128717
2989.008 -0.013785193
2991.006 -0.011359978
2993.004 -0.01516924
2995.002 0.000616463
2997.0 -0.011517051
4995.0 0.000259995
5014.98 -0.000258185
5034.96 0.000143311
5054.9400000000005 0.001181498
5074.92 -0.0004368
5094.9 0.000427747
5114.88 9.36e-05
5134.86 -1.92e-05
5154.84 -0.000412749
5174.82 -0.000697609
5194.8 1.88e-05
5214.78 -0.000660826
5234.76 0.000175814
5254.740000000001 0.000111515
5274.719999999999 0.001303019
5294.700000000001 -0.000251134
5314.679999999999 0.000548612
5334.66 3.85e-05
5354.64 0.000526425
5374.62 0.000628655
5394.6 0.000904299
5414.58 0.000780238
5434.56 0.000346187
5454.539999999999 0.000505871
5474.52 0.000138288
5494.5 0.000872064
5514.48 -4.27e-05
5534.46 -0.000408041
5554.44 2.26e-05
5574.42 0.000634008
5594.400000000001 0.000654382
5614.38 0.000465387
5634.360000000001 0.000403679
5654.34 0.000471938
5674.32 -0.000538604
5694.299999999999 -0.000441405
5714.28 -0.000239922
5734.26 -0.000479369
5754.24 -0.000483193
5774.22 0.000232592
5794.2 0.000222345
5814.18 0.000771387
5834.160000000001 0.000978334
5854.139999999999 0.000577115
5874.120000000001 0.000680072
5894.099999999999 0.000810701
5914.08 0.000696888
5934.0599999999995 0.000618493
5954.04 6.79e-05
5974.02 -0.000639281
5994.0 -0.000623494
6013.9800000000005 0.000149686
6033.959999999999 0.000345462
6053.9400000000005 0.000323366
6073.92 -0.000174462
6093.9 0.000320743
6113.88 0.000210912
6133.86 0.000675139
6153.84 -4.25e-05
6173.82 3.51e-05
6193.8 0.000174913
6213.780000000001 0.000270221
6233.76 0.001110793
6253.74 -0.000249282
6273.719999999999 -0.000511586
6293.7 -0.000382034
6313.68 0.001019666
6333.66 0.000311706
6353.64 -0.000127273
6373.62 0.00036388
6393.6 -5.69e-05
6413.58 -0.000104938
6433.5599999999995 -0.000332113
6453.540000000001 1.73e-05
6473.5199999999995 0.000534479
6493.5 0.000587365
6513.48 0.000776434
6533.46 0.000306142
6553.4400000000005 -0.000467338
6573.42 -0.000483416
6593.400000000001 0.000600597
6613.379999999999 0.000363009
6633.360000000001 0.00094376
6653.339999999999 -0.000110221
6673.32 0.000416642
6693.3 0.000828363
6713.28 -0.000627129
6733.26 0.000659984
6753.24 -7.1e-05
6773.22 6.33e-05
6793.200000000001 0.000605958
6813.18 0.001005888
6833.16 -9.56e-05
6853.139999999999 -0.000296271
6873.12 0.001131812
6893.099999999999 0.0002423
6913.08 4.83e-05
6933.06 -0.000335044
6953.04 -0.000350476
6973.02 -6.49e-05
6993.0 0.000554201
7012.98 -0.00014983
7032.960000000001 0.000132942
7052.94 0.000958534
7072.92 0.001015463
7092.9 -0.000244297
7112.88 -0.000128086
7132.86 0.00068073
7152.84 0.000348685
7172.820000000001 0.000211121
7192.799999999999 0.000589731
7212.780000000001 -0.000321012
7232.759999999999 -0.000203191
7252.74 -7.89e-05
7272.72 -0.000134526
7292.7 -5.98e-05
7312.68 9.48e-06
7332.66 0.000704572
7352.64 0.000320313
7372.619999999999 -9.22e-05
7392.6 0.000325927
7412.58 0.000346537
7432.5599999999995 0.000784448
7452.54 0.000360273
7472.5199999999995 0.000305482
7492.5 0.000916854
7512.4800000000005 0.001086202
7532.46 0.000143188
7552.4400000000005 0.000220443
7572.42 -0.000204605
7592.4 -8.6e-05
7612.380000000001 -0.000257
7632.36 0.000551606
7652.34 1.25e-05
7672.32 0.000199989
7692.3 0.000342726
7712.28 0.000698685
7732.26 0.000297413
7752.240000000001 0.000490113
7772.219999999999 0.00024739
7792.200000000001 -0.000244447
7812.179999999999 0.000509637
7832.16 -0.000219925
7852.14 0.00039968
7872.12 0.001547443
7892.1 -0.000245982
7912.08 0.00044295
7932.06 8.8e-05
7952.039999999999 0.000826447
7972.02 -0.00015133
7992.0 0.0005421
8011.98 0.000413703
8031.96 0.000214798
8051.94 0.00033035
8071.92 0.000488275
8091.900000000001 -0.000601125
8111.88 -0.000338912
8131.860000000001 -1.1e-05
8151.84 -0.000197372
8171.82 0.000424163
8191.799999999999 0.000757288
8211.78 0.00042603
8231.76 0.000131392
8251.74 0.000371316
8271.720000000001 -7.21e-05
8291.699999999999 -0.004629511
8311.68 -0.009933492
8331.66 -0.005676142
8351.64 -0.00904259
8371.62 -0.007218227
8391.6 -0.008440053
8411.58 -0.006084925
8431.56 -0.008651448
8451.54 -0.007911488
8471.52 -0.007686653
8491.5 -0.007929658
8511.48 -0.006668104
8531.46 -0.007283994
8551.44 -0.007106339
8571.42 -0.006074494
8591.4 -0.008241601
8611.380000000001 -0.009880494
8631.36 -0.008514988
8651.34 -0.013555499
8671.32 0.00052865
8691.3 -0.007132649
8711.28 -0.009448011
8731.26 -0.011326366
8751.24 -0.003678393
8771.22 -0.008879994
8791.2 -0.005415913
8811.18 -0.00471857
8831.16 -0.008251841
8851.14 -0.013022658
8871.119999999999 -0.004763685
8891.1 -0.005137077
8911.08 -0.008574281
8931.06 -0.006714196
8951.04 -0.00924169
8971.02 -0.008142537
8991.0 -0.012597504
9010.98 0.002438145
9030.96 -0.004407508
9050.94 -0.007599325
9070.92 -0.008660204
9090.9 -0.007133354
9110.88 -0.005465317
9130.86 -0.003018347
9150.84 -0.007659471
9170.82 -0.013176972
9190.800000000001 -0.002624414
9210.779999999999 -0.007033718
9230.76 -0.005643649
9250.74 -0.009523683
9270.72 -0.007938055
9290.7 -0.006192172
9310.68 -0.002400822
9330.66 -0.008959929
9350.64 -0.00649682
9370.62 -0.009143273
9390.599999999999 -0.010002618
9410.58 -0.016940242
9430.560000000001 0.004311951
9450.539999999999 -0.001158346
9470.52 -0.004824744
9490.5 -0.005727416
9510.48 0.001199458
9530.460000000001 -0.007398354
9550.44 -0.007005291
9570.42 -0.00828984
9590.4 -0.004219822
9610.380000000001 -0.004281302
9630.359999999999 -0.003399954
9650.34 -0.014273194
9670.32 -0.005029869
9690.3 -0.005599876
9710.28 -8.27e-05
9730.26 -0.005198897
9750.24 -0.006738811
9770.220000000001 -0.004294862
9790.2 -0.009457275
9810.18 -0.00543266
9830.16 -0.008523052
9850.14 -0.00733597
9870.119999999999 0.003242759
9890.1 -0.003312558
9910.08 -0.003813306
9930.06 -0.000763755
9950.04 -0.002389018
9970.02 -0.004491646
9990.0 -0.002270384
10009.98 -0.007963432
10029.96 -0.000414943
10049.94 -0.004559013
10069.92 -0.006550116
10089.9 -0.001395936
10109.880000000001 -0.015091327
10129.86 -0.006504089
10149.84 -0.006376435
10169.82 -0.013307521
10189.8 0.00380035
10209.779999999999 0.000216994
10229.76 -0.003999196
10249.74 -0.003897192
10269.72 0.001157679
10289.7 -0.009001042
10309.68 -0.007450547
10329.66 -0.003623719
10349.64 -0.001926364
10369.619999999999 -0.008814277
10389.6 -0.008568594
10409.580000000002 -0.004413655
10429.56 -0.00535324
10449.539999999999 -0.004430437
10469.52 -0.004378619
10489.5 -0.004220984
10509.480000000001 -0.005580146
10529.46 -0.006125
10549.439999999999 -0.003383195
10569.42 -0.003982434
10589.400000000001 -0.002864897
10609.380000000001 -0.009488896
10629.359999999999 -0.015799711
10649.34 0.005307586
10669.32 -0.006971801
10689.300000000001 -0.006866884
10709.28 -0.005765643
10729.259999999998 -0.005004789
10749.24 -0.008611511
10769.220000000001 -0.008227074
10789.2 -0.00367977
10809.179999999998 -0.004459917
10829.16 -0.01148873
10849.14 -0.005380073
10869.12 -0.005777478
10889.1 -0.01156302
10909.079999999998 0.002850645
10929.06 -0.001608606
10949.04 0.000847113
10969.02 -0.004717123
10989.0 -0.002966294
11008.98 -0.004120213
11028.96 0.001047363
11048.94 -0.003677554
11068.92 -0.005906091
11088.900000000001 -0.004584253
11108.88 -0.001069418
11128.86 0.002235915
11148.84 0.001116936
11168.82 -0.00366399
11188.800000000001 0.002265912
11208.779999999999 -0.005922523
11228.76 0.001641174
11248.74 0.007355487
11268.720000000001 0.015800426
11288.699999999999 0.018320568
11308.68 0.027420776
11328.66 0.071776941
11348.64 0.083741829
11368.62 0.102686659
11388.599999999999 0.12002492
11408.58 0.125748962
11428.56 0.136439592
11448.54 0.153737441
11468.52 0.169855505
11488.5 0.208103046
11508.48 0.249182135
11528.46 0.335922986
11548.44 0.462093711
11568.420000000002 0.669638157
11588.4 1.018598437
11608.38 1.635083914
11628.36 2.657725096
11648.34 4.33525753
11668.320000000002 7.008089066
11688.3 10.612573624
11708.279999999999 14.528684616
11728.26 18.631008148
11748.240000000002 22.853862762
11768.22 28.002552032
11788.199999999999 34.878364563
11808.18 43.812431335
11828.16 54.548770905
11848.140000000001 66.008293152
11868.119999999999 76.059898376
11888.099999999999 82.383026123
11908.08 84.990081787
11928.060000000001 85.623893738
11948.04 85.397277832
11968.019999999999 85.375801086
11988.0 85.395812988
12007.98 85.796058655
12027.960000000001 85.904945374
12047.94 85.906478882
12067.919999999998 85.781234741
12087.9 85.45980072
12107.880000000001 85.370269775
12127.86 85.26234436
12147.84 85.387191772
12167.82 85.60546875
12187.8 85.860671997
12207.78 86.2290802
12227.76 86.302246094
12247.739999999998 86.535797119
12267.72 86.54800415
12287.7 86.540176392
12307.68 86.646110535
12327.66 86.619354248
12347.64 86.830291748
12367.619999999999 86.915473938
12387.6 87.134895325
12407.58 87.348274231
12427.560000000001 87.48538208
12447.539999999999 87.748947144
12467.52 87.819061279
12487.5 88.049118042
12507.48 88.164352417
12527.460000000001 88.271530151
12547.439999999999 88.442085266
12567.42 88.432418823
12587.4 88.594039917
12607.380000000001 88.485527039
12627.36 88.501808167
12647.34 88.464630127
12667.32 88.344520569
12687.3 88.419898987
12707.28 88.358894348
12727.260000000002 88.485702515
12747.24 88.615234375
12767.22 88.77722168
12787.2 88.958572388
12807.18 89.020973206
12827.16 89.18964386
12847.14 89.107505798
12867.119999999999 89.090499878
12887.1 89.055152893
12907.080000000002 88.857528687
12927.06 88.836494446
12947.039999999999 88.7603302
12967.02 88.797012329
12987.0 88.96962738
13006.980000000001 89.126899719
13026.96 89.419242859
13046.939999999999 89.691474915
13066.92 90.109054565
13086.900000000001 90.370925903
13106.880000000001 90.589118958
13126.859999999999 90.778106689
13146.84 90.762443542
13166.82 90.767486572
13186.800000000001 90.656730652
13206.78 90.538085938
13226.759999999998 90.254386902
13246.74 89.452133179
13266.720000000001 87.510108948
13286.7 83.09929657
13306.679999999998 74.788116455
13326.66 62.784248352
13346.64 48.909210205
13366.62 35.691352844
13386.6 24.853336334
13406.579999999998 16.998390198
13426.56 11.560917854
13446.54 8.013161659
13466.52 5.642959118
13486.5 4.051534653
13506.48 2.986254692
13526.46 2.253258228
13546.44 1.725898147
13566.42 1.3567307
13586.400000000001 1.070398331
13606.38 0.865884244
13626.36 0.705258787
13646.34 0.577887535
13666.32 0.473746896
13686.300000000001 0.391439408
13706.279999999999 0.317896008
13726.26 0.253069609
13746.24 0.209045693
13766.220000000001 0.157316044
13786.199999999999 0.1272434
13806.18 0.096477292
13826.16 0.077415407
13846.14 0.054474827
13866.12 0.050105963
13886.099999999999 0.039094046
13906.08 0.02444387
13926.06 0.029066334
13946.04 0.018483384
13966.02 0.013110898
13986.0 0.010255792
14005.98 0.008667191
14025.96 0.004313767
14045.94 0.008836035
14065.920000000002 0.003717849
14085.9 0.002210537
14105.88 -0.003676085
14125.86 -0.000702604
14145.84 9.33e-05
14165.820000000002 0.001048621
14185.8 -0.003333742
14205.779999999999 -0.000125587
14225.76 -0.01075974
14245.740000000002 0.009532311
14265.72 -0.003186498
14285.699999999999 -0.003730268
14305.68 -0.000358633
14325.66 -0.002640784
14345.640000000001 -0.002511606
14365.619999999999 0.006447952
14385.599999999999 -0.005335115
14405.58 -0.002770334
14425.560000000001 -0.003595425
14445.54 -0.002782072
14465.519999999999 -0.006926777
14485.5 0.001424021
14505.48 -0.003145071
14525.460000000001 -0.003800382
14545.44 -0.006340766
14565.419999999998 0.000261236
14585.4 -0.003887049
14605.380000000001 -0.008881242
14625.36 0.003662553
14645.34 -0.006389291
14665.32 -0.003688533
14685.3 -0.007783012
14705.28 -0.009130498
14725.26 -0.005718613
14745.239999999998 -0.00279427
14765.22 -0.008034654
14785.2 -0.012951359
14805.18 0.004019209
14825.16 -0.002229609
14845.14 -0.00231003
14865.119999999999 -0.00489995
14885.1 -0.018405193
14905.08 0.00391071
14925.060000000001 -0.005054031
14945.039999999999 -0.005561498
14965.02 -0.008246484
14985.0 -0.005809904
15004.98 -0.002995596
15024.960000000001 -0.007300915
15044.939999999999 -0.005604256
15064.92 -0.005981365
15084.9 -0.007222909
15104.880000000001 -0.007058181
15124.86 -0.006893818
15144.84 -0.006006686
15164.82 -0.005132564
15184.8 -0.007520598
15204.78 -0.009263393
15224.760000000002 -0.004639485
15244.74 -0.007077853
15264.72 -0.002559968
15284.7 -0.006777057
15304.68 -0.005702188
15324.66 -0.004901123
15344.64 -0.004575349
15364.619999999999 -0.002466076
15384.6 -0.004528894
15404.580000000002 -0.006048521
15424.56 -0.003094753
15444.539999999999 -0.008241558
15464.52 -0.006868949
15484.5 -0.004688733
15504.480000000001 -0.010395968
15524.46 -0.018372023
15544.439999999999 0.002843449
15564.42 -0.006951373
15584.400000000001 -0.004502754
15604.380000000001 -0.00420283
15624.359999999999 -0.008787744
15644.34 -0.00474874
15664.32 -0.008281916
15684.300000000001 -0.006178459
15704.28 -0.014524477
15724.259999999998 0.001574511
15744.24 -0.00399047
15764.220000000001 -0.00703033
15784.2 -0.008130169
15804.179999999998 -0.009774649
15824.16 0.000399352
15844.14 -0.006028242
15864.12 -0.003260145
15884.1 -0.007849228
15904.079999999998 -0.008206066
15924.06 -0.010519756
15944.04 -0.004175861
15964.02 -0.005752448
15984.0 -0.011238778
16003.98 -0.008546074
16023.96 -0.007906465
16043.94 -0.006857803
16063.92 -0.006300297
16083.900000000001 -0.010823699
16103.88 -0.005011014
16123.86 -0.002377702
16143.84 -0.015138255
16163.82 -0.007705151
16183.800000000001 -0.003650784
16203.779999999999 -0.005592802
16223.76 -0.005369812
16243.74 -0.005939841
16263.720000000001 -0.006481432
16283.699999999999 -0.00608924
16303.68 -0.002824913
16323.66 -0.011106045
16343.64 -0.005900946
16363.62 -0.004603882
16383.599999999999 -0.005681643
16403.579999999998 -0.0051696
16423.56 -0.010523612
16443.54 -0.012251038
16463.52 0.002169772
16483.5 -0.009980585
16503.48 -0.004490233
16523.46 -0.00094282
16543.440000000002 -0.009096071
16563.420000000002 -0.004039864
16583.399999999998 -0.009922652
16603.38 -0.007047168
16623.36 -0.005562808
16643.34 -0.00615018
16663.32 -0.012161343
16683.3 -0.009630512
16703.28 -0.008388118
16723.260000000002 -0.008597995
16743.24 -0.002070085
16763.219999999998 -0.009645832
16783.2 -0.007551829
16803.18 -0.005587518
16823.16 -0.00721204
16843.14 -0.00927761
16863.12 -0.005999536
16883.1 -0.006015922
16903.08 -0.011171943
16923.06 -0.000986998
16943.04 -0.005595838
16963.02 -0.001881119
16983.0 -0.003203217
17002.98 -0.010631363
17022.96 -0.009451234
17042.940000000002 -0.008602927
17062.92 -0.008133178
17082.9 -0.006142532
17102.88 -0.005673741
17122.86 -0.010582712
17142.84 -0.007461433
17162.82 -0.00060245
17182.8 -0.011360941
17202.78 -0.008696944
17222.760000000002 -0.006503714
17242.739999999998 -0.007023396
17262.72 -0.007846438
17282.7 -0.009499973
17302.68 -0.005365689
17322.66 -0.002142455
17342.64 -0.006841721
17362.62 -0.006852501
17382.6 -0.00668041
17402.58 -0.007855448
17422.56 -0.007425454
17442.54 -0.002241964
17462.52 -0.010383554
17482.5 -0.001730403
17502.48 -0.006660197
17522.46 -0.005074833
17542.44 -0.013772874
17562.42 -0.005450855
17582.4 -0.006097457
17602.38 -0.006008619
17622.36 -0.006620314
17642.34 -0.004193489
17662.32 -0.00210072
17682.3 -0.009508097
17702.28 -0.008447081
17722.260000000002 -0.010710805
17742.239999999998 -0.006648734
17762.22 -0.004134351
17782.2 -0.006577639
17802.18 -0.007162256
17822.16 -0.004731213
17842.14 -0.00916157
17862.12 -0.006133411
17882.1 -0.010712372
17902.08 -0.006187981
17922.059999999998 -0.007601512
17942.04 -0.007127699
17962.02 -0.006659405
17982.0 -0.004469589
18001.98 -0.005058164
18021.96 -0.008013678
18041.94 -0.006271603
18061.92 -0.006780767
18081.9 -0.004144298
18101.88 -0.002045003
18121.86 -0.004059826
18141.84 -0.002715559
18161.82 -0.012846416
18181.8 -0.008674196
18201.780000000002 -0.008573108
18221.76 -0.003677695
18241.739999999998 -0.006985006
18261.72 -0.005156093
18281.7 -0.000750199
18301.68 -0.014201816
18321.66 -0.005929792
18341.64 -0.00297868
18361.62 -0.007014732
18381.600000000002 -0.002696309
18401.579999999998 -0.008127921
18421.559999999998 -0.007513958
18441.54 -0.006654891
18461.52 -0.003493638
18481.5 -0.014691513
18501.48 -0.008874878
18521.46 -0.001642484
18541.44 -0.010051161
18561.420000000002 -0.005107212
18581.4 -0.008559722
18601.379999999997 -0.006458089
18621.36 -0.00881397
18641.34 -0.003359911
18661.32 -0.00908548
18681.300000000003 -0.009831876
18701.28 -0.008267318
18721.26 -0.003907572
18741.24 -0.010502627
18761.22 -0.009433261
18781.199999999997 -0.006820083
18801.18 -0.006844191
18821.16 -0.005740371
18841.14 -0.010309219
18861.120000000003 -0.005567991
18881.1 -0.004184027
18901.079999999998 -0.007246236
18921.06 -0.009114325
18941.04 -0.008361746
18961.02 -0.007242722
18981.0 -0.00846415
19000.98 -0.004329645
19020.96 -0.006810235
19040.940000000002 -0.001480081
19060.920000000002 -0.009557743
19080.899999999998 -0.007037119
19100.88 -0.002884738
19120.86 -0.007963493
19140.84 -0.009261482
19160.82 -0.007262256
19180.8 -0.021211477
19200.78 0.002500757
19220.760000000002 -0.010310866
19240.74 -0.002051943
19260.719999999998 -0.002282142
19280.7 -0.010940814
19300.68 -0.005390305
19320.66 -0.007554494
19340.64 -0.004379623
19360.62 -0.002481211
19380.6 -0.003737321
19400.58 -0.005295719
19420.56 -0.013321977
19440.54 -0.010521466
19460.52 -0.00481908
19480.5 -0.006544245
19500.48 -0.005311473
19520.46 -0.002110774
19540.440000000002 -0.006314751
19560.42 -0.006605526
19580.4 -0.008845432
19600.38 -0.006757231
19620.36 -0.006552246
19640.34 -0.004738607
19660.32 -0.003986198
19680.3 -0.01053996
19700.28 -0.005414418
19720.260000000002 -0.007990669
19740.239999999998 -0.003195896
19760.22 -0.003408096
19780.2 -0.010262544
19800.18 -0.008216787
19820.16 -0.008987942
19840.14 -0.006541572
19860.12 -0.00205417
19880.1 -0.008497126
19900.08 -0.006436608
19920.06 -0.010175092
19940.04 -0.00899753
19960.02 -0.009904911
19980.0 -0.00739761
19999.98 -0.005679247
20019.96 -0.005216931
20039.94 -0.004972316
20059.92 -0.008215793
20079.9 -0.00984305
20099.88 -0.001469514
20119.86 -0.009609349
20139.84 -0.007929012
20159.82 -0.005103792
20179.8 -0.009163929
20199.78 -0.011028235
20219.760000000002 -0.01131984
20239.739999999998 -0.005413388
20259.72 -0.007755393
20279.7 -0.00696334
20299.68 -0.010343277
20319.66 -0.00940137
20339.64 -0.015035768
20359.62 0.004552724
20379.6 -0.006926754
20399.58 -0.007607968
20419.559999999998 -0.007612489
20439.54 -0.004062703
20459.52 -0.005392907
20479.5 -0.005760565
20499.48 -0.007337337
20519.46 -0.00861464
20539.44 -0.0027798
20559.42 -0.007170438
20579.4 -0.003306811
20599.38 -0.011645855
20619.36 -0.007329427
20639.340000000004 -0.009366661
20659.32 -0.009144098
20679.3 -0.003986798
20699.28 -0.00932031
20719.26 -0.014317101
20739.239999999998 0.003488485
20759.22 -0.007423865
20779.2 -0.005992789
20799.18 -0.001532967
20819.160000000003 -0.012766585
20839.140000000003 -0.004951247
20859.12 -0.006005059
20879.1 -0.008708363
20899.079999999998 -0.008044819
20919.059999999998 -0.001790299
20939.04 -0.006004466
20959.02 -0.00666538
20979.0 -0.000421272
20998.980000000003 -0.010652868
21018.960000000003 -0.007917345
21038.94 -0.0049361
21058.92 -0.003685076
21078.899999999998 -0.012718838
21098.879999999997 -0.007578342
21118.86 -0.00292185
21138.84 -0.006187364
21158.82 -0.007187013
21178.800000000003 -0.00625446
21198.780000000002 -0.007211769
21218.760000000002 -0.006937649
21238.739999999998 -0.017293483
21258.719999999998 0.003170605
21278.699999999997 -0.005101109
21298.68 -0.005741826
21318.66 -0.00640239
21338.64 -0.014268519
21358.620000000003 -7.58e-05
21378.600000000002 -0.003836491
21398.58 -0.005276623
21418.56 -0.004584999
21438.539999999997 -0.007675651
21458.519999999997 -0.008302297
21478.5 -0.00916377
21498.48 -0.011385565
21518.46 0.002567246
21538.440000000002 -0.009220577
21558.420000000002 -0.004554715
21578.4 -0.00257952
21598.38 -0.010299714
21618.359999999997 -0.003843592
21638.339999999997 -0.007687824
21658.32 -0.002835361
21678.3 -0.004783845
21698.28 -0.001521374
21718.260000000002 -0.012224633
21738.24 -0.00755562
21758.22 -0.007696073
21778.2 -0.004059483
21798.18 -0.005774186
21818.159999999996 -0.004149648
21838.14 -0.006753783
21858.12 -0.00581153
21878.1 -0.007632691
21898.08 -0.007354605
21918.06 -0.00620383
21938.04 -0.00780085
21958.02 -0.005376033
21978.0 -0.005570521
21997.979999999996 -0.007428664
22017.96 -0.006372836
22037.94 -0.006322576
22057.92 -0.004293248
22077.9 -0.005183197
22097.88 -0.00547461
22117.86 -0.006920634
22137.84 -0.009229667
22157.82 -0.008356328
22177.800000000003 -0.004558273
22197.78 -0.011101356
22217.76 -0.004460998
22237.739999999998 -0.005055683
22257.72 -0.004548644
22277.7 -0.005158038
22297.68 -0.006230913
22317.66 -0.004064661
22337.64 -0.008349359
22357.620000000003 -0.010827433
22377.600000000002 -0.004681297
22397.579999999998 -0.016146215
22417.559999999998 0.001783685
22437.54 -0.007110186
22457.52 -0.011103532
22477.5 -0.006649039
22497.48 -0.000707536
22517.46 -0.004709737
22537.440000000002 -0.009289281
22557.420000000002 -0.004845135
22577.399999999998 -0.006549046
22597.379999999997 -0.002994595
22617.36 -0.006459084
22637.34 -0.005974603
22657.32 -0.005222779
22677.3 -0.009008233
22697.28 -0.010692198
22717.260000000002 -0.006449329
22737.24 -0.01419451
22757.22 0.003670284
22777.199999999997 -0.008054765
22797.18 -0.003867938
22817.16 -0.008285189
22837.14 -0.005550084
22857.12 -0.007352094
22877.1 -0.005706755
22897.08 -0.00914925
22917.06 -0.005815021
22937.04 -0.008373786
22957.020000000004 -0.008383605
22977.0 -0.003182751
22996.98 -0.007331281
23016.96 -0.005604537
23036.94 -0.003813605
23056.92 -0.007755104
23076.9 -0.011598492
23096.88 -0.009308588
23116.86 -0.005984007
23136.840000000004 -0.000769317
23156.82 -0.012896987
23176.8 -0.005702703
23196.78 -0.007776273
23216.76 -0.005881842
23236.739999999998 -0.003870362
23256.72 -0.011497889
23276.7 -0.006395238
23296.68 -0.004120444
23316.660000000003 -0.007316886
23336.640000000003 -0.007087257
23356.62 -0.0058721
23376.6 -0.008125115
23396.579999999998 -0.008440625
23416.559999999998 -0.00656302
23436.54 -0.009001336
23456.52 -0.003657636
23476.5 -0.007503609
23496.480000000003 -0.007168474
23516.460000000003 -0.007706393
23536.44 -0.009604937
23556.42 -0.001526721
23576.399999999998 -0.006766248
23596.379999999997 -0.009392464
23616.36 -0.003808073
23636.34 -0.003371324
23656.32 -0.006517887
23676.300000000003 -0.006615253
23696.280000000002 -0.005730786
23716.260000000002 -0.004758652
23736.239999999998 -0.013132515
23756.219999999998 -0.005664779
23776.199999999997 -0.004979964
23796.18 -0.007471054
23816.16 -0.007580883
23836.14 -0.001649641
23856.120000000003 -0.005829586
23876.100000000002 -0.013720508
23896.08 -0.003052972
23916.06 -0.00703094
23936.039999999997 -0.006939957
23956.019999999997 -0.005428054
23976.0 -0.010501374
23995.98 -0.004383117
24015.96 -0.007823813
24035.940000000002 -0.001942336
24055.920000000002 -0.005219636
24075.9 -0.000443954
24095.88 -0.014617421
24115.859999999997 -0.00340817
24135.839999999997 -0.00522545
24155.82 -0.006614408
24175.8 -0.007527093
24195.78 -0.008857351
24215.760000000002 -0.007728523
24235.74 -0.006244703
24255.72 -0.003566654
24275.7 -0.009711768
24295.68 -0.007537949
24315.659999999996 -0.008861464
24335.64 -0.005347135
24355.62 -0.007659503
24375.6 -0.006069756
24395.58 -0.00562951
24415.56 -0.000887897
24435.54 -0.013122011
24455.52 -0.008531705
24475.5 -0.002771853
24495.479999999996 -0.00602316
24515.46 -0.005283131
24535.44 -0.002395087
24555.42 -0.011764465
24575.4 -0.004322286
24595.38 -0.008868627
24615.36 -0.0064018
24635.34 -0.006255231
24655.32 -0.004629558
24675.300000000003 -0.008527329
24695.28 -0.004718457
24715.26 -0.005459337
24735.239999999998 -0.009672436
24755.22 -0.005726193
24775.2 -0.00732584
24795.18 -0.007877301
24815.16 -0.007419036
24835.14 -0.014037147
24855.120000000003 0.001703734
24875.100000000002 -0.008153684
24895.079999999998 -0.002555448
24915.059999999998 -0.008119306
24935.04 -0.005280232
24955.02 -0.001117262
24975.0 -0.006280751
24994.98 -0.007473733
25014.96 -0.008804319
25034.940000000002 -0.00773437
25054.920000000002 -0.004390127
25074.899999999998 -0.001621947
25094.879999999997 -0.01325643
25114.86 -0.009443945
25134.84 -0.002440442
25154.82 -0.005165801
25174.8 -0.009871606
25194.78 -0.005332767
25214.760000000002 -0.006175167
25234.74 -0.00429396
25254.72 -0.005759913
25274.699999999997 -0.007187209
25294.68 -0.012494728
25314.66 -0.006050838
25334.64 -0.005044272
25354.62 -0.007629499
25374.6 -0.008165057
25394.58 -0.009643381
25414.56 -0.004568833
25434.54 -0.00363778
25454.520000000004 -0.006794204
25474.5 -0.008429911
25494.48 -0.007535842
25514.46 -0.008716059
25534.44 -0.008197168
25554.42 -0.008014335
25574.4 -0.006678856
25594.38 -0.00355704
25614.36 -0.012529083
25634.340000000004 -0.005323905
25654.32 -0.009488506
25674.3 -0.004802783
25694.28 -0.00820389
25714.26 -0.013212439
25734.239999999998 0.001961987
25754.22 -0.006582592
25774.2 -0.005144429
25794.18 -0.011346866
25814.160000000003 -0.003303454
25834.140000000003 -0.00308914
25854.12 -0.003721651
25874.1 -0.008806414
25894.079999999998 -0.007937064
25914.059999999998 -0.003621966
25934.04 -0.003762489
25954.02 -0.006307251
25974.0 -0.002902514
25993.980000000003 -0.006888746
26013.960000000003 -0.006638357
26033.94 -0.001811886
26053.92 -0.00665437
26073.899999999998 -0.002122853
26093.879999999997 -0.008430438
26113.86 -0.005685798
26133.84 -0.004944098
26153.82 -0.004524759
26173.800000000003 -0.007379899
26193.780000000002 -0.002715301
26213.760000000002 -0.003010171
26233.739999999998 -0.005329934
26253.719999999998 -0.00473134
26273.699999999997 -0.011330811
26293.68 -0.010332027
26313.66 -0.006164526
26333.64 -0.002484611
26353.620000000003 -0.008707373
26373.600000000002 -0.012169903
26393.58 -0.001394796
26413.56 -0.005699938
26433.539999999997 -0.003075986
26453.519999999997 -0.006899346
26473.5 -0.009533448
26493.48 0.003677714
26513.46 -0.005403572
26533.440000000002 -0.007736724
26553.420000000002 -0.009821652
26573.4 -0.000253714
26593.38 -0.005990133
26613.359999999997 -0.002152057
26633.339999999997 -0.011759622
26653.32 -0.008272681
26673.3 -0.005250576
26693.28 -0.004701416
26713.260000000002 -0.007385278
26733.24 -0.005982105
26753.22 -0.002341405
26773.2 -0.01064572
26793.18 -0.005081355
26813.159999999996 -0.005546159
26833.14 -0.008405011
26853.12 -0.003688312
26873.1 -0.005049785
26893.08 -0.008365427
26913.06 -0.006719994
26933.04 -0.006148764
26953.02 -0.007583674
26973.0 -0.007841291
26992.979999999996 -0.00719216
27012.96 -0.005423389
27032.94 -0.002350495
27052.92 -0.01069607
27072.9 -0.009493797
27092.88 -0.004219673
27112.86 -0.003167795
27132.84 -0.010078043
27152.82 -0.005806163
27172.800000000003 -0.006572765
27192.78 -0.005783867
27212.76 -0.008117904
27232.739999999998 -0.009352774
27252.72 -0.005352344
27272.7 -0.005744317
27292.68 -0.005682626
27312.66 -0.004980345
27332.64 -0.005169248
27352.620000000003 -0.003843749
27372.600000000002 -0.009597346
27392.579999999998 -0.006388356
27412.559999999998 -0.006545732
27432.54 -0.007353572
27452.52 -0.007708344
27472.5 -0.006380976
27492.48 -0.009451913
27512.46 -0.006225592
27532.440000000002 -0.005652875
27552.420000000002 -0.009262835
27572.399999999998 -0.005873107
27592.379999999997 -0.008744136
27612.36 -0.007046188
27632.34 -0.007250354
27652.32 -0.007510758
27672.3 -0.006555905
27692.28 -0.00605874
27712.260000000002 -0.011237812
27732.24 -0.00778711
27752.22 -0.007211002
27772.199999999997 -0.007405072
27792.18 -0.00490281
27812.16 -0.004145096
27832.14 -0.004422818
27852.12 -0.008437169
27872.1 -0.008192873
27892.08 -0.006479734
27912.06 -0.006338328
27932.04 -0.004496715
27952.020000000004 -0.007602633
27972.0 -0.008325594
27991.98 -0.009951632
28011.96 -0.010246147
28031.94 -0.007741741
28051.92 -0.005726882
28071.9 -0.009200406
28091.88 -0.005652466
28111.86 -0.00823233
28131.840000000004 -0.007565595
28151.82 -0.003616888
28171.8 -0.004566675
28191.78 -0.007649594
28211.76 -0.002500546
28231.739999999998 -0.009190197
28251.72 -0.007113602
28271.7 -0.009187041
28291.68 -0.004056314
28311.660000000003 -0.003090516
28331.640000000003 -0.008937205
28351.62 -0.005336118
28371.6 -0.010716883
28391.579999999998 -0.006420665
28411.559999999998 -0.008394355
28431.54 -0.004629864
28451.52 -0.013140094
28471.5 -0.006583166
28491.480000000003 -0.00610597
28511.460000000003 -0.006400288
28531.44 -0.003897982
28551.42 -0.001096247
28571.399999999998 -0.006072038
28591.379999999997 -0.005080332
28611.36 -0.011051572
28631.34 -0.005837563
28651.32 -0.009746143
28671.300000000003 -0.00328394
28691.280000000002 -0.007320216
28711.260000000002 -0.009925063
28731.239999999998 -0.006297552
28751.219999999998 -0.007836925
28771.199999999997 -0.008394929
28791.18 -0.010872967
28811.16 0.000765897
28831.14 -0.008477235
28851.120000000003 -0.005915309
28871.100000000002 -0.002857413
28891.08 -0.009135519
28911.06 -0.000107294
28931.039999999997 -0.015061481
28951.019999999997 -0.005552731
28971.0 -0.006265065
28990.98 -0.007788088
29010.96 -0.005969991
29030.940000000002 -0.010578055
29050.920000000002 -0.005514981
29070.9 -0.010651802
29090.88 -0.004204691
29110.859999999997 -0.006307897
29130.839999999997 -0.009432171
29150.82 -0.003340712
29170.8 -0.009708305
29190.78 -0.000527745
29210.760000000002 -0.009833496
29230.74 -0.013128911
29250.72 -0.008084662
29270.7 -0.004957175
29290.68 -0.011927321
29310.659999999996 -0.007419839
29330.64 -0.008342519
29350.62 -0.010932375
29370.6 -0.016580908
29390.58 0.000125313
29410.56 0.003531589
29430.54 -0.016222825
29450.52 -0.006266347
29470.5 -0.008684924
29490.479999999996 -0.009430171
29510.46 -0.00941729
29530.44 -0.005336453
29550.42 -0.001703085
29570.4 -0.011160764
29590.38 -0.008308741
29610.36 -0.010944723
29630.34 -0.007535275
29650.32 -0.011077055
29670.300000000003 -0.011404879
29690.28 -0.009225243
29710.26 -0.005591142
29730.239999999998 -0.01005236
29750.22 -0.016588816
29770.2 -0.010888776
29790.18 -0.00416764
29810.16 -0.008754713
29830.14 -0.002775684
29850.120000000003 -0.012511752
29870.100000000002 -0.013128717
29890.079999999998 -0.013785193
29910.059999999998 -0.011359978
29930.04 -0.01516924
29950.02 0.000616463
29970.0 -0.011517051
