#WFC3_763M
#photon
#http://svo2.cab.inta-csic.es/svo/theory/fps3/index.php?id=HST/WFC3_UVIS2.F763M&&mode=browse&gname=HST&gname2=WFC3_UVIS2#filter

7.061000000000000000e+03 2.214339736838348932e-05
7.061946777343750000e+03 2.344460865910424533e-05
7.062000000000000000e+03 2.349015987275485641e-05
7.063000000000000000e+03 2.434551409138443063e-05
7.064000000000000000e+03 2.520050925719329924e-05
7.065000000000000000e+03 2.605494213621614390e-05
7.066000000000000000e+03 2.690881572662030537e-05
7.067000000000000000e+03 2.776212469193007989e-05
7.068000000000000000e+03 2.861487194105891707e-05
7.069000000000000000e+03 2.946706073924372727e-05
7.070000000000000000e+03 3.031868521533942492e-05
7.071000000000000000e+03 3.116975845161165464e-05
7.071949218750000000e+03 3.197683174327731334e-05
7.072000000000000000e+03 3.206869135475428695e-05
7.073000000000000000e+03 3.387727249751290440e-05
7.074000000000000000e+03 3.568467073779410856e-05
7.075000000000000000e+03 3.749087921615833549e-05
7.076000000000000000e+03 3.929590186914457331e-05
7.077000000000000000e+03 4.109974338745857228e-05
7.078000000000000000e+03 4.290239578002312461e-05
7.079000000000000000e+03 4.470386354897930834e-05
7.080000000000000000e+03 4.650415194926928224e-05
7.081000000000000000e+03 4.830283667312690478e-05
7.081952148437500000e+03 5.001474053513698818e-05
7.082000000000000000e+03 5.013476400174070828e-05
7.083000000000000000e+03 5.264215204322999098e-05
7.084000000000000000e+03 5.514788812630430978e-05
7.085000000000000000e+03 5.765197804105398892e-05
7.086000000000000000e+03 6.015442862410886243e-05
7.087000000000000000e+03 6.265522813186852802e-05
7.088000000000000000e+03 6.515438313929617514e-05
7.089000000000000000e+03 6.765190126599825377e-05
7.090000000000000000e+03 7.014715393522771478e-05
7.091000000000000000e+03 7.264139973372997407e-05
7.091954589843750000e+03 7.502084458981642958e-05
7.092000000000000000e+03 7.517836613025021333e-05
7.093000000000000000e+03 7.864603700822439861e-05
7.094000000000000000e+03 8.211143927281102446e-05
7.095000000000000000e+03 8.557455690439531122e-05
7.096000000000000000e+03 8.903539888353018670e-05
7.097000000000000000e+03 9.249397563770022387e-05
7.098000000000000000e+03 9.594942721263047790e-05
7.099000000000000000e+03 9.940341687629991574e-05
7.100000000000000000e+03 1.028551447183213418e-04
7.101000000000000000e+03 1.063046242033390860e-04
7.101957519531250000e+03 1.096054418627293671e-04
7.102000000000000000e+03 1.098459743134579732e-04
7.103000000000000000e+03 1.155062384865346265e-04
7.104000000000000000e+03 1.211627757536407578e-04
7.105000000000000000e+03 1.268155988401768123e-04
7.106000000000000000e+03 1.324647228352883129e-04
7.107000000000000000e+03 1.381089099796058140e-04
7.108000000000000000e+03 1.437505641005735958e-04
7.109000000000000000e+03 1.493884946471889859e-04
7.110000000000000000e+03 1.550227172976285960e-04
7.111000000000000000e+03 1.606533027694056516e-04
7.111959960937500000e+03 1.660549469643836774e-04
7.112000000000000000e+03 1.664453537904168130e-04
7.113000000000000000e+03 1.761926759367252757e-04
7.114000000000000000e+03 1.859336223167863157e-04
7.115000000000000000e+03 1.956681572459977687e-04
7.116000000000000000e+03 2.053944984765423976e-04
7.117000000000000000e+03 2.151161908761652748e-04
7.118000000000000000e+03 2.248314752773014180e-04
7.119000000000000000e+03 2.345403752924829499e-04
7.120000000000000000e+03 2.442429185958011877e-04
7.121000000000000000e+03 2.539390573027737008e-04
7.121962890625000000e+03 2.632693510299184063e-04
7.122000000000000000e+03 2.638972557870071056e-04
7.123000000000000000e+03 2.808119057770515673e-04
7.124000000000000000e+03 2.977128088950508743e-04
7.125000000000000000e+03 3.146051083418680569e-04
7.126000000000000000e+03 3.314862786349232165e-04
7.127000000000000000e+03 3.483563546277080821e-04
7.128000000000000000e+03 3.652153782319284220e-04
7.129000000000000000e+03 3.820632785975765721e-04
7.130000000000000000e+03 3.989000958716054602e-04
7.131000000000000000e+03 4.157260096608993019e-04
7.131965332031250000e+03 4.319580667491680691e-04
7.132000000000000000e+03 4.328617648256522345e-04
7.133000000000000000e+03 4.589161139782736189e-04
7.134000000000000000e+03 4.849572011234613085e-04
7.135000000000000000e+03 5.109811323544002047e-04
7.136000000000000000e+03 5.369879614031393368e-04
7.137000000000000000e+03 5.629777528853135418e-04
7.138000000000000000e+03 5.889503975524077459e-04
7.139000000000000000e+03 6.149060215914083733e-04
7.140000000000000000e+03 6.408445048829672537e-04
7.141000000000000000e+03 6.667602772855992866e-04
7.141968261718750000e+03 6.918428001331059516e-04
7.142000000000000000e+03 6.931887586413306010e-04
7.143000000000000000e+03 7.355823670669496767e-04
7.144000000000000000e+03 7.779481341347985234e-04
7.145000000000000000e+03 8.202861549839204859e-04
7.146000000000000000e+03 8.625962718361388643e-04
7.147000000000000000e+03 9.048785753969067897e-04
7.148000000000000000e+03 9.471331740720160923e-04
7.149000000000000000e+03 9.893598835238014144e-04
7.150000000000000000e+03 1.031549852980769445e-03
7.151000000000000000e+03 1.073721163883960142e-03
7.151970703125000000e+03 1.114630468779640024e-03
7.152000000000000000e+03 1.116589595127927270e-03
7.153000000000000000e+03 1.183438641255693926e-03
7.154000000000000000e+03 1.250243685840932064e-03
7.155000000000000000e+03 1.317004860397602865e-03
7.156000000000000000e+03 1.383722324392329395e-03
7.157000000000000000e+03 1.450395810032794252e-03
7.158000000000000000e+03 1.517012139221694594e-03
7.159000000000000000e+03 1.583597568011449030e-03
7.160000000000000000e+03 1.650139041998978633e-03
7.161000000000000000e+03 1.716637547328891868e-03
7.161973632812500000e+03 1.781340865043968495e-03
7.162000000000000000e+03 1.784232710640583450e-03
7.163000000000000000e+03 1.893871519738986320e-03
7.164000000000000000e+03 2.003438389543740327e-03
7.165000000000000000e+03 2.112933565230057636e-03
7.166000000000000000e+03 2.222337107363394227e-03
7.167000000000000000e+03 2.331687597623162585e-03
7.168000000000000000e+03 2.440966012978950956e-03
7.169000000000000000e+03 2.550172610040521426e-03
7.170000000000000000e+03 2.659307691164095652e-03
7.171000000000000000e+03 2.768370762023700249e-03
7.171976074218750000e+03 2.874755223789882998e-03
7.172000000000000000e+03 2.879416166320478317e-03
7.173000000000000000e+03 3.074159382563574489e-03
7.174000000000000000e+03 3.268774428425709304e-03
7.175000000000000000e+03 3.463231201175022596e-03
7.176000000000000000e+03 3.657589310768448020e-03
7.177000000000000000e+03 3.851819318403368157e-03
7.178000000000000000e+03 4.045921629368154880e-03
7.179000000000000000e+03 4.239896730274957636e-03
7.180000000000000000e+03 4.433743796640691320e-03
7.181000000000000000e+03 4.627464010627392599e-03
7.181979003906250000e+03 4.816993871003024362e-03
7.182000000000000000e+03 4.824536248522665050e-03
7.183000000000000000e+03 5.183597385671788633e-03
7.184000000000000000e+03 5.542465669990241130e-03
7.185000000000000000e+03 5.901097635004660946e-03
7.186000000000000000e+03 6.259493902360997210e-03
7.187000000000000000e+03 6.617655243883446489e-03
7.188000000000000000e+03 6.975580390376206509e-03
7.189000000000000000e+03 7.333270076115189912e-03
7.190000000000000000e+03 7.690725185282362188e-03
7.191000000000000000e+03 8.047945624903390244e-03
7.191981933593750000e+03 8.398411073398379112e-03
7.192000000000000000e+03 8.409615033167292322e-03
7.193000000000000000e+03 9.029636711444927882e-03
7.194000000000000000e+03 9.649250064280703865e-03
7.195000000000000000e+03 1.026845610872772693e-02
7.196000000000000000e+03 1.088725612136197049e-02
7.197000000000000000e+03 1.150564802317340270e-02
7.198000000000000000e+03 1.212363302585091340e-02
7.199000000000000000e+03 1.274121260013572760e-02
7.200000000000000000e+03 1.335826675893140095e-02
7.201000000000000000e+03 1.397503460707744810e-02
7.201984375000000000e+03 1.458176777463147597e-02
7.202000000000000000e+03 1.459708820050893002e-02
7.203000000000000000e+03 1.557726832661564427e-02
7.204000000000000000e+03 1.655680613711640534e-02
7.205000000000000000e+03 1.753569848156083869e-02
7.206000000000000000e+03 1.851394720686798390e-02
7.207000000000000000e+03 1.949155457011045312e-02
7.208000000000000000e+03 2.046833669561434407e-02
7.209000000000000000e+03 2.144464736151668882e-02
7.210000000000000000e+03 2.242031762312964721e-02
7.211000000000000000e+03 2.339535079923797667e-02
7.211987304687500000e+03 2.435737611031257507e-02
7.212000000000000000e+03 2.437715516310678954e-02
7.213000000000000000e+03 2.593462024980415850e-02
7.214000000000000000e+03 2.749105920080243542e-02
7.215000000000000000e+03 2.904647795532947635e-02
7.216000000000000000e+03 3.060087093159299942e-02
7.217000000000000000e+03 3.215395834544028386e-02
7.218000000000000000e+03 3.370629641223716472e-02
7.219000000000000000e+03 3.525760924544248109e-02
7.220000000000000000e+03 3.680790055580977771e-02
7.221000000000000000e+03 3.835718733132890967e-02
7.221989746093750000e+03 3.988957985925625782e-02
7.222000000000000000e+03 3.991540512650046391e-02
7.223000000000000000e+03 4.243314747813423798e-02
7.224000000000000000e+03 4.494923969904839750e-02
7.225000000000000000e+03 4.746325533944300429e-02
7.226000000000000000e+03 4.997601819232849046e-02
7.227000000000000000e+03 5.248712289924684082e-02
7.228000000000000000e+03 5.499657498653839210e-02
7.229000000000000000e+03 5.750438103341225238e-02
7.230000000000000000e+03 6.001052979983789726e-02
7.231000000000000000e+03 6.251256417738997040e-02
7.231992675781250000e+03 6.499445242525007937e-02
7.232000000000000000e+03 6.502004944384755236e-02
7.233000000000000000e+03 6.851298722853157996e-02
7.234000000000000000e+03 7.200392034898754623e-02
7.235000000000000000e+03 7.549228524349278768e-02
7.236000000000000000e+03 7.897806748546426503e-02
7.237000000000000000e+03 8.246127565865206399e-02
7.238000000000000000e+03 8.594191980859627877e-02
7.239000000000000000e+03 8.941998331477851725e-02
7.240000000000000000e+03 9.289547585704197030e-02
7.241000000000000000e+03 9.636843938531326759e-02
7.241995117187500000e+03 9.982101258969486302e-02
7.242000000000000000e+03 9.983972595696460894e-02
7.243000000000000000e+03 1.036716902815572605e-01
7.244000000000000000e+03 1.075008120306041592e-01
7.245000000000000000e+03 1.113271028110646710e-01
7.246000000000000000e+03 1.151505758362524057e-01
7.247000000000000000e+03 1.189712084947357612e-01
7.248000000000000000e+03 1.227890135979665120e-01
7.249000000000000000e+03 1.266040055604454873e-01
7.250000000000000000e+03 1.304150104638913954e-01
7.251000000000000000e+03 1.342243507638834210e-01
7.251998046875000000e+03 1.380234531773412709e-01
7.252000000000000000e+03 1.380296056764327983e-01
7.253000000000000000e+03 1.411784995727147218e-01
7.254000000000000000e+03 1.443250563373348339e-01
7.255000000000000000e+03 1.474692923782702780e-01
7.256000000000000000e+03 1.506111780291682356e-01
7.257000000000000000e+03 1.537507293673053277e-01
7.258000000000000000e+03 1.568879637891281431e-01
7.259000000000000000e+03 1.600214395800393929e-01
7.260000000000000000e+03 1.631539834177315185e-01
7.261000000000000000e+03 1.662842347423229838e-01
7.262000000000000000e+03 1.694121585320270962e-01
7.262000488281250000e+03 1.694136852788725445e-01
7.263000000000000000e+03 1.714948509217872619e-01
7.264000000000000000e+03 1.735754568712770673e-01
7.265000000000000000e+03 1.756545044573283865e-01
7.266000000000000000e+03 1.777320129557119488e-01
7.267000000000000000e+03 1.798063611601257994e-01
7.268000000000000000e+03 1.818807193157825353e-01
7.269000000000000000e+03 1.839535409336048866e-01
7.270000000000000000e+03 1.860247882540722875e-01
7.271000000000000000e+03 1.880945721970106177e-01
7.272000000000000000e+03 1.901628241480444459e-01
7.272003417968750000e+03 1.901698906405128731e-01
7.273000000000000000e+03 1.913632667442614343e-01
7.274000000000000000e+03 1.925598250796906330e-01
7.275000000000000000e+03 1.937554918785836244e-01
7.276000000000000000e+03 1.949485083290857235e-01
7.277000000000000000e+03 1.961423423002443822e-01
7.278000000000000000e+03 1.973352450540004910e-01
7.279000000000000000e+03 1.985272374187606603e-01
7.280000000000000000e+03 1.997183407256429843e-01
7.281000000000000000e+03 2.009084804086691822e-01
7.282000000000000000e+03 2.020977104128875157e-01
7.282005859375000000e+03 2.021046760017822519e-01
7.283000000000000000e+03 2.026164615359103416e-01
7.284000000000000000e+03 2.031290388447149486e-01
7.285000000000000000e+03 2.036429894054242462e-01
7.286000000000000000e+03 2.041565482517270769e-01
7.287000000000000000e+03 2.046696727432151530e-01
7.288000000000000000e+03 2.051823844271798980e-01
7.289000000000000000e+03 2.056947050685303258e-01
7.290000000000000000e+03 2.062065917002260940e-01
7.291000000000000000e+03 2.067181218399470888e-01
7.292000000000000000e+03 2.072292183709094626e-01
7.292008789062500000e+03 2.072336925404384966e-01
7.293000000000000000e+03 2.072770431674246239e-01
7.294000000000000000e+03 2.073225587026130967e-01
7.295000000000000000e+03 2.073679832182829252e-01
7.296000000000000000e+03 2.074133385102982507e-01
7.297000000000000000e+03 2.074586463958847105e-01
7.298000000000000000e+03 2.075038633414010014e-01
7.299000000000000000e+03 2.075490111587230124e-01
7.300000000000000000e+03 2.075941116810020581e-01
7.301000000000000000e+03 2.076391878592956375e-01
7.302000000000000000e+03 2.076823846449324107e-01
7.302011230468750000e+03 2.076828897000234375e-01
7.303000000000000000e+03 2.074699460967826814e-01
7.304000000000000000e+03 2.072547058603123049e-01
7.305000000000000000e+03 2.070396099994656069e-01
7.306000000000000000e+03 2.068246149548460810e-01
7.307000000000000000e+03 2.066097424496317336e-01
7.308000000000000000e+03 2.063950141190080967e-01
7.309000000000000000e+03 2.061803865356189591e-01
7.310000000000000000e+03 2.059658813566563051e-01
7.311000000000000000e+03 2.057498404095739752e-01
7.312000000000000000e+03 2.055357173114642222e-01
7.312014160156250000e+03 2.055326861710044528e-01
7.313000000000000000e+03 2.053915369829684978e-01
7.314000000000000000e+03 2.052484513168237323e-01
7.315000000000000000e+03 2.051054139050851877e-01
7.316000000000000000e+03 2.049624463016987697e-01
7.317000000000000000e+03 2.048195700028004884e-01
7.318000000000000000e+03 2.046767419300481450e-01
7.319000000000000000e+03 2.045339835940333251e-01
7.320000000000000000e+03 2.043895124028265731e-01
7.321000000000000000e+03 2.042469601364250986e-01
7.322000000000000000e+03 2.041044988952437633e-01
7.322016601562500000e+03 2.041021340467357725e-01
7.323000000000000000e+03 2.040585315313154235e-01
7.324000000000000000e+03 2.040141903295573655e-01
7.325000000000000000e+03 2.039698679503384460e-01
7.326000000000000000e+03 2.039255215236825403e-01
7.327000000000000000e+03 2.038811724941830550e-01
7.328000000000000000e+03 2.038368422900590782e-01
7.329000000000000000e+03 2.037906888625224677e-01
7.330000000000000000e+03 2.037463323945774840e-01
7.331000000000000000e+03 2.037020620506403423e-01
7.332000000000000000e+03 2.036577676889097799e-01
7.332019531250000000e+03 2.036569025387763299e-01
7.333000000000000000e+03 2.036245133506390803e-01
7.334000000000000000e+03 2.035914895877917741e-01
7.335000000000000000e+03 2.035584335503483333e-01
7.336000000000000000e+03 2.035253666505204839e-01
7.337000000000000000e+03 2.034923102888824276e-01
7.338000000000000000e+03 2.034574249816666347e-01
7.339000000000000000e+03 2.034243471728197084e-01
7.340000000000000000e+03 2.033912371456225721e-01
7.341000000000000000e+03 2.033581815238117430e-01
7.342000000000000000e+03 2.033251364500288649e-01
7.342021972656250000e+03 2.033244097706634890e-01
7.343000000000000000e+03 2.032123767224896793e-01
7.344000000000000000e+03 2.030978753042705087e-01
7.345000000000000000e+03 2.029834443519371312e-01
7.346000000000000000e+03 2.028690411514785241e-01
7.347000000000000000e+03 2.027528961168728050e-01
7.348000000000000000e+03 2.026386133544876289e-01
7.349000000000000000e+03 2.025243583311535367e-01
7.350000000000000000e+03 2.024101523518053447e-01
7.351000000000000000e+03 2.022960166755881084e-01
7.352000000000000000e+03 2.021819087259733028e-01
7.352024902343750000e+03 2.021790683254160448e-01
7.353000000000000000e+03 2.020174784969559489e-01
7.354000000000000000e+03 2.018518266391704785e-01
7.355000000000000000e+03 2.016862617991353746e-01
7.356000000000000000e+03 2.015208051421031044e-01
7.357000000000000000e+03 2.013536351764212695e-01
7.358000000000000000e+03 2.011883326016119800e-01
7.359000000000000000e+03 2.010231380663710377e-01
7.360000000000000000e+03 2.008580092320543520e-01
7.361000000000000000e+03 2.006930335922086361e-01
7.362000000000000000e+03 2.005281657442613830e-01
7.362027343750000000e+03 2.005236582791914135e-01
7.363000000000000000e+03 2.003935098730499353e-01
7.364000000000000000e+03 2.002597656064415699e-01
7.365000000000000000e+03 2.001261061754064097e-01
7.366000000000000000e+03 1.999907219891327581e-01
7.367000000000000000e+03 1.998571911486090036e-01
7.368000000000000000e+03 1.997237029830747634e-01
7.369000000000000000e+03 1.995902785120637901e-01
7.370000000000000000e+03 1.994569387011770056e-01
7.371000000000000000e+03 1.993236725665813447e-01
7.372000000000000000e+03 1.991904700224255975e-01
7.372030273437500000e+03 1.991864391495181963e-01
7.373000000000000000e+03 1.991642453283700709e-01
7.374000000000000000e+03 1.991413202499172641e-01
7.375000000000000000e+03 1.991183774752139923e-01
7.376000000000000000e+03 1.990936779671895196e-01
7.377000000000000000e+03 1.990706999874641558e-01
7.378000000000000000e+03 1.990477043445308680e-01
7.379000000000000000e+03 1.990247119961345013e-01
7.380000000000000000e+03 1.990016810577720230e-01
7.381000000000000000e+03 1.989787312403864250e-01
7.382000000000000000e+03 1.989557847277588498e-01
7.382032714843750000e+03 1.989550330532348366e-01
7.383000000000000000e+03 1.990083991103292760e-01
7.384000000000000000e+03 1.990634960993503677e-01
7.385000000000000000e+03 1.991185388740113749e-01
7.386000000000000000e+03 1.991717243820554650e-01
7.387000000000000000e+03 1.992266163965675241e-01
7.388000000000000000e+03 1.992814123724771791e-01
7.389000000000000000e+03 1.993361333099286647e-01
7.390000000000000000e+03 1.993908002343411645e-01
7.391000000000000000e+03 1.994454372104651485e-01
7.392000000000000000e+03 1.994999992894157248e-01
7.392035644531250000e+03 1.995019434958430204e-01
7.393000000000000000e+03 1.995757570545904080e-01
7.394000000000000000e+03 1.996521884614554376e-01
7.395000000000000000e+03 1.997285288388760960e-01
7.396000000000000000e+03 1.998030320270895999e-01
7.397000000000000000e+03 1.998791897540602991e-01
7.398000000000000000e+03 1.999552565727023834e-01
7.399000000000000000e+03 2.000312535873713937e-01
7.400000000000000000e+03 2.001071387181870276e-01
7.401000000000000000e+03 2.001830285693302069e-01
7.402000000000000000e+03 2.002588488401218503e-01
7.402038085937500000e+03 2.002617339314581302e-01
7.403000000000000000e+03 2.002806756139405286e-01
7.404000000000000000e+03 2.003003399885977254e-01
7.405000000000000000e+03 2.003199339760815267e-01
7.406000000000000000e+03 2.003377062396291819e-01
7.407000000000000000e+03 2.003572225924863393e-01
7.408000000000000000e+03 2.003766686211907455e-01
7.409000000000000000e+03 2.003960654498507521e-01
7.410000000000000000e+03 2.004154342129917665e-01
7.411000000000000000e+03 2.004348010400568147e-01
7.412000000000000000e+03 2.004541187544749969e-01
7.412041015625000000e+03 2.004549109005424046e-01
7.413000000000000000e+03 2.004453266809005652e-01
7.414000000000000000e+03 2.004352845055564769e-01
7.415000000000000000e+03 2.004252148574862391e-01
7.416000000000000000e+03 2.004151388658867994e-01
7.417000000000000000e+03 2.004032407507147506e-01
7.418000000000000000e+03 2.003931099289524009e-01
7.419000000000000000e+03 2.003829305800598759e-01
7.420000000000000000e+03 2.003727238327103477e-01
7.421000000000000000e+03 2.003625752295652152e-01
7.422000000000000000e+03 2.003523781422242023e-01
7.422043457031250000e+03 2.003519343867130320e-01
7.423000000000000000e+03 2.003390117519108782e-01
7.424000000000000000e+03 2.003254987542843479e-01
7.425000000000000000e+03 2.003119397384953981e-01
7.426000000000000000e+03 2.002983558287955157e-01
7.427000000000000000e+03 2.002847681459537788e-01
7.428000000000000000e+03 2.002693615754156109e-01
7.429000000000000000e+03 2.002557031395977016e-01
7.430000000000000000e+03 2.002420409695376546e-01
7.431000000000000000e+03 2.002388132721065750e-01
7.432000000000000000e+03 2.002355604019903923e-01
7.432046386718750000e+03 2.002354098802426319e-01
7.433000000000000000e+03 2.002775496514078990e-01
7.434000000000000000e+03 2.003216642150687787e-01
7.435000000000000000e+03 2.003657236049560808e-01
7.436000000000000000e+03 2.004097489654355913e-01
7.437000000000000000e+03 2.004536980698947146e-01
7.438000000000000000e+03 2.004975920574919579e-01
7.439000000000000000e+03 2.005396762479106643e-01
7.440000000000000000e+03 2.005834596289500504e-01
7.441000000000000000e+03 2.006272755941951313e-01
7.442000000000000000e+03 2.006710154053410744e-01
7.442049316406250000e+03 2.006731710726806783e-01
7.443000000000000000e+03 2.007783143086347977e-01
7.444000000000000000e+03 2.008888380590331257e-01
7.445000000000000000e+03 2.009992433344270635e-01
7.446000000000000000e+03 2.011095513349780706e-01
7.447000000000000000e+03 2.012197833096364685e-01
7.448000000000000000e+03 2.013298968680572731e-01
7.449000000000000000e+03 2.014399132469943121e-01
7.450000000000000000e+03 2.015480684252486387e-01
7.451000000000000000e+03 2.016579229584975486e-01
7.452000000000000000e+03 2.017676804465641516e-01
7.452051757812500000e+03 2.017733597145655311e-01
7.453000000000000000e+03 2.018527969498592478e-01
7.454000000000000000e+03 2.019364703384352866e-01
7.455000000000000000e+03 2.020200844913295213e-01
7.456000000000000000e+03 2.021035968321068521e-01
7.457000000000000000e+03 2.021870286843259479e-01
7.458000000000000000e+03 2.022704014090209168e-01
7.459000000000000000e+03 2.023536723735199216e-01
7.460000000000000000e+03 2.024368629294885924e-01
7.461000000000000000e+03 2.025199608879479918e-01
7.462000000000000000e+03 2.026011618862967600e-01
7.462054687500000000e+03 2.026056983816264256e-01
7.463000000000000000e+03 2.027115530609183980e-01
7.464000000000000000e+03 2.028234568863974407e-01
7.465000000000000000e+03 2.029352405842776153e-01
7.466000000000000000e+03 2.030469255707789689e-01
7.467000000000000000e+03 2.031585333115406566e-01
7.468000000000000000e+03 2.032700209845208772e-01
7.469000000000000000e+03 2.033814100430043070e-01
7.470000000000000000e+03 2.034927219895797668e-01
7.471000000000000000e+03 2.036038801613050675e-01
7.472000000000000000e+03 2.037149397766759851e-01
7.472057128906250000e+03 2.037212827436814533e-01
7.473000000000000000e+03 2.037392233933544572e-01
7.474000000000000000e+03 2.037581906815246757e-01
7.475000000000000000e+03 2.037753331808750401e-01
7.476000000000000000e+03 2.037942202184984397e-01
7.477000000000000000e+03 2.038130672592660675e-01
7.478000000000000000e+03 2.038318958284456583e-01
7.479000000000000000e+03 2.038506629213093224e-01
7.480000000000000000e+03 2.038693900605621778e-01
7.481000000000000000e+03 2.038882997293003652e-01
7.482000000000000000e+03 2.039071480050397567e-01
7.482060058593750000e+03 2.039082787368889371e-01
7.483000000000000000e+03 2.039203086608218085e-01
7.484000000000000000e+03 2.039330938209484856e-01
7.485000000000000000e+03 2.039458214347204257e-01
7.486000000000000000e+03 2.039585130382993439e-01
7.487000000000000000e+03 2.039711901755004719e-01
7.488000000000000000e+03 2.039820010615635837e-01
7.489000000000000000e+03 2.039945845554770598e-01
7.490000000000000000e+03 2.040071536283681319e-01
7.491000000000000000e+03 2.040200654963839899e-01
7.492000000000000000e+03 2.040329415032529070e-01
7.492062500000000000e+03 2.040337464095487996e-01
7.493000000000000000e+03 2.040202516285448964e-01
7.494000000000000000e+03 2.040058176063191397e-01
7.495000000000000000e+03 2.039913864982595137e-01
7.496000000000000000e+03 2.039769152359384441e-01
7.497000000000000000e+03 2.039624253656180108e-01
7.498000000000000000e+03 2.039479384297348818e-01
7.499000000000000000e+03 2.039334113655923708e-01
7.500000000000000000e+03 2.039188657165830754e-01
7.501000000000000000e+03 2.038791841066738553e-01
7.502000000000000000e+03 2.038376486305449320e-01
7.502065429687500000e+03 2.038350484609699476e-01
7.503000000000000000e+03 2.037922170922266685e-01
7.504000000000000000e+03 2.037463903915027463e-01
7.505000000000000000e+03 2.037005233576571206e-01
7.506000000000000000e+03 2.036546375218616645e-01
7.507000000000000000e+03 2.036087543981968395e-01
7.508000000000000000e+03 2.035628309837331784e-01
7.509000000000000000e+03 2.035168887968223927e-01
7.510000000000000000e+03 2.034709493386978874e-01
7.511000000000000000e+03 2.034253033686343748e-01
7.512000000000000000e+03 2.033796385195497380e-01
7.512067871093750000e+03 2.033765399704348387e-01
7.513000000000000000e+03 2.033499776859120645e-01
7.514000000000000000e+03 2.033214270679561952e-01
7.515000000000000000e+03 2.032928425416692109e-01
7.516000000000000000e+03 2.032642455946591376e-01
7.517000000000000000e+03 2.032337897678031247e-01
7.518000000000000000e+03 2.032051252763668603e-01
7.519000000000000000e+03 2.031764054647991757e-01
7.520000000000000000e+03 2.031476518182408486e-01
7.521000000000000000e+03 2.031191536444488799e-01
7.522000000000000000e+03 2.030906001367569491e-01
7.522070800781250000e+03 2.030885772425525537e-01
7.523000000000000000e+03 2.030160274891533445e-01
7.524000000000000000e+03 2.029379804280397881e-01
7.525000000000000000e+03 2.028599214668530826e-01
7.526000000000000000e+03 2.027818720570004341e-01
7.527000000000000000e+03 2.027038536191807794e-01
7.528000000000000000e+03 2.026258233056740521e-01
7.529000000000000000e+03 2.025478025448545771e-01
7.530000000000000000e+03 2.024698127343958209e-01
7.531000000000000000e+03 2.023919079565167090e-01
7.532000000000000000e+03 2.023140126617510304e-01
7.532073242187500000e+03 2.023083093787123865e-01
7.533000000000000000e+03 2.022452546994286393e-01
7.534000000000000000e+03 2.021754012592847094e-01
7.535000000000000000e+03 2.021073655594263219e-01
7.536000000000000000e+03 2.020393093559968989e-01
7.537000000000000000e+03 2.019712540208017104e-01
7.538000000000000000e+03 2.019032208991468347e-01
7.539000000000000000e+03 2.018351673034876059e-01
7.540000000000000000e+03 2.017671145857532489e-01
7.541000000000000000e+03 2.016991510794358955e-01
7.542000000000000000e+03 2.016311670859865235e-01
7.542076171875000000e+03 2.016259886523254219e-01
7.543000000000000000e+03 2.015423033360250471e-01
7.544000000000000000e+03 2.014517591888475012e-01
7.545000000000000000e+03 2.013612144500665779e-01
7.546000000000000000e+03 2.012706904232814398e-01
7.547000000000000000e+03 2.011802083760734217e-01
7.548000000000000000e+03 2.010897257547981931e-01
7.549000000000000000e+03 2.009992638360401651e-01
7.550000000000000000e+03 2.009088438603861271e-01
7.551000000000000000e+03 2.008184252907722067e-01
7.552000000000000000e+03 2.007262444488048525e-01
7.552078613281250000e+03 2.007191405800788642e-01
7.553000000000000000e+03 2.006265333724035760e-01
7.554000000000000000e+03 2.005260321025074399e-01
7.555000000000000000e+03 2.004255604581652861e-01
7.556000000000000000e+03 2.003251396189410782e-01
7.557000000000000000e+03 2.002247271975528820e-01
7.558000000000000000e+03 2.001243655491139195e-01
7.559000000000000000e+03 2.000240123265634717e-01
7.560000000000000000e+03 1.999236886994142370e-01
7.561000000000000000e+03 1.998233806390094236e-01
7.562000000000000000e+03 1.997230810505379595e-01
7.562081542968750000e+03 1.997149036301537062e-01
7.563000000000000000e+03 1.996175818463666596e-01
7.564000000000000000e+03 1.995116739120861848e-01
7.565000000000000000e+03 1.994057794905645109e-01
7.566000000000000000e+03 1.992999196888459723e-01
7.567000000000000000e+03 1.991941155714263834e-01
7.568000000000000000e+03 1.990883249757131601e-01
7.569000000000000000e+03 1.989825689768369987e-01
7.570000000000000000e+03 1.988768686074168512e-01
7.571000000000000000e+03 1.987712148047216798e-01
7.572000000000000000e+03 1.986655955420236763e-01
7.572083984375000000e+03 1.986565802349491705e-01
7.573000000000000000e+03 1.985544099718876687e-01
7.574000000000000000e+03 1.984446534375247650e-01
7.575000000000000000e+03 1.983349351458545129e-01
7.576000000000000000e+03 1.982252760629194810e-01
7.577000000000000000e+03 1.981156342190972530e-01
7.578000000000000000e+03 1.980060305914789764e-01
7.579000000000000000e+03 1.978964861129944575e-01
7.580000000000000000e+03 1.977869588802699530e-01
7.581000000000000000e+03 1.976774698372735228e-01
7.582000000000000000e+03 1.975680398838522978e-01
7.582086914062500000e+03 1.975585288669748085e-01
7.583000000000000000e+03 1.974644352194120656e-01
7.584000000000000000e+03 1.973614370589441558e-01
7.585000000000000000e+03 1.972584505134463151e-01
7.586000000000000000e+03 1.971554964741831506e-01
7.587000000000000000e+03 1.970525957910539694e-01
7.588000000000000000e+03 1.969497067329301909e-01
7.589000000000000000e+03 1.968468501600509346e-01
7.590000000000000000e+03 1.967440468913246032e-01
7.591000000000000000e+03 1.966412571808109910e-01
7.592000000000000000e+03 1.965384999326220405e-01
7.592089843750000000e+03 1.965292712942902642e-01
7.593000000000000000e+03 1.964382207323164820e-01
7.594000000000000000e+03 1.963381902703757176e-01
7.595000000000000000e+03 1.962381898816907555e-01
7.596000000000000000e+03 1.961382403251341611e-01
7.597000000000000000e+03 1.960383000542610110e-01
7.598000000000000000e+03 1.959383898379749855e-01
7.599000000000000000e+03 1.958385304050786480e-01
7.600000000000000000e+03 1.957369393688392356e-01
7.601000000000000000e+03 1.956371181966198025e-01
7.602000000000000000e+03 1.955373477607418586e-01
7.602092285156250000e+03 1.955281400321796925e-01
7.603000000000000000e+03 1.954382335957226824e-01
7.604000000000000000e+03 1.953392146186586908e-01
7.605000000000000000e+03 1.952402456944717923e-01
7.606000000000000000e+03 1.951412854568861655e-01
7.607000000000000000e+03 1.950423545849899742e-01
7.608000000000000000e+03 1.949434737181654220e-01
7.609000000000000000e+03 1.948446015496995976e-01
7.610000000000000000e+03 1.947457793544531135e-01
7.611000000000000000e+03 1.946469658653959267e-01
7.612000000000000000e+03 1.945481817119932288e-01
7.612095214843750000e+03 1.945387794854959440e-01
7.613000000000000000e+03 1.944342553601193790e-01
7.614000000000000000e+03 1.943187532716143251e-01
7.615000000000000000e+03 1.942032954950013712e-01
7.616000000000000000e+03 1.940879025785987311e-01
7.617000000000000000e+03 1.939725333815559005e-01
7.618000000000000000e+03 1.938572084638708892e-01
7.619000000000000000e+03 1.937419483388626018e-01
7.620000000000000000e+03 1.936267119357071298e-01
7.621000000000000000e+03 1.935115197793907948e-01
7.622000000000000000e+03 1.933963923482698855e-01
7.622097656250000000e+03 1.933851498035276673e-01
7.623000000000000000e+03 1.932674263511875712e-01
7.624000000000000000e+03 1.931370174038324061e-01
7.625000000000000000e+03 1.930066868601033603e-01
7.626000000000000000e+03 1.928763937923795857e-01
7.627000000000000000e+03 1.927461586481936662e-01
7.628000000000000000e+03 1.926160018220545722e-01
7.629000000000000000e+03 1.924858824658880752e-01
7.630000000000000000e+03 1.923558209874566827e-01
7.631000000000000000e+03 1.922044244667090729e-01
7.632000000000000000e+03 1.920530946375362813e-01
7.632100585937500000e+03 1.920378778031826550e-01
7.633000000000000000e+03 1.918899106031406454e-01
7.634000000000000000e+03 1.917255125679652727e-01
7.635000000000000000e+03 1.915611960317558926e-01
7.636000000000000000e+03 1.913969812871189058e-01
7.637000000000000000e+03 1.912328885592061711e-01
7.638000000000000000e+03 1.910688772520713063e-01
7.639000000000000000e+03 1.909049676077424762e-01
7.640000000000000000e+03 1.907411798009113202e-01
7.641000000000000000e+03 1.905774434868794942e-01
7.642000000000000000e+03 1.904138087571400628e-01
7.642103027343750000e+03 1.903969577553230874e-01
7.643000000000000000e+03 1.902155493684966892e-01
7.644000000000000000e+03 1.900134215401061422e-01
7.645000000000000000e+03 1.898114386403254861e-01
7.646000000000000000e+03 1.896079322309187631e-01
7.647000000000000000e+03 1.894062407205635568e-01
7.648000000000000000e+03 1.892047139989043447e-01
7.649000000000000000e+03 1.890033118608011597e-01
7.650000000000000000e+03 1.888020543203627055e-01
7.651000000000000000e+03 1.886009908542465585e-01
7.652000000000000000e+03 1.884000517746002856e-01
7.652105957031250000e+03 1.883787693244688699e-01
7.653000000000000000e+03 1.882193989385289312e-01
7.654000000000000000e+03 1.880412734222109972e-01
7.655000000000000000e+03 1.878632468266205613e-01
7.656000000000000000e+03 1.876853390568984925e-01
7.657000000000000000e+03 1.875075699448449096e-01
7.658000000000000000e+03 1.873298996518452664e-01
7.659000000000000000e+03 1.871523480280514740e-01
7.660000000000000000e+03 1.869749348504142483e-01
7.661000000000000000e+03 1.867976203901896004e-01
7.662000000000000000e+03 1.866204244426453718e-01
7.662108398437500000e+03 1.866012259414411845e-01
7.663000000000000000e+03 1.864292983644263157e-01
7.664000000000000000e+03 1.862365773309160588e-01
7.665000000000000000e+03 1.860439924301831582e-01
7.666000000000000000e+03 1.858515633138184131e-01
7.667000000000000000e+03 1.856592504740624816e-01
7.668000000000000000e+03 1.854670735824285877e-01
7.669000000000000000e+03 1.852750522309855041e-01
7.670000000000000000e+03 1.850831470312215010e-01
7.671000000000000000e+03 1.848913775950875860e-01
7.672000000000000000e+03 1.846997634552511591e-01
7.672111328125000000e+03 1.846784376207589728e-01
7.673000000000000000e+03 1.845410013851037923e-01
7.674000000000000000e+03 1.843864366000869670e-01
7.675000000000000000e+03 1.842319852913191780e-01
7.676000000000000000e+03 1.840776083115882034e-01
7.677000000000000000e+03 1.839233446980046982e-01
7.678000000000000000e+03 1.837691553668043543e-01
7.679000000000000000e+03 1.836150598090284802e-01
7.680000000000000000e+03 1.834610774523946775e-01
7.681000000000000000e+03 1.833071693081737286e-01
7.682000000000000000e+03 1.831533548199257566e-01
7.682113769531250000e+03 1.831358635606047114e-01
7.683000000000000000e+03 1.830292118760223075e-01
7.684000000000000000e+03 1.829089020325739001e-01
7.685000000000000000e+03 1.827886479942818221e-01
7.686000000000000000e+03 1.826684691280845985e-01
7.687000000000000000e+03 1.825483266310365393e-01
7.688000000000000000e+03 1.824282398823227069e-01
7.689000000000000000e+03 1.823082282122149012e-01
7.690000000000000000e+03 1.821898771981994014e-01
7.691000000000000000e+03 1.820699583269543287e-01
7.692000000000000000e+03 1.819501144390742176e-01
7.692116699218750000e+03 1.819361301223821892e-01
7.693000000000000000e+03 1.818297425978997461e-01
7.694000000000000000e+03 1.817093525208922367e-01
7.695000000000000000e+03 1.815890380579896490e-01
7.696000000000000000e+03 1.814687606260701191e-01
7.697000000000000000e+03 1.813485394939009510e-01
7.698000000000000000e+03 1.812283938812550288e-01
7.699000000000000000e+03 1.811082852785225739e-01
7.700000000000000000e+03 1.809882329177278371e-01
7.701000000000000000e+03 1.808682542094219858e-01
7.702000000000000000e+03 1.807483124922395212e-01
7.702119140625000000e+03 1.807340263072810538e-01
7.703000000000000000e+03 1.806319314740227611e-01
7.704000000000000000e+03 1.805160955393428357e-01
7.705000000000000000e+03 1.804002920542826238e-01
7.706000000000000000e+03 1.802845401803146452e-01
7.707000000000000000e+03 1.801688590317929162e-01
7.708000000000000000e+03 1.800532103177925058e-01
7.709000000000000000e+03 1.799376131644485899e-01
7.710000000000000000e+03 1.798220866508360716e-01
7.711000000000000000e+03 1.797065925566384281e-01
7.712000000000000000e+03 1.795911499726972338e-01
7.712122070312500000e+03 1.795770637153000227e-01
7.713000000000000000e+03 1.794545729827190794e-01
7.714000000000000000e+03 1.793151058217576921e-01
7.715000000000000000e+03 1.791757176199064994e-01
7.716000000000000000e+03 1.790364273611446955e-01
7.717000000000000000e+03 1.788971969686868890e-01
7.718000000000000000e+03 1.787580454408161379e-01
7.719000000000000000e+03 1.786189917187227250e-01
7.720000000000000000e+03 1.784799978112992791e-01
7.721000000000000000e+03 1.783410826740172983e-01
7.722000000000000000e+03 1.782022652053472656e-01
7.722124511718750000e+03 1.781849839556924608e-01
7.723000000000000000e+03 1.780649413799972880e-01
7.724000000000000000e+03 1.779278984032839073e-01
7.725000000000000000e+03 1.777909510900070322e-01
7.726000000000000000e+03 1.776540616201807143e-01
7.727000000000000000e+03 1.775172488651877989e-01
7.728000000000000000e+03 1.773805316402846388e-01
7.729000000000000000e+03 1.772438722097121888e-01
7.730000000000000000e+03 1.771073082204127347e-01
7.731000000000000000e+03 1.769708019927043186e-01
7.732000000000000000e+03 1.768343723278617274e-01
7.732127441406250000e+03 1.768171921639788147e-01
7.733000000000000000e+03 1.767183838207693480e-01
7.734000000000000000e+03 1.766036331903125534e-01
7.735000000000000000e+03 1.764889156357333511e-01
7.736000000000000000e+03 1.763742499175737499e-01
7.737000000000000000e+03 1.762596547496388388e-01
7.738000000000000000e+03 1.761450926412947982e-01
7.739000000000000000e+03 1.760305823180329798e-01
7.740000000000000000e+03 1.759161424586657696e-01
7.741000000000000000e+03 1.758017356425957411e-01
7.742000000000000000e+03 1.756873992329135437e-01
7.742129882812500000e+03 1.756725502668255723e-01
7.743000000000000000e+03 1.755696004291596168e-01
7.744000000000000000e+03 1.754513358673644718e-01
7.745000000000000000e+03 1.753331462276090935e-01
7.746000000000000000e+03 1.752149942053749798e-01
7.747000000000000000e+03 1.750968984296258357e-01
7.748000000000000000e+03 1.749788774811019409e-01
7.749000000000000000e+03 1.748608941276418582e-01
7.750000000000000000e+03 1.747429669620443049e-01
7.751000000000000000e+03 1.746251162419004688e-01
7.752000000000000000e+03 1.745073030921107105e-01
7.752132812500000000e+03 1.744916602557818053e-01
7.753000000000000000e+03 1.744100303842471278e-01
7.754000000000000000e+03 1.743159442178560670e-01
7.755000000000000000e+03 1.742218684727209754e-01
7.756000000000000000e+03 1.741278216862399697e-01
7.757000000000000000e+03 1.740353767176060218e-01
7.758000000000000000e+03 1.739413870264045203e-01
7.759000000000000000e+03 1.738474262793679725e-01
7.760000000000000000e+03 1.737535129473916362e-01
7.761000000000000000e+03 1.736596083606913032e-01
7.762000000000000000e+03 1.735657327052313459e-01
7.762135253906250000e+03 1.735530403732042093e-01
7.763000000000000000e+03 1.734452358011878692e-01
7.764000000000000000e+03 1.733206112615885974e-01
7.765000000000000000e+03 1.731960511288478111e-01
7.766000000000000000e+03 1.730715737851717395e-01
7.767000000000000000e+03 1.729471423813126463e-01
7.768000000000000000e+03 1.728227753122358601e-01
7.769000000000000000e+03 1.726984909219643483e-01
7.770000000000000000e+03 1.725742524376928932e-01
7.771000000000000000e+03 1.724500782161848267e-01
7.772000000000000000e+03 1.723259865633344490e-01
7.772138183593750000e+03 1.723088416484807039e-01
7.773000000000000000e+03 1.721843123873639525e-01
7.774000000000000000e+03 1.720398978382216559e-01
7.775000000000000000e+03 1.718971253205847649e-01
7.776000000000000000e+03 1.717528849868824314e-01
7.777000000000000000e+03 1.716087323378688023e-01
7.778000000000000000e+03 1.714646855779043966e-01
7.779000000000000000e+03 1.713207081734045290e-01
7.780000000000000000e+03 1.711768183435871671e-01
7.781000000000000000e+03 1.710330342483848964e-01
7.782000000000000000e+03 1.708893194431881368e-01
7.782140625000000000e+03 1.708691165642403087e-01
7.783000000000000000e+03 1.707511809180455586e-01
7.784000000000000000e+03 1.706140392776951953e-01
7.785000000000000000e+03 1.704769594792084897e-01
7.786000000000000000e+03 1.703399596575458363e-01
7.787000000000000000e+03 1.702030578912963887e-01
7.788000000000000000e+03 1.700662179114127703e-01
7.789000000000000000e+03 1.699294578105859932e-01
7.790000000000000000e+03 1.697943134200320670e-01
7.791000000000000000e+03 1.696577117851408301e-01
7.792000000000000000e+03 1.695211899322705829e-01
7.792143554687500000e+03 1.695016007166140481e-01
7.793000000000000000e+03 1.693711518906999280e-01
7.794000000000000000e+03 1.692189106948417399e-01
7.795000000000000000e+03 1.690667675961519123e-01
7.796000000000000000e+03 1.689147405304233518e-01
7.797000000000000000e+03 1.687627934829510901e-01
7.798000000000000000e+03 1.686109444052526773e-01
7.799000000000000000e+03 1.684592111861152042e-01
7.800000000000000000e+03 1.683075579049849724e-01
7.801000000000000000e+03 1.681560024663449060e-01
7.802000000000000000e+03 1.680045627120620999e-01
7.802145996093750000e+03 1.679824586651568752e-01
7.803000000000000000e+03 1.679268331745948362e-01
7.804000000000000000e+03 1.678631970701918719e-01
7.805000000000000000e+03 1.677980747897200309e-01
7.806000000000000000e+03 1.677329322356596042e-01
7.807000000000000000e+03 1.676677872898827137e-01
7.808000000000000000e+03 1.676026578084315599e-01
7.809000000000000000e+03 1.675375081082877138e-01
7.810000000000000000e+03 1.674723560519401633e-01
7.811000000000000000e+03 1.674071931723127293e-01
7.812000000000000000e+03 1.673420101483437117e-01
7.812148925781250000e+03 1.673323025184116630e-01
7.813000000000000000e+03 1.672359895638303728e-01
7.814000000000000000e+03 1.671228906077015797e-01
7.815000000000000000e+03 1.670098274040950348e-01
7.816000000000000000e+03 1.668983106624100654e-01
7.817000000000000000e+03 1.667853713144034633e-01
7.818000000000000000e+03 1.666724676985715803e-01
7.819000000000000000e+03 1.665596175692958814e-01
7.820000000000000000e+03 1.664468386347848217e-01
7.821000000000000000e+03 1.663341215516952465e-01
7.822000000000000000e+03 1.662214578653173902e-01
7.822151367187500000e+03 1.662044116112778858e-01
7.823000000000000000e+03 1.661317849276876257e-01
7.824000000000000000e+03 1.660462066132369074e-01
7.825000000000000000e+03 1.659606501488732899e-01
7.826000000000000000e+03 1.658751332019077485e-01
7.827000000000000000e+03 1.657911038653746005e-01
7.828000000000000000e+03 1.657056122095247608e-01
7.829000000000000000e+03 1.656201600413460262e-01
7.830000000000000000e+03 1.655347120653988813e-01
7.831000000000000000e+03 1.654649597360355051e-01
7.832000000000000000e+03 1.653952337806950668e-01
7.832154296875000000e+03 1.653844733434755299e-01
7.833000000000000000e+03 1.653139009860231934e-01
7.834000000000000000e+03 1.652304733209816745e-01
7.835000000000000000e+03 1.651470854399915145e-01
7.836000000000000000e+03 1.650637021403467686e-01
7.837000000000000000e+03 1.649818176034327510e-01
7.838000000000000000e+03 1.648984955255150819e-01
7.839000000000000000e+03 1.648151780425133051e-01
7.840000000000000000e+03 1.647318827288401233e-01
7.841000000000000000e+03 1.646486271252886324e-01
7.842000000000000000e+03 1.645653761300499562e-01
7.842157226562500000e+03 1.645522888780880655e-01
7.843000000000000000e+03 1.644576910200639674e-01
7.844000000000000000e+03 1.643455093131689082e-01
7.845000000000000000e+03 1.642333607228771697e-01
7.846000000000000000e+03 1.641212627601218998e-01
7.847000000000000000e+03 1.640106836812512126e-01
7.848000000000000000e+03 1.638987034351083727e-01
7.849000000000000000e+03 1.637867562943210731e-01
7.850000000000000000e+03 1.636748771689439941e-01
7.851000000000000000e+03 1.635630327505190884e-01
7.852000000000000000e+03 1.634512388715808895e-01
7.852159667968750000e+03 1.634333964295096586e-01
7.853000000000000000e+03 1.633337420811914464e-01
7.854000000000000000e+03 1.632151881067311350e-01
7.855000000000000000e+03 1.630966913879206281e-01
7.856000000000000000e+03 1.629797112883072385e-01
7.857000000000000000e+03 1.628613453707957182e-01
7.858000000000000000e+03 1.627430192852749036e-01
7.859000000000000000e+03 1.626247503884787615e-01
7.860000000000000000e+03 1.625065559885639221e-01
7.861000000000000000e+03 1.623883998103858861e-01
7.862000000000000000e+03 1.622703007726918334e-01
7.862162597656250000e+03 1.622511063583438884e-01
7.863000000000000000e+03 1.621538634685225910e-01
7.864000000000000000e+03 1.620392237176185857e-01
7.865000000000000000e+03 1.619231869287147130e-01
7.866000000000000000e+03 1.618072225968131272e-01
7.867000000000000000e+03 1.616912961877604304e-01
7.868000000000000000e+03 1.615754249503938145e-01
7.869000000000000000e+03 1.614596260859724741e-01
7.870000000000000000e+03 1.613438651317225248e-01
7.871000000000000000e+03 1.612281593007970082e-01
7.872000000000000000e+03 1.611125257588343351e-01
7.872165039062500000e+03 1.610936823350073432e-01
7.873000000000000000e+03 1.610156032979961072e-01
7.874000000000000000e+03 1.609206797859210614e-01
7.875000000000000000e+03 1.608258080719444649e-01
7.876000000000000000e+03 1.607309538330081444e-01
7.877000000000000000e+03 1.606361342225862687e-01
7.878000000000000000e+03 1.605413663555382564e-01
7.879000000000000000e+03 1.604466159667347347e-01
7.880000000000000000e+03 1.603533369300347011e-01
7.881000000000000000e+03 1.602586720229345896e-01
7.882000000000000000e+03 1.601640245975340104e-01
7.882167968750000000e+03 1.601481301797560708e-01
7.883000000000000000e+03 1.600286524872301108e-01
7.884000000000000000e+03 1.598851481207987368e-01
7.885000000000000000e+03 1.597417098227859600e-01
7.886000000000000000e+03 1.595983546376210926e-01
7.887000000000000000e+03 1.594550995503808966e-01
7.888000000000000000e+03 1.593133382215292937e-01
7.889000000000000000e+03 1.591702309571784990e-01
7.890000000000000000e+03 1.590272236676346651e-01
7.891000000000000000e+03 1.588842823774369306e-01
7.892000000000000000e+03 1.587414240420569334e-01
7.892170410156250000e+03 1.587170906874534049e-01
7.893000000000000000e+03 1.586021175827248275e-01
7.894000000000000000e+03 1.584635823997136705e-01
7.895000000000000000e+03 1.583265450909436267e-01
7.896000000000000000e+03 1.581881830384611887e-01
7.897000000000000000e+03 1.580498827811089579e-01
7.898000000000000000e+03 1.579116611884709975e-01
7.899000000000000000e+03 1.577735350729346508e-01
7.900000000000000000e+03 1.576354707208059425e-01
7.901000000000000000e+03 1.574974849587708059e-01
7.902000000000000000e+03 1.573609884954453864e-01
7.902173339843750000e+03 1.573370943742802563e-01
7.903000000000000000e+03 1.572174602331832260e-01
7.904000000000000000e+03 1.570728015877512485e-01
7.905000000000000000e+03 1.569282450737409795e-01
7.906000000000000000e+03 1.567837571495722115e-01
7.907000000000000000e+03 1.566393545524492614e-01
7.908000000000000000e+03 1.564950539597116108e-01
7.909000000000000000e+03 1.563522238604757864e-01
7.910000000000000000e+03 1.562080758104626432e-01
7.911000000000000000e+03 1.560640145141651558e-01
7.912000000000000000e+03 1.559200550509803884e-01
7.912175781250000000e+03 1.558947555493986337e-01
7.913000000000000000e+03 1.557413369598861508e-01
7.914000000000000000e+03 1.555553149377429945e-01
7.915000000000000000e+03 1.553708301820153903e-01
7.916000000000000000e+03 1.551850611202958974e-01
7.917000000000000000e+03 1.549994192994241238e-01
7.918000000000000000e+03 1.548139212059044534e-01
7.919000000000000000e+03 1.546285337186547870e-01
7.920000000000000000e+03 1.544432733435585903e-01
7.921000000000000000e+03 1.542595385890812576e-01
7.922000000000000000e+03 1.540745291537335415e-01
7.922178710937500000e+03 1.540414793202681265e-01
7.923000000000000000e+03 1.539530939508745866e-01
7.924000000000000000e+03 1.538455376251573470e-01
7.925000000000000000e+03 1.537380143755610606e-01
7.926000000000000000e+03 1.536305406274161012e-01
7.927000000000000000e+03 1.535245099768367816e-01
7.928000000000000000e+03 1.534171342516764402e-01
7.929000000000000000e+03 1.533098079856708984e-01
7.930000000000000000e+03 1.532025475269453707e-01
7.931000000000000000e+03 1.530953457412470298e-01
7.932000000000000000e+03 1.529881933371261271e-01
7.932181152343750000e+03 1.529690392869310633e-01
7.933000000000000000e+03 1.529034674511538239e-01
7.934000000000000000e+03 1.528220219762249088e-01
7.935000000000000000e+03 1.527406001068161989e-01
7.936000000000000000e+03 1.526592181450589780e-01
7.937000000000000000e+03 1.525778434644125825e-01
7.938000000000000000e+03 1.524964923752652746e-01
7.939000000000000000e+03 1.524165325653079328e-01
7.940000000000000000e+03 1.523352442261667605e-01
7.941000000000000000e+03 1.522540636023090588e-01
7.942000000000000000e+03 1.521729064479639126e-01
7.942184082031250000e+03 1.521579724239829623e-01
7.943000000000000000e+03 1.520746048979812470e-01
7.944000000000000000e+03 1.519724528143441278e-01
7.945000000000000000e+03 1.518717083682631364e-01
7.946000000000000000e+03 1.517696608616810050e-01
7.947000000000000000e+03 1.516676417307510072e-01
7.948000000000000000e+03 1.515656671893692020e-01
7.949000000000000000e+03 1.514637534095861771e-01
7.950000000000000000e+03 1.513632266175748975e-01
7.951000000000000000e+03 1.512614593470351099e-01
7.952000000000000000e+03 1.511597526722935625e-01
7.952186523437500000e+03 1.511407838957204153e-01
7.953000000000000000e+03 1.510395394078575537e-01
7.954000000000000000e+03 1.509151414802394064e-01
7.955000000000000000e+03 1.507921806755943839e-01
7.956000000000000000e+03 1.506679163267983512e-01
7.957000000000000000e+03 1.505437192827606407e-01
7.958000000000000000e+03 1.504196055992087500e-01
7.959000000000000000e+03 1.502955430895281941e-01
7.960000000000000000e+03 1.501715478222877265e-01
7.961000000000000000e+03 1.500489844881679746e-01
7.962000000000000000e+03 1.499251240301073818e-01
7.962189453125000000e+03 1.499016658490651133e-01
7.963000000000000000e+03 1.497966399003017590e-01
7.964000000000000000e+03 1.496671478012184253e-01
7.965000000000000000e+03 1.495377126687550684e-01
7.966000000000000000e+03 1.494096921164432823e-01
7.967000000000000000e+03 1.492804017475553302e-01
7.968000000000000000e+03 1.491512002340868726e-01
7.969000000000000000e+03 1.490220556498875748e-01
7.970000000000000000e+03 1.488929839304076463e-01
7.971000000000000000e+03 1.487655318389211612e-01
7.972000000000000000e+03 1.486367991891416052e-01
7.972191894531250000e+03 1.486121043854874701e-01
7.973000000000000000e+03 1.485865281644633829e-01
7.974000000000000000e+03 1.485548713785714292e-01
7.975000000000000000e+03 1.485231732090592505e-01
7.976000000000000000e+03 1.484927832817345139e-01
7.977000000000000000e+03 1.484610497832752896e-01
7.978000000000000000e+03 1.484292749494836861e-01
7.979000000000000000e+03 1.483974746712609649e-01
7.980000000000000000e+03 1.483669975552440456e-01
7.981000000000000000e+03 1.483363736010410716e-01
7.982000000000000000e+03 1.483057237535959916e-01
7.982194824218750000e+03 1.482997524981822524e-01
7.983000000000000000e+03 1.482302034396118795e-01
7.984000000000000000e+03 1.481438368282442797e-01
7.985000000000000000e+03 1.480588299549909226e-01
7.986000000000000000e+03 1.479725218203714887e-01
7.987000000000000000e+03 1.478862591012432004e-01
7.988000000000000000e+03 1.478000101475948069e-01
7.989000000000000000e+03 1.477138065783610843e-01
7.990000000000000000e+03 1.476289432098646937e-01
7.991000000000000000e+03 1.475452445014674430e-01
7.992000000000000000e+03 1.474615725212642392e-01
7.992197753906250000e+03 1.474450323442966226e-01
7.993000000000000000e+03 1.472363887914556468e-01
7.994000000000000000e+03 1.469777970170478287e-01
7.995000000000000000e+03 1.467180791987036659e-01
7.996000000000000000e+03 1.464585739574639223e-01
7.997000000000000000e+03 1.461992498719879574e-01
7.998000000000000000e+03 1.459401225797555268e-01
7.999000000000000000e+03 1.456825168453677599e-01
8.000000000000000000e+03 1.454237806486567419e-01
8.001000000000000000e+03 1.451614254089694522e-01
8.002000000000000000e+03 1.448992900309822585e-01
8.002200195312500000e+03 1.448470938163483601e-01
8.003000000000000000e+03 1.443899372116134727e-01
8.004000000000000000e+03 1.438175194915814192e-01
8.005000000000000000e+03 1.432456386155935013e-01
8.006000000000000000e+03 1.426742637391680280e-01
8.007000000000000000e+03 1.421046874576311903e-01
8.008000000000000000e+03 1.415343498805445022e-01
8.009000000000000000e+03 1.409645483965634993e-01
8.010000000000000000e+03 1.403952526466340778e-01
8.011000000000000000e+03 1.398282346347832494e-01
8.012000000000000000e+03 1.392629897223564561e-01
8.012203125000000000e+03 1.391479778304274828e-01
8.013000000000000000e+03 1.384802225528758424e-01
8.014000000000000000e+03 1.376429539289761306e-01
8.015000000000000000e+03 1.368064775686608225e-01
8.016000000000000000e+03 1.359719864161292036e-01
8.017000000000000000e+03 1.351370425940600917e-01
8.018000000000000000e+03 1.343028902766418009e-01
8.019000000000000000e+03 1.334695004578031474e-01
8.020000000000000000e+03 1.326380800637204371e-01
8.021000000000000000e+03 1.318071209105754760e-01
8.022000000000000000e+03 1.309769129826413026e-01
8.022205566406250000e+03 1.308063449539313972e-01
8.023000000000000000e+03 1.295042587780694532e-01
8.024000000000000000e+03 1.278678018546717532e-01
8.025000000000000000e+03 1.262317598099055027e-01
8.026000000000000000e+03 1.245972696771044941e-01
8.027000000000000000e+03 1.229643448366298519e-01
8.028000000000000000e+03 1.213340891732369170e-01
8.029000000000000000e+03 1.197042791897935526e-01
8.030000000000000000e+03 1.180760335870463112e-01
8.031000000000000000e+03 1.164509773670199394e-01
8.032000000000000000e+03 1.148284603442972784e-01
8.032208496093750000e+03 1.144901448620974788e-01
8.033000000000000000e+03 1.121269235422638899e-01
8.034000000000000000e+03 1.091437392233972209e-01
8.035000000000000000e+03 1.061633775064514257e-01
8.036000000000000000e+03 1.031867780991877759e-01
8.037000000000000000e+03 1.002120681593121759e-01
8.038000000000000000e+03 9.724018036505427398e-02
8.039000000000000000e+03 9.427112528708360417e-02
8.040000000000000000e+03 9.130572383611391951e-02
8.041000000000000000e+03 8.834244675799311775e-02
8.042000000000000000e+03 8.538198239949351676e-02
8.042210937500000000e+03 8.475786988342445816e-02
8.043000000000000000e+03 8.186316024347883857e-02
8.044000000000000000e+03 7.819846771283328613e-02
8.045000000000000000e+03 7.453653789695569021e-02
8.046000000000000000e+03 7.087811548854186516e-02
8.047000000000000000e+03 6.722381196044774354e-02
8.048000000000000000e+03 6.357236940039812101e-02
8.049000000000000000e+03 5.992443254091541632e-02
8.050000000000000000e+03 5.628000683177167285e-02
8.051000000000000000e+03 5.263956999503235923e-02
8.052000000000000000e+03 4.900212836585490089e-02
8.052213867187500000e+03 4.822465452766668687e-02
8.053000000000000000e+03 4.611026894209759031e-02
8.054000000000000000e+03 4.342296958779739979e-02
8.055000000000000000e+03 4.073862231410751988e-02
8.056000000000000000e+03 3.805646932508183200e-02
8.057000000000000000e+03 3.537690475757751529e-02
8.058000000000000000e+03 3.270021462108688853e-02
8.059000000000000000e+03 3.002578990136360940e-02
8.060000000000000000e+03 2.735395149060572753e-02
8.061000000000000000e+03 2.468469281580578170e-02
8.062000000000000000e+03 2.201821485241450133e-02
8.062216308593750000e+03 2.144172488190164427e-02
8.063000000000000000e+03 2.047779638876994629e-02
8.064000000000000000e+03 1.924886812722591961e-02
8.065000000000000000e+03 1.802128910992670946e-02
8.066000000000000000e+03 1.679472546567985572e-02
8.067000000000000000e+03 1.556934653444372145e-02
8.068000000000000000e+03 1.434515405190597143e-02
8.069000000000000000e+03 1.312226595481353307e-02
8.070000000000000000e+03 1.190043606200402726e-02
8.071000000000000000e+03 1.067979241783655574e-02
8.072000000000000000e+03 9.460419216057905367e-03
8.072219238281250000e+03 9.193223463068302820e-03
8.073000000000000000e+03 8.797198751074939219e-03
8.074000000000000000e+03 8.290406387659937301e-03
8.075000000000000000e+03 7.784105055174939634e-03
8.076000000000000000e+03 7.278360987157116678e-03
8.077000000000000000e+03 6.773036871885385578e-03
8.078000000000000000e+03 6.268203549528028953e-03
8.079000000000000000e+03 5.763913459015001205e-03
8.080000000000000000e+03 5.260056890454369027e-03
8.081000000000000000e+03 4.756691670302351342e-03
8.082000000000000000e+03 4.253855063431319188e-03
8.082221679687500000e+03 4.142443389708408766e-03
8.083000000000000000e+03 3.967853984456598190e-03
8.084000000000000000e+03 3.743731662539746298e-03
8.085000000000000000e+03 3.519827203544456141e-03
8.086000000000000000e+03 3.296170610913781978e-03
8.087000000000000000e+03 3.072699734625725185e-03
8.088000000000000000e+03 2.849446615808362473e-03
8.089000000000000000e+03 2.626435156073142572e-03
8.090000000000000000e+03 2.403615414660273137e-03
8.091000000000000000e+03 2.181012961569823300e-03
8.092000000000000000e+03 1.958646051313310456e-03
8.092224609375000000e+03 1.908725829017717977e-03
8.093000000000000000e+03 1.827771779086678153e-03
8.094000000000000000e+03 1.723457968605796552e-03
8.095000000000000000e+03 1.619260571471540849e-03
8.096000000000000000e+03 1.515149622987196259e-03
8.097000000000000000e+03 1.411140295024566806e-03
8.098000000000000000e+03 1.307232744431549142e-03
8.099000000000000000e+03 1.203437925232625451e-03
8.100000000000000000e+03 1.099732933844475890e-03
8.101000000000000000e+03 9.961298363075749528e-04
8.102000000000000000e+03 8.926365533612880352e-04
8.102227539062500000e+03 8.690999205771521817e-04
8.103000000000000000e+03 8.338237165036349900e-04
8.104000000000000000e+03 7.881960202913433806e-04
8.105000000000000000e+03 7.426197741655351982e-04
8.106000000000000000e+03 6.970810139904914937e-04
8.107000000000000000e+03 6.515869186935217610e-04
8.108000000000000000e+03 6.061429428277181853e-04
8.109000000000000000e+03 5.607378063502737242e-04
8.110000000000000000e+03 5.153772480281138034e-04
8.111000000000000000e+03 4.700654832561289406e-04
8.112000000000000000e+03 4.247937636981892386e-04
8.112229980468750000e+03 4.143884542855421987e-04
8.113000000000000000e+03 3.983705317240422337e-04
8.114000000000000000e+03 3.775900474714965365e-04
8.115000000000000000e+03 3.568264398312215487e-04
8.116000000000000000e+03 3.360832167720504923e-04
8.117000000000000000e+03 3.153632577555760342e-04
8.118000000000000000e+03 2.946606882201728821e-04
8.119000000000000000e+03 2.739785632062359598e-04
8.120000000000000000e+03 2.533191016181970978e-04
8.121000000000000000e+03 2.326776178342478281e-04
8.122000000000000000e+03 2.120565550898123217e-04
8.122232910156250000e+03 2.072570578556307659e-04
8.123000000000000000e+03 1.995197170337307830e-04
8.124000000000000000e+03 1.894400156126714498e-04
8.125000000000000000e+03 1.793702725361658479e-04
8.126000000000000000e+03 1.693119729018072183e-04
8.127000000000000000e+03 1.592619922002802752e-04
8.128000000000000000e+03 1.492219617671083367e-04
8.129000000000000000e+03 1.391931017450580646e-04
8.130000000000000000e+03 1.291728274932238884e-04
8.131000000000000000e+03 1.191624826514493606e-04
8.132000000000000000e+03 1.091630615215155277e-04
8.132235351562500000e+03 1.068108693143874450e-04
8.133000000000000000e+03 1.031126092039560510e-04
8.134000000000000000e+03 9.828027769622391346e-05
8.135000000000000000e+03 9.345357882476276615e-05
8.136000000000000000e+03 8.863076245347777853e-05
8.137000000000000000e+03 8.381348025740623662e-05
8.138000000000000000e+03 7.900018502009026821e-05
8.139000000000000000e+03 7.419165765820794338e-05
8.140000000000000000e+03 6.938853211170104929e-05
8.141000000000000000e+03 6.458950211788183377e-05
8.142000000000000000e+03 5.979525467869013029e-05
8.142238281250000000e+03 5.865370432899702399e-05
8.143000000000000000e+03 5.691800003017241763e-05
8.144000000000000000e+03 5.464079237045245326e-05
8.145000000000000000e+03 5.236584858657246806e-05
8.146000000000000000e+03 5.009360861521146063e-05
8.147000000000000000e+03 4.782315388005424674e-05
8.148000000000000000e+03 4.555536717995695129e-05
8.149000000000000000e+03 4.328941058377301334e-05
8.150000000000000000e+03 4.102570551134514671e-05
8.151000000000000000e+03 3.876461258651163792e-05
8.152000000000000000e+03 3.650540846076842671e-05
8.152240722656250000e+03 3.596190253914533853e-05
8.153000000000000000e+03 3.489601690254099807e-05
8.154000000000000000e+03 3.349373119068543842e-05
8.155000000000000000e+03 3.209253006265774458e-05
8.156000000000000000e+03 3.069272102904369167e-05
8.157000000000000000e+03 2.929457173565220386e-05
8.158000000000000000e+03 2.789754378926269759e-05
8.159000000000000000e+03 2.650214680436993134e-05
8.160000000000000000e+03 2.510789292361886646e-05
8.161000000000000000e+03 2.371503336757302665e-05
8.162000000000000000e+03 2.232377197844394800e-05
8.162243652343750000e+03 2.198494635921341791e-05
8.163000000000000000e+03 2.108262516855196922e-05
