Title: Massive Warm/Hot Galaxy Coronae as Probed by UV/X-ray 
       Oxygen Absorption and Emission: I - Basic Model 
Authors: Faerman Y., Sternberg A., McKee C.F. 
Figure: Corona gas density profiles for the hot and warm components
================================================================================
Byte-by-byte Description of file: dbf4a.txt
--------------------------------------------------------------------------------
   Bytes Format Units Label   Explanations
--------------------------------------------------------------------------------
   1-  6 F6.2   kpc   Radius  Radius
   8- 15 E8.2   cm-3  nHhot   Hot component gas density (1)
  17- 24 E8.2   cm-3  nHwarm  Warm component gas density (2)
  26- 33 E8.2   cm-3  <nH>    Averaged warm gas density (3)
--------------------------------------------------------------------------------
Note (1): The hot gas is supported by the thermal, turbulent, cosmic ray and 
          magnetic pressure. 
Note (2): The warm gas is mixed with the hot component and follows a similar 
          density profile. The warm gas filling factor is set by the fraction 
          of hot gas with t_cool_/t_dyn_  {~<}8 and inreases from 0.02 at small
          radii ({<=} 50 kpc) to 0.25 at r_vir_. 
Note (3): Calculated as the mean local density multiplied by the volume filling
          factor. The dynamical time increases faster than the cooling time, 
          leading to a more constant averaged density profile for the warm gas,
          compared to the hot and warm gas local densities. See Section 4.3 
          and Section 5 for details.
--------------------------------------------------------------------------------
  8.51 6.72e-04 1.50e-03 1.12e-05 
  8.61 6.65e-04 1.49e-03 1.11e-05 
  8.70 6.57e-04 1.47e-03 1.10e-05 
  8.80 6.49e-04 1.45e-03 1.09e-05 
  8.89 6.42e-04 1.44e-03 1.07e-05 
  8.99 6.35e-04 1.42e-03 1.06e-05 
  9.09 6.27e-04 1.40e-03 1.05e-05 
  9.19 6.20e-04 1.39e-03 1.04e-05 
  9.29 6.13e-04 1.37e-03 1.02e-05 
  9.40 6.06e-04 1.36e-03 1.01e-05 
  9.50 5.99e-04 1.34e-03 1.00e-05 
  9.61 5.92e-04 1.32e-03 9.89e-06 
  9.71 5.85e-04 1.31e-03 9.78e-06 
  9.82 5.78e-04 1.29e-03 9.67e-06 
  9.93 5.72e-04 1.28e-03 9.56e-06 
 10.04 5.65e-04 1.26e-03 9.45e-06 
 10.15 5.59e-04 1.25e-03 9.34e-06 
 10.26 5.52e-04 1.24e-03 9.23e-06 
 10.37 5.46e-04 1.22e-03 9.13e-06 
 10.49 5.40e-04 1.21e-03 9.02e-06 
 10.60 5.34e-04 1.19e-03 8.92e-06 
 10.72 5.28e-04 1.18e-03 8.82e-06 
 10.84 5.22e-04 1.17e-03 8.72e-06 
 10.96 5.16e-04 1.15e-03 8.62e-06 
 11.08 5.10e-04 1.14e-03 8.52e-06 
 11.20 5.04e-04 1.13e-03 8.43e-06 
 11.33 4.98e-04 1.12e-03 8.33e-06 
 11.45 4.93e-04 1.10e-03 8.24e-06 
 11.58 4.87e-04 1.09e-03 8.14e-06 
 11.71 4.82e-04 1.08e-03 8.05e-06 
 11.83 4.76e-04 1.07e-03 7.96e-06 
 11.97 4.71e-04 1.05e-03 7.87e-06 
 12.10 4.66e-04 1.04e-03 7.79e-06 
 12.23 4.61e-04 1.03e-03 7.70e-06 
 12.37 4.56e-04 1.02e-03 7.61e-06 
 12.50 4.50e-04 1.01e-03 7.53e-06 
 12.64 4.46e-04 9.97e-04 7.45e-06 
 12.78 4.41e-04 9.86e-04 7.36e-06 
 12.92 4.36e-04 9.75e-04 7.28e-06 
 13.06 4.31e-04 9.64e-04 7.20e-06 
 13.21 4.26e-04 9.54e-04 7.12e-06 
 13.35 4.22e-04 9.43e-04 7.05e-06 
 13.50 4.17e-04 9.33e-04 6.97e-06 
 13.65 4.12e-04 9.23e-04 6.89e-06 
 13.80 4.08e-04 9.13e-04 6.82e-06 
 13.95 4.04e-04 9.03e-04 6.74e-06 
 14.11 3.99e-04 8.93e-04 6.67e-06 
 14.26 3.95e-04 8.84e-04 6.60e-06 
 14.42 3.91e-04 8.74e-04 6.53e-06 
 14.58 3.86e-04 8.65e-04 6.46e-06 
 14.74 3.82e-04 8.56e-04 6.39e-06 
 14.90 3.78e-04 8.45e-04 6.41e-06 
 15.07 3.74e-04 8.35e-04 6.42e-06 
 15.24 3.70e-04 8.25e-04 6.44e-06 
 15.40 3.66e-04 8.16e-04 6.46e-06 
 15.57 3.62e-04 8.06e-04 6.47e-06 
 15.75 3.58e-04 7.97e-04 6.49e-06 
 15.92 3.54e-04 7.87e-04 6.51e-06 
 16.10 3.51e-04 7.78e-04 6.53e-06 
 16.27 3.47e-04 7.69e-04 6.54e-06 
 16.45 3.43e-04 7.60e-04 6.56e-06 
 16.63 3.39e-04 7.51e-04 6.58e-06 
 16.82 3.36e-04 7.42e-04 6.59e-06 
 17.00 3.32e-04 7.33e-04 6.61e-06 
 17.19 3.29e-04 7.25e-04 6.63e-06 
 17.38 3.25e-04 7.16e-04 6.64e-06 
 17.57 3.22e-04 7.08e-04 6.66e-06 
 17.77 3.18e-04 6.99e-04 6.68e-06 
 17.96 3.15e-04 6.91e-04 6.69e-06 
 18.16 3.12e-04 6.83e-04 6.71e-06 
 18.36 3.08e-04 6.75e-04 6.72e-06 
 18.57 3.05e-04 6.67e-04 6.74e-06 
 18.77 3.02e-04 6.59e-04 6.76e-06 
 18.98 2.99e-04 6.51e-04 6.77e-06 
 19.19 2.96e-04 6.44e-04 6.79e-06 
 19.40 2.93e-04 6.36e-04 6.80e-06 
 19.61 2.89e-04 6.29e-04 6.82e-06 
 19.83 2.86e-04 6.21e-04 6.84e-06 
 20.05 2.83e-04 6.14e-04 6.85e-06 
 20.27 2.81e-04 6.07e-04 6.87e-06 
 20.49 2.78e-04 6.01e-04 6.80e-06 
 20.72 2.75e-04 5.95e-04 6.73e-06 
 20.95 2.72e-04 5.89e-04 6.66e-06 
 21.18 2.69e-04 5.83e-04 6.60e-06 
 21.41 2.67e-04 5.77e-04 6.53e-06 
 21.65 2.64e-04 5.71e-04 6.46e-06 
 21.89 2.61e-04 5.65e-04 6.40e-06 
 22.13 2.59e-04 5.60e-04 6.34e-06 
 22.38 2.56e-04 5.54e-04 6.27e-06 
 22.62 2.54e-04 5.49e-04 6.21e-06 
 22.87 2.51e-04 5.43e-04 6.15e-06 
 23.13 2.49e-04 5.38e-04 6.09e-06 
 23.38 2.46e-04 5.33e-04 6.03e-06 
 23.64 2.44e-04 5.27e-04 5.97e-06 
 23.90 2.41e-04 5.22e-04 5.91e-06 
 24.16 2.39e-04 5.17e-04 5.85e-06 
 24.43 2.37e-04 5.12e-04 5.80e-06 
 24.70 2.34e-04 5.07e-04 5.74e-06 
 24.97 2.32e-04 5.02e-04 5.68e-06 
 25.25 2.30e-04 4.97e-04 5.63e-06 
 25.53 2.28e-04 4.93e-04 5.58e-06 
 25.81 2.26e-04 4.88e-04 5.52e-06 
 26.09 2.23e-04 4.83e-04 5.47e-06 
 26.38 2.21e-04 4.79e-04 5.42e-06 
 26.67 2.19e-04 4.74e-04 5.37e-06 
 26.97 2.17e-04 4.70e-04 5.32e-06 
 27.27 2.15e-04 4.65e-04 5.27e-06 
 27.57 2.13e-04 4.61e-04 5.22e-06 
 27.87 2.11e-04 4.56e-04 5.23e-06 
 28.18 2.09e-04 4.51e-04 5.25e-06 
 28.49 2.07e-04 4.46e-04 5.27e-06 
 28.81 2.05e-04 4.42e-04 5.28e-06 
 29.12 2.03e-04 4.37e-04 5.30e-06 
 29.45 2.01e-04 4.32e-04 5.32e-06 
 29.77 1.99e-04 4.28e-04 5.34e-06 
 30.10 1.97e-04 4.23e-04 5.35e-06 
 30.43 1.95e-04 4.19e-04 5.37e-06 
 30.77 1.93e-04 4.14e-04 5.39e-06 
 31.11 1.92e-04 4.10e-04 5.40e-06 
 31.45 1.90e-04 4.06e-04 5.42e-06 
 31.80 1.88e-04 4.01e-04 5.44e-06 
 32.15 1.86e-04 3.97e-04 5.45e-06 
 32.50 1.84e-04 3.93e-04 5.47e-06 
 32.86 1.83e-04 3.89e-04 5.48e-06 
 33.23 1.81e-04 3.85e-04 5.50e-06 
 33.59 1.79e-04 3.81e-04 5.52e-06 
 33.96 1.78e-04 3.77e-04 5.53e-06 
 34.34 1.76e-04 3.73e-04 5.55e-06 
 34.72 1.74e-04 3.69e-04 5.56e-06 
 35.10 1.73e-04 3.65e-04 5.58e-06 
 35.49 1.71e-04 3.61e-04 5.60e-06 
 35.88 1.69e-04 3.57e-04 5.61e-06 
 36.28 1.68e-04 3.54e-04 5.63e-06 
 36.68 1.66e-04 3.50e-04 5.64e-06 
 37.08 1.65e-04 3.46e-04 5.66e-06 
 37.49 1.63e-04 3.43e-04 5.68e-06 
 37.91 1.62e-04 3.39e-04 5.69e-06 
 38.33 1.60e-04 3.36e-04 5.64e-06 
 38.75 1.59e-04 3.33e-04 5.59e-06 
 39.18 1.57e-04 3.30e-04 5.54e-06 
 39.61 1.56e-04 3.27e-04 5.49e-06 
 40.05 1.55e-04 3.24e-04 5.44e-06 
 40.49 1.53e-04 3.21e-04 5.40e-06 
 40.94 1.52e-04 3.19e-04 5.35e-06 
 41.39 1.50e-04 3.15e-04 5.37e-06 
 41.84 1.49e-04 3.12e-04 5.38e-06 
 42.31 1.48e-04 3.09e-04 5.40e-06 
 42.77 1.46e-04 3.06e-04 5.42e-06 
 43.25 1.45e-04 3.03e-04 5.43e-06 
 43.72 1.44e-04 3.00e-04 5.45e-06 
 44.21 1.42e-04 2.97e-04 5.47e-06 
 44.70 1.41e-04 2.94e-04 5.49e-06 
 45.19 1.40e-04 2.91e-04 5.50e-06 
 45.69 1.39e-04 2.88e-04 5.52e-06 
 46.19 1.37e-04 2.86e-04 5.54e-06 
 46.70 1.36e-04 2.83e-04 5.55e-06 
 47.22 1.35e-04 2.80e-04 5.57e-06 
 47.74 1.34e-04 2.77e-04 5.59e-06 
 48.27 1.33e-04 2.75e-04 5.61e-06 
 48.80 1.31e-04 2.72e-04 5.62e-06 
 49.34 1.30e-04 2.69e-04 5.64e-06 
 49.88 1.29e-04 2.67e-04 5.66e-06 
 50.43 1.28e-04 2.64e-04 5.67e-06 
 50.99 1.27e-04 2.62e-04 5.69e-06 
 51.55 1.26e-04 2.59e-04 5.71e-06 
 52.12 1.25e-04 2.56e-04 5.72e-06 
 52.70 1.24e-04 2.54e-04 5.74e-06 
 53.28 1.23e-04 2.52e-04 5.76e-06 
 53.87 1.21e-04 2.49e-04 5.78e-06 
 54.46 1.20e-04 2.47e-04 5.79e-06 
 55.07 1.19e-04 2.44e-04 5.88e-06 
 55.67 1.18e-04 2.41e-04 5.96e-06 
 56.29 1.17e-04 2.39e-04 6.04e-06 
 56.91 1.16e-04 2.37e-04 6.06e-06 
 57.54 1.15e-04 2.34e-04 6.08e-06 
 58.17 1.14e-04 2.32e-04 6.10e-06 
 58.82 1.13e-04 2.30e-04 6.12e-06 
 59.47 1.12e-04 2.28e-04 6.14e-06 
 60.12 1.11e-04 2.26e-04 6.15e-06 
 60.79 1.10e-04 2.24e-04 6.17e-06 
 61.46 1.09e-04 2.22e-04 6.19e-06 
 62.14 1.09e-04 2.20e-04 6.21e-06 
 62.82 1.08e-04 2.18e-04 6.23e-06 
 63.52 1.07e-04 2.16e-04 6.25e-06 
 64.22 1.06e-04 2.14e-04 6.27e-06 
 64.93 1.05e-04 2.12e-04 6.29e-06 
 65.64 1.04e-04 2.10e-04 6.30e-06 
 66.37 1.03e-04 2.08e-04 6.32e-06 
 67.10 1.02e-04 2.06e-04 6.34e-06 
 67.84 1.01e-04 2.04e-04 6.36e-06 
 68.59 1.01e-04 2.02e-04 6.38e-06 
 69.35 9.98e-05 2.01e-04 6.40e-06 
 70.12 9.89e-05 1.98e-04 6.49e-06 
 70.89 9.80e-05 1.96e-04 6.58e-06 
 71.67 9.71e-05 1.94e-04 6.66e-06 
 72.46 9.63e-05 1.92e-04 6.75e-06 
 73.26 9.54e-05 1.90e-04 6.84e-06 
 74.07 9.46e-05 1.89e-04 6.93e-06 
 74.89 9.37e-05 1.87e-04 7.02e-06 
 75.72 9.30e-05 1.85e-04 7.03e-06 
 76.55 9.22e-05 1.83e-04 7.05e-06 
 77.40 9.14e-05 1.82e-04 7.07e-06 
 78.25 9.07e-05 1.80e-04 7.09e-06 
 79.12 9.00e-05 1.79e-04 7.11e-06 
 79.99 8.92e-05 1.77e-04 7.13e-06 
 80.88 8.85e-05 1.76e-04 7.15e-06 
 81.77 8.78e-05 1.74e-04 7.17e-06 
 82.67 8.71e-05 1.73e-04 7.19e-06 
 83.58 8.64e-05 1.71e-04 7.21e-06 
 84.51 8.56e-05 1.69e-04 7.31e-06 
 85.44 8.48e-05 1.68e-04 7.41e-06 
 86.38 8.41e-05 1.66e-04 7.50e-06 
 87.34 8.33e-05 1.64e-04 7.60e-06 
 88.30 8.26e-05 1.63e-04 7.70e-06 
 89.28 8.19e-05 1.61e-04 7.79e-06 
 90.26 8.11e-05 1.60e-04 7.89e-06 
 91.26 8.04e-05 1.58e-04 7.98e-06 
 92.27 7.97e-05 1.57e-04 8.08e-06 
 93.29 7.90e-05 1.55e-04 8.17e-06 
 94.32 7.83e-05 1.54e-04 8.26e-06 
 95.36 7.76e-05 1.52e-04 8.36e-06 
 96.41 7.70e-05 1.51e-04 8.38e-06 
 97.48 7.64e-05 1.50e-04 8.40e-06 
 98.55 7.58e-05 1.48e-04 8.42e-06 
 99.64 7.52e-05 1.47e-04 8.44e-06 
100.74 7.46e-05 1.46e-04 8.46e-06 
101.85 7.39e-05 1.45e-04 8.55e-06 
102.98 7.33e-05 1.43e-04 8.63e-06 
104.12 7.27e-05 1.42e-04 8.72e-06 
105.27 7.20e-05 1.41e-04 8.80e-06 
106.43 7.14e-05 1.39e-04 8.88e-06 
107.60 7.08e-05 1.38e-04 8.97e-06 
108.79 7.02e-05 1.37e-04 9.05e-06 
109.99 6.95e-05 1.36e-04 9.20e-06 
111.21 6.89e-05 1.34e-04 9.35e-06 
112.44 6.82e-05 1.33e-04 9.49e-06 
113.68 6.76e-05 1.32e-04 9.64e-06 
114.93 6.69e-05 1.30e-04 9.78e-06 
116.20 6.64e-05 1.29e-04 9.85e-06 
117.48 6.58e-05 1.28e-04 9.92e-06 
118.78 6.53e-05 1.27e-04 9.98e-06 
120.09 6.47e-05 1.26e-04 1.00e-05 
121.42 6.42e-05 1.25e-04 1.01e-05 
122.76 6.37e-05 1.24e-04 1.02e-05 
124.12 6.31e-05 1.23e-04 1.02e-05 
125.49 6.26e-05 1.22e-04 1.03e-05 
126.87 6.21e-05 1.21e-04 1.04e-05 
128.27 6.16e-05 1.20e-04 1.04e-05 
129.69 6.10e-05 1.19e-04 1.06e-05 
131.12 6.04e-05 1.18e-04 1.08e-05 
132.57 5.98e-05 1.17e-04 1.09e-05 
134.03 5.92e-05 1.16e-04 1.11e-05 
135.51 5.86e-05 1.14e-04 1.12e-05 
137.01 5.81e-05 1.13e-04 1.14e-05 
138.52 5.75e-05 1.12e-04 1.15e-05 
140.05 5.70e-05 1.11e-04 1.16e-05 
141.60 5.65e-05 1.11e-04 1.17e-05 
143.16 5.60e-05 1.10e-04 1.18e-05 
144.74 5.55e-05 1.09e-04 1.19e-05 
146.34 5.50e-05 1.08e-04 1.20e-05 
147.96 5.45e-05 1.07e-04 1.21e-05 
149.59 5.41e-05 1.06e-04 1.21e-05 
151.24 5.36e-05 1.05e-04 1.23e-05 
152.91 5.31e-05 1.04e-04 1.24e-05 
154.60 5.26e-05 1.04e-04 1.25e-05 
156.31 5.21e-05 1.03e-04 1.26e-05 
158.04 5.16e-05 1.02e-04 1.27e-05 
159.78 5.11e-05 1.01e-04 1.29e-05 
161.55 5.06e-05 1.00e-04 1.30e-05 
163.33 5.02e-05 9.94e-05 1.31e-05 
165.13 4.97e-05 9.86e-05 1.32e-05 
166.96 4.92e-05 9.78e-05 1.33e-05 
168.80 4.88e-05 9.70e-05 1.34e-05 
170.66 4.83e-05 9.62e-05 1.36e-05 
172.55 4.78e-05 9.54e-05 1.37e-05 
174.45 4.74e-05 9.46e-05 1.38e-05 
176.38 4.68e-05 9.38e-05 1.40e-05 
178.33 4.64e-05 9.30e-05 1.41e-05 
180.30 4.59e-05 9.23e-05 1.42e-05 
182.29 4.55e-05 9.16e-05 1.44e-05 
184.30 4.50e-05 9.09e-05 1.45e-05 
186.34 4.46e-05 9.02e-05 1.46e-05 
188.40 4.42e-05 8.95e-05 1.47e-05 
190.48 4.37e-05 8.88e-05 1.48e-05 
192.58 4.33e-05 8.81e-05 1.50e-05 
194.71 4.29e-05 8.74e-05 1.51e-05 
196.86 4.25e-05 8.67e-05 1.52e-05 
199.03 4.19e-05 8.60e-05 1.54e-05 
201.23 4.14e-05 8.52e-05 1.56e-05 
203.45 4.09e-05 8.45e-05 1.59e-05 
205.70 4.04e-05 8.37e-05 1.61e-05 
207.97 4.00e-05 8.31e-05 1.61e-05 
210.26 3.97e-05 8.25e-05 1.62e-05 
212.59 3.93e-05 8.19e-05 1.63e-05 
214.93 3.88e-05 8.12e-05 1.65e-05 
217.31 3.83e-05 8.05e-05 1.67e-05 
219.71 3.78e-05 7.98e-05 1.70e-05 
222.13 3.72e-05 7.89e-05 1.73e-05 
224.59 3.68e-05 7.84e-05 1.73e-05 
227.07 3.65e-05 7.79e-05 1.74e-05 
229.57 3.61e-05 7.73e-05 1.76e-05 
232.11 3.55e-05 7.66e-05 1.79e-05 
234.67 3.47e-05 7.56e-05 1.85e-05 
237.26 3.39e-05 7.47e-05 1.90e-05 
239.88 3.37e-05 7.43e-05 1.89e-05 
