|            sigma_DMp |                sigma |
|                  0.0 |  0.00771364948057819 |
| 0.002763819095477387 |  0.00771364948057819 |
| 0.005527638190954774 |  0.00771364948057819 |
| 0.008291457286432161 |  0.00771364948057819 |
| 0.011055276381909548 | 0.005373073976157365 |
| 0.013819095477386936 | 0.013792615750173197 |
| 0.016582914572864323 | 0.016537250123189424 |
|  0.01934673366834171 | 0.019273992823296872 |
| 0.022110552763819097 | 0.022002031533694365 |
| 0.024874371859296484 | 0.024719734188172592 |
|  0.02763819095477387 |   0.0274259297607697 |
| 0.030402010050251258 | 0.030119017956269544 |
| 0.033165829145728645 |  0.03279791089887678 |
| 0.035929648241206036 | 0.035461012573945815 |
|  0.03869346733668342 |  0.03810709939770006 |
|   0.0414572864321608 |  0.04073463048684934 |
| 0.044221105527638194 | 0.043342110670120566 |
| 0.046984924623115584 |  0.04592801761861905 |
|  0.04974874371859297 |  0.04849061088981602 |
|  0.05251256281407035 |  0.05102831086224849 |
|  0.05527638190954774 |  0.05353909910705299 |
|  0.05804020100502513 | 0.056021112434935565 |
| 0.060804020100502516 |  0.05847175342597111 |
|   0.0635678391959799 | 0.060888272728186636 |
|  0.06633165829145729 |  0.06326705827168043 |
|  0.06909547738693468 |  0.06560381660244399 |
|  0.07185929648241207 |  0.06789346249339023 |
|  0.07462311557788945 |  0.07013062315907799 |
|  0.07738693467336684 |  0.07230974456427706 |
|  0.08015075376884423 |  0.07442610207473872 |
|   0.0829145728643216 |  0.07647601149413771 |
|    0.085678391959799 |   0.0784574714897787 |
|  0.08844221105527639 |  0.08036995734466465 |
|  0.09120603015075378 |  0.08221451949372183 |
|  0.09396984924623117 |  0.08399361107192141 |
|  0.09673366834170855 |  0.08571046144068373 |
|  0.09949748743718594 |   0.0873689670156093 |
|  0.10226130653266333 |  0.08897332086856725 |
|   0.1050251256281407 |  0.09052786920921314 |
|   0.1077889447236181 |  0.09203679994112467 |
|  0.11055276381909548 |  0.09350418411603016 |
|  0.11331658291457287 |   0.0949338513452705 |
|  0.11608040201005027 |  0.09632936132831582 |
|  0.11884422110552764 |  0.09769400878786394 |
|  0.12160804020100503 |  0.09903078580128429 |
|  0.12437185929648242 |  0.10034244069379582 |
|   0.1271356783919598 |  0.10163153002504759 |
|   0.1298994974874372 |  0.10290031115476077 |
|  0.13266331658291458 |  0.10415086579465464 |
|  0.13542713567839196 |   0.1053851368064783 |
|  0.13819095477386936 |  0.10660485222260198 |
|  0.14095477386934674 |  0.10781159600292657 |
|  0.14371859296482414 |  0.10900683041197944 |
|  0.14648241206030152 |  0.11019190783556357 |
|   0.1492462311557789 |  0.11136806941770898 |
|   0.1520100502512563 |  0.11253644602712803 |
|  0.15477386934673368 |  0.11369809291575074 |
|  0.15753768844221105 |  0.11485400584632166 |
|  0.16030150753768846 |    0.116005103980729 |
|  0.16306532663316584 |  0.11715221666556991 |
|   0.1658291457286432 |  0.11829614810516327 |
|  0.16859296482412062 |  0.11943766050955647 |
|    0.171356783919598 |  0.12057746073171582 |
|   0.1741206030150754 |  0.12171621072103904 |
|  0.17688442211055277 |  0.12285453716175056 |
|  0.17964824120603015 |  0.12399303799727235 |
|  0.18241206030150756 |  0.12513228494934714 |
|  0.18517587939698493 |  0.12627281830244882 |
|  0.18793969849246234 |  0.12741516430300298 |
|   0.1907035175879397 |  0.12855982518980988 |
|   0.1934673366834171 |  0.12970727965947645 |
|   0.1962311557788945 |  0.13085798668176196 |
|  0.19899497487437187 |  0.13201239143949453 |
|  0.20175879396984925 |  0.13317093361018145 |
|  0.20452261306532665 |  0.13433403640043254 |
|  0.20728643216080403 |  0.13550210983337807 |
|   0.2100502512562814 |  0.13667555700954911 |
|   0.2128140703517588 |  0.13785476698528507 |
|   0.2155778894472362 |  0.13904012547078967 |
|   0.2183417085427136 |  0.14023201229203996 |
|  0.22110552763819097 |   0.1414307967749518 |
|  0.22386934673366835 |  0.14263685350839359 |
|  0.22663316582914575 |   0.1438505403920112 |
|  0.22939698492462313 |   0.1450722235860978 |
|  0.23216080402010053 |  0.14630225974141642 |
|   0.2349246231155779 |  0.14754100521774033 |
|  0.23768844221105528 |   0.1487888074605507 |
|   0.2404522613065327 |  0.15004602330907926 |
|  0.24321608040201007 |  0.15131301111222217 |
|  0.24597989949748744 |  0.15259012061533353 |
|  0.24874371859296485 |  0.15387771056320074 |
|  0.25150753768844225 |   0.1551761287420208 |
|   0.2542713567839196 |  0.15648573874568528 |
|    0.257035175879397 |  0.15780689948353832 |
|   0.2597989949748744 |   0.1591399691012704 |
|  0.26256281407035176 |  0.16048530867784927 |
|  0.26532663316582916 |  0.16184329200867506 |
|  0.26809045226130657 |  0.16321429776230725 |
|   0.2708542713567839 |    0.164598701554325 |
|   0.2736180904522613 |  0.16599687872505553 |
|   0.2763819095477387 |    0.167409211805695 |
|   0.2791457286432161 |     0.16883609666308 |
|   0.2819095477386935 |  0.17027792973815384 |
|   0.2846733668341709 |  0.17173511954128823 |
|   0.2874371859296483 |  0.17320807823263287 |
|  0.29020100502512564 |  0.17469722221296613 |
|  0.29296482412060304 |  0.17620297881482783 |
|  0.29572864321608044 |  0.17772578858624388 |
|   0.2984924623115578 |  0.17926608736379732 |
|   0.3012562814070352 |   0.1808243308023154 |
|   0.3040201005025126 |  0.18240097594071342 |
|  0.30678391959798995 |  0.18399650034590073 |
|  0.30954773869346736 |   0.1856113819113678 |
|  0.31231155778894476 |  0.18724612153628797 |
|   0.3150753768844221 |  0.18890122341001128 |
|   0.3178391959798995 |  0.19057720148484464 |
|   0.3206030150753769 |  0.19227458185795487 |
|  0.32336683417085427 |   0.1939939093272775 |
|  0.32613065326633167 |  0.19573574158117313 |
|   0.3288944723618091 |  0.19750065370815786 |
|   0.3316582914572864 |  0.19928922787992043 |
|  0.33442211055276383 |  0.20110206692189714 |
|  0.33718592964824123 |  0.20293978921798886 |
|  0.33994974874371864 |  0.20480303494810412 |
|    0.342713567839196 |  0.20669246056864013 |
|   0.3454773869346734 |  0.20860872799390542 |
|   0.3482412060301508 |  0.21055254042408464 |
|  0.35100502512562815 |   0.2125246013644741 |
|  0.35376884422110555 |  0.21452564797229293 |
|  0.35653266331658295 |   0.2165564328531326 |
|   0.3592964824120603 |  0.21861774785711252 |
|   0.3620603015075377 |  0.22071039247483595 |
|   0.3648241206030151 |   0.2228351821244921 |
|  0.36758793969849246 |   0.2249929735543819 |
|  0.37035175879396987 |  0.22718466642122062 |
|  0.37311557788944727 |  0.22941117940670847 |
|   0.3758793969849247 |  0.23167342975907101 |
|    0.378643216080402 |   0.2339723958114489 |
|   0.3814070351758794 |  0.23630909009500206 |
|  0.38417085427135683 |  0.23868456613398673 |
|   0.3869346733668342 |   0.2410998785337007 |
|   0.3896984924623116 |  0.24355615575045236 |
|    0.392462311557789 |   0.2460545622521281 |
|  0.39522613065326634 |  0.24859629098360947 |
|  0.39798994974874374 |   0.2511825704344364 |
|  0.40075376884422115 |   0.2538146997132258 |
|   0.4035175879396985 |  0.25649401490000034 |
|   0.4062814070351759 |  0.25922189410876445 |
|   0.4090452261306533 |  0.26199977261302804 |
|  0.41180904522613065 |  0.26482915310575483 |
|  0.41457286432160806 |   0.2677115924556356 |
|  0.41733668341708546 |  0.27064868537115017 |
|   0.4201005025125628 |  0.27364212907727814 |
|   0.4228643216080402 |   0.2766936670197876 |
|   0.4256281407035176 |  0.27980512341366287 |
|    0.428391959798995 |   0.2829783773664828 |
|   0.4311557788944724 |  0.28621540223946773 |
|   0.4339195979899498 |  0.28951826631722377 |
|   0.4366834170854272 |   0.2928891157796429 |
|  0.43944723618090453 |  0.29633018027309194 |
|  0.44221105527638194 |   0.2998438281154776 |
|  0.44497487437185934 |   0.3034324947809731 |
|   0.4477386934673367 |   0.3070987118299293 |
|   0.4505025125628141 |   0.3108451568949596 |
|   0.4532663316582915 |   0.3146746328525177 |
|  0.45603015075376885 |   0.3185900807475755 |
|  0.45879396984924625 |  0.32259456105224765 |
|  0.46155778894472366 |  0.32669130033421323 |
|  0.46432160804020106 |   0.3308836717792942 |
|   0.4670854271356784 |  0.33517521340210454 |
|   0.4698492462311558 |   0.3395696443093616 |
|   0.4726130653266332 |   0.3440709044612494 |
|  0.47537688442211057 |   0.3486830918934729 |
|    0.478140703517588 |   0.3534105449519775 |
|   0.4809045226130654 |   0.3582578296051238 |
|   0.4836683417085427 |   0.3632297800829032 |
|  0.48643216080402013 |  0.36833147011184075 |
|  0.48919597989949754 |  0.37356827507841384 |
|   0.4919597989949749 |   0.3789458570403194 |
|   0.4947236180904523 |   0.3844702297057579 |
|   0.4974874371859297 |   0.3901477480302858 |
|   0.5002512562814071 |  0.39598513601316554 |
|   0.5030150753768845 |  0.40198954651313407 |
|   0.5057788944723618 |  0.40816859105376946 |
|   0.5085427135678392 |  0.41453034332460664 |
|   0.5113065326633166 |   0.4210833733730374 |
|    0.514070351758794 |   0.4278368165033067 |
|   0.5168341708542714 |   0.4348004314630232 |
|   0.5195979899497488 |  0.44198463831952306 |
|   0.5223618090452261 |  0.44940060326395487 |
|   0.5251256281407035 |  0.45706025457972904 |
|   0.5278894472361809 |   0.4649763125484822 |
|   0.5306532663316583 |   0.4731625676711085 |
|   0.5334170854271357 |   0.4816337115622324 |
|   0.5361809045226131 |    0.490405678344169 |
|   0.5389447236180905 |  0.49949551175860035 |
|   0.5417085427135678 |    0.508921760552136 |
|   0.5444723618090452 |   0.5187044105614034 |
|   0.5472361809045226 |   0.5288651359889492 |
|                 0.55 |    0.539427443670815 |
