|                sigma |                   C0 |
|                 0.01 |   1.0009007249610435 |
| 0.010186289902446875 |   1.0009346246161124 |
| 0.010376050197669117 |    1.000969792871513 |
| 0.010569345535579883 |    1.001006301465585 |
| 0.010766241770454934 |   1.0010441860831119 |
| 0.010966805983368685 |   1.0010834900996441 |
| 0.011171106505048241 |   1.0011242617189546 |
|  0.01137921293915315 |   1.0011665941035957 |
| 0.011591196185988858 |     1.00121050551867 |
| 0.011807128466661904 |     1.00125607442888 |
|  0.01202708334768512 |    1.001303375451106 |
|  0.01225113576604119 |   1.0013524371537712 |
| 0.012479362054713113 |   1.0014033618095384 |
| 0.012711839968690289 |   1.0014562123858661 |
| 0.012948648711459043 |   1.0015110485574898 |
| 0.013189868961986699 |    1.001567939039383 |
| 0.013435582902208256 |    1.001626994481461 |
| 0.013685874245025185 |   1.0016882730080592 |
| 0.013940828262825779 |    1.001751854370594 |
| 0.014200531816536825 |   1.0018178454126798 |
| 0.014465073385216465 |   1.0018863165411103 |
|  0.01473454309619835 |   1.0019573730182143 |
| 0.015009032755797357 |   1.0020311281279137 |
| 0.015288635880587303 |    1.002107645666803 |
| 0.015573447729261343 |   1.0021870609384123 |
| 0.015863565335085903 |   1.0022694692441239 |
| 0.016159087538959182 |   1.0023549946452728 |
| 0.016460115023085507 |   1.0024437523129126 |
| 0.016766750345277002 |   1.0025358556695243 |
| 0.017079097973894276 |   1.0026314545790511 |
| 0.017397264323438015 |   1.0027306519982686 |
| 0.017721357790803593 |   1.0028336013047063 |
| 0.018051488792211093 |   1.0029404396956207 |
| 0.018387769800823277 |   1.0030513179325786 |
| 0.018730315385064374 |   1.0031663893007265 |
| 0.019079242247652662 |   1.0032858272755238 |
|   0.0194346692653602 |   1.0034097687330474 |
| 0.019796717529513327 |   1.0035384022601412 |
| 0.020165510387247464 |   1.0036719112394514 |
| 0.020541173483530642 |   1.0038104676317419 |
| 0.020923834803969768 |   1.0039542756607895 |
| 0.021313624718414376 |   1.0041035282328916 |
|  0.02171067602537265 |   1.0042584365459417 |
| 0.022115123997254887 |    1.004419228855666 |
| 0.022527106426459803 |    1.004586103220125 |
| 0.022946763672319362 |   1.0047593144721418 |
|  0.02337423870891815 |   1.0049391045184737 |
| 0.023809677173803584 |   1.0051257111156038 |
|  0.02425322741760353 |   1.0053193948847943 |
| 0.024705040554568253 |   1.0055204448242663 |
| 0.025165270514053917 |   1.0057291413148106 |
|  0.02563407409296515 |   1.0059457662960936 |
| 0.026111611009174595 |   1.0061706215657866 |
| 0.026598043955937584 |    1.006404054386844 |
| 0.027093538657320514 |   1.0066463513184845 |
| 0.027598263924661803 |    1.006897883710614 |
| 0.028112391714084643 |   1.0071589994227639 |
| 0.028636097185081158 |     1.00743008068852 |
|  0.02916955876018796 |   1.0077114847994741 |
| 0.029712958185773342 |    1.008003644206182 |
|  0.03026648059395692 |   1.0083069491323404 |
|  0.03083031456568277 |   1.0086218606084159 |
|  0.03140465219496752 |   1.0089488110516571 |
|  0.03198968915434538 |    1.009288270681369 |
|  0.03258562476153226 |   1.0096407208553526 |
|   0.0331926620473319 |   1.0100066884661896 |
|  0.03381100782480685 |   1.0103866897626612 |
| 0.034440872759738235 |   1.0107812685697253 |
|  0.03508247144239792 |    1.011191034881077 |
| 0.035736022460657886 |   1.0116165340623302 |
|  0.03640174847446141 |   1.0120584117717486 |
| 0.037079876291681704 |   1.0125173226138096 |
|  0.03777063694539366 |    1.012993929099311 |
|  0.03847426577258504 |   1.0134889405884282 |
|  0.03919100249433404 |   1.0140030849622323 |
|  0.03992109129748051 |   1.0145371160244387 |
|  0.04066478091781856 |    1.015091837905268 |
| 0.041422324724838956 |    1.015668093766168 |
| 0.042193980808050265 |   1.0162667459219852 |
| 0.042980012064907966 |   1.0168886743680694 |
|  0.04378068629038169 |   1.0175348517944944 |
|  0.04459627626819093 |    1.018206249728502 |
|  0.04542705986374045 |   1.0189038909377697 |
|  0.04627332011878691 |   1.0196288551357806 |
|  0.04713534534786907 |   1.0203822817941486 |
| 0.048013429236534504 |    1.021165348733204 |
|   0.0489078709413959 |   1.0219792521073259 |
|   0.0498189751920516 |   1.0228253087525803 |
|  0.05074705239490466 |   1.0237048789558316 |
|  0.05169241873891599 |   1.0246193535312265 |
|  0.05265539630332756 |    1.025570234320726 |
|   0.0536363131673924 |   1.0265590970167175 |
|  0.05463550352214876 |    1.027587558459479 |
|  0.05565330778427646 |   1.0286573609664142 |
|  0.05669007271207434 |   1.0297703548702668 |
|   0.0577461515235982 |   1.0309284267091556 |
| 0.058821904016999556 |   1.0321336461454915 |
|  0.05991769669310619 |   1.0333881908229823 |
|  0.06103390288028621 |   1.0346943435736504 |
|  0.06217090286163827 |   1.0360545891818465 |
|  0.06332908400455114 |   1.0374715648254282 |
|  0.06450884089267693 |     1.03894810938096 |
|   0.0657105754603627 |   1.0404872947993298 |
|   0.0669346971295866 |    1.042092406019787 |
|   0.0681816229494448 |   1.0437670545494917 |
|  0.06945177773823696 |   1.0455151281124817 |
|  0.07074559422819879 |   1.0473408986438222 |
|  0.07206351321293053 |   1.0492489893909231 |
|  0.07340598369757212 |    1.051244469003979 |
|  0.07477346305177589 |   1.0533327979904559 |
|  0.07616641716552892 |   1.0555199692207105 |
|  0.07758532060787836 |    1.057812387234146 |
|  0.07903065678861348 |    1.060217006468838 |
|  0.08050291812295982 |    1.062741180818276 |
|  0.08200260619934131 |   1.0653927613813474 |
|  0.08353023195026779 |   1.0681799710310367 |
|  0.08508631582640581 |   1.0711114024384936 |
|  0.08667138797389233 |   1.0741958486666172 |
|   0.0882859884149515 |    1.077442343468875 |
|  0.08993066723187623 |   1.0808599170703574 |
|   0.0916059847544371 |   1.0844575795261748 |
|  0.09331251175078249 |   1.0882441117347361 |
|  0.09505082962189507 |   1.0922280601260754 |
|   0.0968215305996708 |   1.0964175119350843 |
|   0.0986252179486878 |   1.1008199953941438 |
|  0.10046250617173408 |     1.10544252650626 |
|  0.10233402121916417 |   1.1102913276134343 |
|  0.10424040070215564 |   1.1153719391022352 |
|  0.10618229410993842 |   1.1206890967653673 |
|    0.108160363031071 |   1.1262467900291249 |
|  0.11017528137883868 |   1.1320481658139132 |
|  0.11222773562085077 |   1.1380956342954889 |
|  0.11431842501291498 |   1.1443908492994257 |
|  0.11644806183726861 |    1.150934819831896 |
|  0.11861737164524785 |   1.1577278736129364 |
|  0.12082709350447765 |   1.1647697912292267 |
|  0.12307798025066652 |   1.1720598545803842 |
|  0.12537079874409204 |    1.179596827888077 |
|   0.1277063301308644 |    1.187379135289846 |
|  0.13008537010905713 |   1.1954048742620473 |
|   0.1325087291997953 |   1.2036718019339838 |
|  0.13497723302339418 |   1.2121774969271386 |
|   0.1374917225806419 |   1.2209193273232943 |
|  0.14005305453932196 |   1.2298945312897034 |
|   0.1426621015260737 |   1.2391001834853368 |
|  0.14531975242368955 |   1.2485333379841441 |
|  0.14802691267395085 |   1.2581909314273154 |
|   0.1507845045861051 |    1.268069896767671 |
|   0.1535934676510897 |   1.2781671524248523 |
|   0.1564547588616096 |   1.2884795779053104 |
|  0.15936935303817745 |    1.299004079278065 |
|  0.16233824316122783 |    1.309737579037322 |
|  0.16536244070941805 |   1.3206769909929401 |
|  0.16844297600423153 |    1.331819284115588 |
|  0.17158089856100048 |   1.3431614113773742 |
|   0.1747772774464681 |   1.3547003558487571 |
|   0.1780332016430114 |   1.3664331668453245 |
|  0.18134978041964953 |   1.3783568492427085 |
|   0.1847281437099634 |   1.3904684913775343 |
|  0.18816944249705556 |   1.4027651138884716 |
|   0.1916748492056815 |   1.4152437918120575 |
|   0.1952455581016861 |   1.4279016300259566 |
|    0.198882785698881 |   1.4407356519455556 |
|   0.2025877711735017 |    1.453742953691168 |
|  0.20636177678638587 |    1.466920533545002 |
|  0.21020608831301585 |   1.4802654130815123 |
|  0.21412201548157295 |    1.493774603850884 |
|  0.21811089241915188 |   1.5074450669552115 |
|  0.22217407810628836 |    1.521273663417442 |
|  0.22631295683995284 |   1.5352572541051892 |
|  0.23052893870517072 |   1.5493926123754074 |
|   0.2348234600554275 |   1.5636765196712603 |
|  0.23919798400202386 |   1.5781055560831372 |
|   0.2436540009125465 |    1.592676330466125 |
|   0.2481930289186254 |    1.607385306922336 |
|   0.2528166144331499 |    1.622228843900973 |
|     0.25752633267712 |   1.6372031818186255 |
|  0.26232378821631225 |   1.6523045209529088 |
|   0.2672106155079434 |   1.6675288628824838 |
|  0.27218847945751784 |    1.682872059359426 |
|  0.27725907598604826 |   1.6983298924393813 |
|  0.28242413260784344 |   1.7138979562464138 |
|  0.28768540901905926 |   1.7295716671627237 |
|   0.2930446976972143 |    1.745346304732922 |
|   0.2985038245118731 |    1.761216933121297 |
|   0.3040646493467067 |   1.7771784475230474 |
|   0.3097290667331408 |    1.793225554647403 |
|   0.3154990064958087 |   1.8093527396576239 |
|   0.3213764344100277 |    1.825554255101205 |
|  0.32736335287152457 |   1.8418241935244926 |
|   0.3334618015786364 |   1.8581562535843577 |
|   0.3396738582272208 |   1.8745440408926832 |
|   0.3460016392185109 |   1.8909808493485307 |
|   0.3524473003801584 |   1.9074596463756517 |
|  0.35901303770070686 |    1.923973136793452 |
|   0.3657010880777489 |   1.9405137974459383 |
|    0.372513730080021 |   1.9570737014462536 |
|  0.37945328472369383 |   1.9736446002875052 |
|  0.38652211626312616 |   1.9902180104072045 |
|   0.3937226329963479 |    2.006784957780219 |
|   0.4010572880855496 |    2.023336194928925 |
|   0.4085285803928561 |   2.0398620539550185 |
|  0.41613905533167067 |   2.0563524791127863 |
|   0.4238913057338779 |    2.072797024416251 |
|  0.43178797273320213 |   2.0891848058149707 |
|   0.4398317466650224 |   2.1055044308288555 |
|  0.44802536798294895 |   2.1217441322619197 |
|  0.45637162819247584 |    2.137891598617404 |
|   0.4648733708020257 |   2.1539340894074503 |
|   0.4735334922917116 |   2.1698583277953825 |
|  0.48235494310014676 |    2.185650421570715 |
|   0.4913407286296362 |    2.201296029015382 |
|   0.5004939102700954 |    2.216780183303212 |
|   0.5098176064420424 |    2.232087269415134 |
|   0.5193149936590212 |    2.247201134317475 |
|   0.5289893076098151 |   2.2621049869858596 |
|   0.5388438442608223 |   2.2767812596574424 |
|   0.5488819609789671 |   2.2912118391989096 |
|    0.559107077675529 |    2.305377760294697 |
|   0.5695226779712822 |    2.319259385852708 |
|   0.5801323103833376 |   2.3328362743697375 |
|   0.5909395895340968 |   2.3460872710647513 |
|   0.6019481973827271 |   2.3589902773525346 |
|   0.6131618844795772 |   2.3715223521835656 |
|   0.6245844712439614 |    2.383659819807597 |
|   0.6362198492657486 |   2.3953778332398383 |
|   0.6480719826311968 |   2.4066508052884523 |
|   0.6601449092734887 |    2.417451998692765 |
|   0.6724427423484246 |   2.4277537901808914 |
|   0.6849696716357443 |   2.4375274170097625 |
|   0.6977299649665535 |   2.4467429913486534 |
|   0.7107279696773415 |    2.455369580838927 |
|   0.7239681140910873 |   2.4633749701312904 |
|    0.737454909025955 |    2.470725808423066 |
|   0.7511929493320965 |   2.4773873955916135 |
|   0.7651869154570822 |   2.4833237768409604 |
|   0.7794415750404947 |   2.4884976511282164 |
|    0.793961784538228 |   2.4928702151872386 |
|   0.8087524908770453 |   2.4964012864049976 |
|   0.8238187331399606 |   2.4990492431829536 |
|   0.8391656442830157 |   2.5007707096139016 |
|    0.854798452884041 |    2.501520797916169 |
|   0.8707224849239917 |    2.501253001217477 |
|   0.8869431656014709 |    2.499918949875786 |
|   0.9034660211810525 |    2.497468490076385 |
|    0.920296680876041 |    2.493849760163185 |
|   0.9374408787662991 |    2.489008718878718 |
|   0.9549044557518078 |   2.4828895553438306 |
|   0.9726933615426169 |     2.47543418752634 |
|   0.9908136566858666 |    2.466582501033813 |
|   1.0092715146305709 |   2.4562721726369716 |
|   1.0280732238308647 |   2.4444384983774046 |
|   1.0472251898884344 |    2.431014386721398 |
|    1.066733937734857 |    2.415930353904694 |
|   1.0866061138545968 |   2.3991142589145737 |
|   1.1068484885494119 |    2.380491390518761 |
|    1.127467958244946 |   2.3599842204069432 |
|    1.148471547840289 |     2.33751238843855 |
|    1.169866413101307 |   2.3129925841522834 |
|   1.1916598430985588 |    2.286338518440237 |
|   1.2138592626906277 |    2.257460530309703 |
|    1.236472235053715 |   2.2262659116744237 |
|   1.2595064642583578 |    2.192658379378388 |
|   1.2829697978941474 |    2.156538233337994 |
|   1.3068702297433463 |   2.1178020486160136 |
|   1.3312159025043078 |   2.0763426456387926 |
|   1.3560151105656333 |    2.032048946344952 |
|   1.3812763028320094 |     1.98480580678114 |
|    1.407008085602685 |   1.9344937845754158 |
|   1.4332192255035738 |    1.880989217789514 |
|   1.4599186524739787 |    1.824163794602732 |
|   1.4871154628089538 |   1.7638846366551288 |
|   1.5148189222583457 |   1.7000138656441708 |
|   1.5430384691835646 |   1.6324087409159644 |
|   1.5717837177731628 |   1.5609211385678545 |
|   1.6010644613183178 |    1.485397675568488 |
|   1.6308906755493326 |   1.4056792403919038 |
|    1.661272522034293 |    1.321601017270355 |
|   1.6922203516410372 |   1.2329920986869993 |
|     1.72374470806362 |   1.1396753989897126 |
|   1.7558563314144688 |   1.0414672953141062 |
|   1.7885661618834618 |   0.9381775238902267 |
|   1.8218853434651652 |    0.829608828208091 |
|    1.855825227755517 |   0.7155567647886774 |
|   1.8903973778192196 |   0.5958094269022992 |
|   1.9256135721291967 |  0.47014715042641453 |
|   1.9614858085794293 |  0.33834224650498623 |
|   1.9980263085725487 |  0.20015870305687555 |
|    2.035247521183576 |  0.05535187772070016 |
|    2.073162127401229 | -0.09633182339245307 |
|   2.1117830444482424 |  -0.2551552712576706 |
|    2.151123430182165 | -0.42139095847889224 |
|   2.1911966875781475 |  -0.5953213550119569 |
|   2.2320164692952322 |  -0.7772392872868069 |
|    2.273596682327715 |  -0.9674482996459961 |
|    2.315951492743152 |  -1.1662630481720357 |
|   2.3590953305086337 |  -1.3740097758194971 |
|   2.4030428944069673 |   -1.591026634377638 |
|     2.44780915704444 |  -1.8176642489896861 |
|    2.493409369951878 |  -2.0542860766396296 |
|    2.539859068780724 |  -2.3012688838736004 |
|   2.5871740785959214 |   -2.559003435643045 |
|    2.635370519267393 |  -2.8278946654740236 |
|   2.6844648109619627 |  -3.1083625699515296 |
|     2.73447367973758 |    -3.40084251137311 |
|    2.785414163241766 |   -3.705785929041568 |
|   2.8373036165162113 |   -4.023660780199647 |
|   2.8901597179095084 |    -4.35495254112381 |
|    2.944000475100034 |   -4.700164147201751 |
|   2.9988442312310277 |   -5.059817647073521 |
|    3.054709671159968 |    -5.43445381471941 |
|   3.1116158278243597 |   -5.824633843739772 |
|    3.169582088726115 |   -6.230939333586285 |
|     3.22862820253673 |   -6.653973656479282 |
|     3.28877428582551 |   -7.094362203791484 |
|    3.350040829913133 |   -7.552753867211487 |
|   3.4124487078528896 |   -8.029821173140416 |
|   3.4760191815419774 |   -8.526262057940865 |
|     3.54077390896527 |   -9.042799700181428 |
|    3.606734951574028 |   -9.580184701828363 |
|    3.673924781802074 |  -10.139195027715063 |
|    3.742366290721981 |  -10.720638106871807 |
|    3.812082795843888 |   -11.32535072352704 |
|    3.883098049059605 |   -11.95420095938494 |
|   3.9554362447347016 |  -12.608089385739074 |
|    4.029122027951348 |  -13.287949886091292 |
|    4.104180502904709 |  -13.994751234605392 |
|   4.1806372414557575 |   -14.72949806668892 |
|    4.258518291843415 |   -15.49323267311358 |
|    4.337850187558989 |  -16.287035944657212 |
|    4.418659956385941 |  -17.112029052013465 |
|   4.5009751296080465 |  -17.969375365668622 |
|    4.584823751389096 |   -18.86028143139259 |
|     4.67023438832733 |    -19.7859981742144 |
|    4.757236139187885 |    -20.7478247769852 |
|    4.845858644816491 |  -21.747107192545215 |
|    4.936132098237912 |  -22.785243429819904 |
|    5.028087254942475 |  -23.863682202099767 |
|    5.121755443364236 |  -24.983927026796707 |
|    5.217168575554344 |  -26.147537664773086 |
|    5.314359158053236 |  -27.356132947200972 |
|    5.413360302965375 |  -28.611390638644483 |
|    5.514205739240296 |  -29.915053372011077 |
|    5.616929824163804 |  -31.268926758400884 |
|    5.721567555063246 |  -32.674886779363106 |
|     5.82815458123084 |   -34.13487672071001 |
|     5.93672721606912 |   -35.65091554844665 |
|   6.0473224494626425 |   -37.22509552880183 |
|   6.1599779603801625 |   -38.85958971636677 |
|    6.274732129711575 |   -40.55664988438535 |
|    6.391624053343999 |   -42.31861587563796 |
|   6.5106935554814545 |  -44.147912028113204 |
|   6.6319812022126685 |   -46.04705479475542 |
|     6.75552831533164 |   -48.01865706475466 |
|    6.881376986415663 |   -50.06542654304362 |
|    7.009570091165618 |   -52.19017468258374 |
|    7.140151304013395 |   -54.39581829266252 |
|    7.273165113001454 |   -56.68538308654147 |
|     7.40865683493956 |   -59.06201041401065 |
|   7.5466726308438865 |  -61.528956192499365 |
|    7.687259521663728 |   -64.08960262582002 |
|    7.830465404301183 |   -66.74745660226696 |
|    7.976339067929273 |   -69.50615682522857 |
|    8.124930210614048 |   -72.36948109269646 |
|    8.276289456246344 |   -75.34134617808017 |
|    8.430468371788967 |   -78.42581846768832 |
|     8.58751948484517 |   -81.62711523140639 |
|    8.747496301554415 |    -84.9496142003314 |
|    8.910453324821512 |    -88.3978591913362 |
|    9.076446072885357 |   -91.97655965305961 |
|     9.24553109823357 |   -95.69060714442485 |
|    9.417766006869519 |   -99.54507415864455 |
|    9.593209477938242 |  -103.54522803975638 |
|    9.771921283717997 |  -107.69652836868302 |
|    9.953962309984234 |   -112.0046468477698 |
|   10.139394576752917 |  -116.47546336790877 |
|   10.328281259410286 |  -121.11508085156285 |
|   10.520686710236228 |  -125.92983067205594 |
|   10.716676480328633 |  -130.92628506057542 |
|   10.916317341936148 |  -136.11126330226793 |
|    11.11967731120699 |  -141.49183802159732 |
|   11.326825671361538 |  -147.07534939040508 |
|   11.537832996296608 |  -152.86941720307004 |
|   11.752771174629451 |  -158.88194416882126 |
|   11.971713434189656 |  -165.12113055516588 |
|    12.19473436696737 |  -171.59548734010565 |
|    12.42190995452616 |   -178.3138411965864 |
|   12.653317593889417 |  -185.28535750699572 |
|   12.889036123908916 |  -192.51954236858407 |
|    13.12914585212464 |  -200.02626252722817 |
|   13.373728582124949 |   -207.8157486031301 |
|   13.622867641416454 |  -215.89862659559785 |
|   13.876647909813071 |  -224.28590988075962 |
|   14.135155848353943 |  -232.98904301512331 |
|   14.398479528760065 |    -242.019886801974 |
|   14.666708663439671 |  -251.39074843770123 |
|   14.939934636052563 |  -261.11441203503773 |
|   15.218250532643856 |  -271.20412608640225 |
|   15.501751173357688 |  -281.67365023963913 |
|   15.790533144741742 |   -292.5372492286061 |
|    16.08469483265355 |  -303.80974210637726 |
|    16.38433645577983 |  -315.50648479957914 |
|    16.68956009978023 |  -327.64342684266296 |
|   17.000469752067165 |   -340.2371082927847 |
|    17.31717133723353 |  -353.30469511886184 |
|   17.639772753140434 |   -366.8640025846487 |
|   17.968383907677193 |  -380.93350965416846 |
|   18.303116756206112 |  -395.53240288706513 |
|    18.64408533970485 |  -410.68056364699356 |
|   18.991405823619335 |   -426.3986493486917 |
|   19.345196537440444 |  -442.70808087433534 |
|   19.705578015017984 |   -459.6310914410174 |
|   20.072673035625684 |   -477.1907476169922 |
|    20.44660666579116 |   -495.4109734085371 |
|   20.827506301905142 |    -514.316607954594 |
|     21.2155017136245 |   -533.9334209321358 |
|   21.610725088083765 |   -554.2881408207062 |
|     22.0133110749303 |   -575.4085143331861 |
|    22.42339683219845 |   -597.3233359028101 |
|   22.841122073038232 |   -620.0624579867538 |
|    23.26662911331458 |   -643.6568813374289 |
|    23.70006292009328 |   -668.1387628823246 |
|    24.14157116103018 |   -693.5414689670278 |
|   24.591304254680438 |   -719.8996226619807 |
|   25.049415421745024 |   -747.2491461676437 |
|    25.51606073727184 |   -775.6273131066572 |
|    25.99139918382933 |   -805.0728013336318 |
|   26.475592705670667 |   -835.6257426944139 |
|   26.968806263906927 |   -867.3277749012909 |
|   27.471207892708115 |   -900.2221095164683 |
|    27.98296875655116 |   -934.3535651060685 |
|   28.504263208534347 |   -969.7686926320066 |
|   29.035268849778138 |  -1006.5157251291321 |
|   29.576166589932537 |   -1044.644758040213 |
|    30.12714070881164 |  -1084.2077482318934 |
|   30.688378919176422 |   -1125.258627858142 |
|   31.260072430687003 |  -1167.8533497034812 |
|     31.8424160150465 |   -1212.049935856222 |
|    32.43560807235808 |  -1257.9086584909242 |
|   33.039850698718546 |  -1305.4920006717655 |
|    33.65534975507091 |  -1354.8648062521772 |
|    34.28231493733967 |  -1406.0943719813035 |
|    34.92095984787268 |   -1459.250538687865 |
|   35.571502068213825 |   -1514.405722204175 |
|    36.23416323323146 |  -1571.6351085129786 |
|    36.90916910662774 |  -1631.0166802682627 |
|    37.59674965785464 |  -1692.6313696555671 |
|    38.29713914046277 |  -1756.5631878687686 |
|     39.0105761719099 |   -1822.899195804073 |
|    39.73730381485604 |  -1891.7298605892015 |
|    40.47756965997318 |  -1963.1490018445284 |
|    41.23162591029748 |  -2037.2538894444517 |
|    41.99972946715302 |   -2114.145600308589 |
|    42.78214201767613 |  -2193.9288574793595 |
|    43.57913012397025 |   -2276.712407708027 |
|    44.39096531392166 |  -2362.6091287326562 |
|   45.217924173706976 |  -2451.7360569795514 |
|    46.06028844202398 |   -2544.214630955545 |
|    46.91834510607794 |  -2640.1709228597033 |
|    47.79238649935595 |   -2739.735730500181 |
|    48.68271040122279 |   -2843.044694960028 |
|    49.58962013837212 |   -2950.238679372959 |
|    50.51342468816761 |   -3061.463679440378 |
|    51.45443878390925 |   -3176.871381785135 |
|   52.412983022060565 |  -3296.6190421630445 |
|     53.3893839714735 |   -3420.869848540266 |
|    54.38397428464796 |   -3549.793155382945 |
|   55.397092811064006 |   -3683.564622816404 |
|    56.42908471262537 |  -3822.3666734179255 |
|   57.480301581253514 |  -3966.3883192957137 |
|    58.55110155867238 |   -4115.826048606065 |
|   59.641849458424595 |   -4270.883325115268 |
|    60.75291689016071 |   -4431.771596109949 |
|    61.88468238624383 |  -4598.7101614507355 |
|    63.03753153071275 |   -4771.926372254491 |
|    64.21185709064758 |   -4951.656532844679 |
|    65.40805914998252 |   -5138.145414308993 |
|     66.6265452458115 |   -5331.647194675519 |
|    67.86773050723295 |   -5532.425724334321 |
|    69.13203779678128 |   -5740.754529644257 |
|    70.41989785449289 |   -10230.33171040421 |
|    71.73174944465613 |   -10430.15801782842 |
|    73.06803950529499 |  -10634.018858403737 |
|    74.42922330043758 |  -10841.990030320534 |
|     75.8157645752211 |  -11054.148671374596 |
|    77.22813571388642 |  -11270.573284601776 |
|    78.66681790071581 |  -11491.343764331781 |
|    80.13230128396879 |  -11716.541422354821 |
|     81.6250851428722 |  -11946.249015717247 |
|    83.14567805772056 |  -12180.550773427114 |
|    84.69459808314576 |  -12419.532425465555 |
|    86.27237292461442 |  -12663.281231123787 |
|     87.8795401182131 |  -12911.886008606749 |
|    89.51664721378292 |  -13165.437164792673 |
|    91.18425196146562 |  -13424.026726116948 |
|    92.88292250172489 |  -13687.748369384914 |
|     94.6132375589076 |  -13956.697453575374 |
|    96.37578663841079 |   -14230.97105260671 |
|    98.17117022752183 |  -14510.667988094274 |
|                100.0 |   -14795.88886320677 |
