# Redshift evolution of the volume-averaged He III fraction
# considering AGN with M_{1450} < -18 and M_{1450} < -18 from the
# model presented in Kulkarni, Worseck, and Hennawi 2018
# (arXiv:1807.09774 [astro-ph.GA]), Figure 11.
#
# Column 1: z
# Column 2: Q_HeIII with M_{1450} < -18 AGN
# Column 3: Lower bound on column 2 (68.26% equal-tailed credible interval)
# Column 4: Upper bound on column 2 (68.26% equal-tailed credible interval)
# Column 5: Q_HeIII with M_{1450} < -21 AGN 
# Column 6: Lower bound on column 5 (68.26% equal-tailed credible interval)
# Column 7: Upper bound on column 5 (68.26% equal-tailed credible interval)
z         Q_HeIII_18  Q_HeIII_18_l  Q_HeIII_18_u  Q_HeIII_21    Q_HeIII_21_l  Q_HeIII_21_u
12.000  1.000000e-10  1.000000e-10  1.000000e-10  1.000000e-10  1.000000e-10  1.000000e-10
11.988  4.374927e-09  2.218632e-10  1.508848e-07  1.860788e-09  2.667322e-10  1.104288e-08
11.976  8.743113e-09  3.519406e-10  3.034705e-07  3.678510e-09  4.431452e-10  2.215664e-08
11.964  1.320629e-08  4.904414e-10  4.578895e-07  5.554472e-09  6.294819e-10  3.344437e-08
11.952  1.776445e-08  6.373657e-10  6.141419e-07  7.488672e-09  8.257424e-10  4.490605e-08
11.940  2.241760e-08  7.927134e-10  7.722276e-07  9.481110e-09  1.031927e-09  5.654171e-08
11.928  2.716575e-08  9.564846e-10  9.321466e-07  1.153179e-08  1.248034e-09  6.835133e-08
11.916  3.200887e-08  1.128679e-09  1.093899e-06  1.364070e-08  1.474066e-09  8.033491e-08
11.904  3.694699e-08  1.309297e-09  1.257485e-06  1.580786e-08  1.710021e-09  9.249246e-08
11.892  4.198010e-08  1.498339e-09  1.422904e-06  1.803325e-08  1.955901e-09  1.048240e-07
11.880  4.710819e-08  1.695803e-09  1.590156e-06  2.031688e-08  2.211703e-09  1.173295e-07
11.868  5.233128e-08  1.901692e-09  1.759241e-06  2.265875e-08  2.477430e-09  1.300089e-07
11.856  5.764935e-08  2.116003e-09  1.930160e-06  2.505886e-08  2.753080e-09  1.428623e-07
11.844  6.306241e-08  2.338739e-09  2.102913e-06  2.751721e-08  3.038654e-09  1.558897e-07
11.832  6.857046e-08  2.569897e-09  2.277498e-06  3.003379e-08  3.334152e-09  1.690910e-07
11.820  7.417349e-08  2.809479e-09  2.453917e-06  3.260861e-08  3.639573e-09  1.824663e-07
11.808  7.987152e-08  3.057485e-09  2.632169e-06  3.524168e-08  3.954919e-09  1.960156e-07
11.796  8.566453e-08  3.313913e-09  2.812255e-06  3.793298e-08  4.280188e-09  2.097752e-07
11.784  9.157323e-08  3.578766e-09  2.994415e-06  4.068252e-08  4.615380e-09  2.237900e-07
11.772  9.762614e-08  3.852042e-09  3.179092e-06  4.349030e-08  4.960497e-09  2.380600e-07
11.760  1.038235e-07  4.133741e-09  3.366296e-06  4.635631e-08  5.315537e-09  2.525853e-07
11.748  1.101652e-07  4.423863e-09  3.556027e-06  4.928057e-08  5.680501e-09  2.673659e-07
11.736  1.166513e-07  4.722409e-09  3.748285e-06  5.226306e-08  6.055388e-09  2.824017e-07
11.724  1.232818e-07  5.029379e-09  3.943070e-06  5.530379e-08  6.440199e-09  2.976929e-07
11.712  1.300568e-07  5.344772e-09  4.140381e-06  5.840276e-08  6.834934e-09  3.132393e-07
11.700  1.369761e-07  5.668588e-09  4.340219e-06  6.155997e-08  7.239593e-09  3.290410e-07
11.688  1.440398e-07  6.000828e-09  4.542584e-06  6.477542e-08  7.654176e-09  3.450979e-07
11.676  1.512479e-07  6.341491e-09  4.747476e-06  6.804911e-08  8.078682e-09  3.614102e-07
11.664  1.586005e-07  6.690578e-09  4.954895e-06  7.138103e-08  8.513112e-09  3.779777e-07
11.652  1.660974e-07  7.048088e-09  5.164840e-06  7.477120e-08  8.957466e-09  3.948005e-07
11.640  1.737387e-07  7.414021e-09  5.377313e-06  7.821960e-08  9.411743e-09  4.118786e-07
11.628  1.815245e-07  7.788378e-09  5.592582e-06  8.172624e-08  9.875944e-09  4.292119e-07
11.616  1.894546e-07  8.171158e-09  5.811145e-06  8.529112e-08  1.035007e-08  4.420647e-07
11.604  1.975292e-07  8.562362e-09  6.033013e-06  8.891424e-08  1.083412e-08  4.608327e-07
11.592  2.020949e-07  8.961989e-09  6.258187e-06  9.259559e-08  1.132809e-08  4.798644e-07
11.580  2.111187e-07  9.370040e-09  6.486666e-06  9.633519e-08  1.183199e-08  4.991671e-07
11.568  2.202919e-07  9.786514e-09  6.718450e-06  1.001330e-07  1.234581e-08  5.187482e-07
11.556  2.296191e-07  1.021141e-08  6.953540e-06  1.039891e-07  1.286955e-08  5.386151e-07
11.544  2.391050e-07  1.064473e-08  7.191935e-06  1.079034e-07  1.340322e-08  5.587752e-07
11.532  2.487543e-07  1.108648e-08  7.433635e-06  1.118760e-07  1.394681e-08  5.792359e-07
11.520  2.585715e-07  1.153664e-08  7.678640e-06  1.159067e-07  1.450032e-08  6.000044e-07
11.508  2.685614e-07  1.199524e-08  7.926951e-06  1.199958e-07  1.506376e-08  6.210883e-07
11.495  2.787287e-07  1.246225e-08  8.178566e-06  1.241430e-07  1.563712e-08  6.424949e-07
11.483  2.890778e-07  1.293769e-08  8.433487e-06  1.283485e-07  1.622041e-08  6.642315e-07
11.471  2.996136e-07  1.342155e-08  8.669610e-06  1.326123e-07  1.681362e-08  6.863056e-07
11.459  3.103406e-07  1.391383e-08  8.937523e-06  1.369343e-07  1.741675e-08  7.087246e-07
11.447  3.212635e-07  1.441454e-08  9.208879e-06  1.413145e-07  1.802981e-08  7.314957e-07
11.435  3.323870e-07  1.492368e-08  9.483752e-06  1.457529e-07  1.865279e-08  7.546264e-07
11.423  3.437156e-07  1.544123e-08  9.762215e-06  1.502496e-07  1.928569e-08  7.781273e-07
11.411  3.552542e-07  1.596721e-08  1.004435e-05  1.548046e-07  1.992852e-08  8.020500e-07
11.399  3.670072e-07  1.650161e-08  1.033022e-05  1.594177e-07  2.058127e-08  8.264194e-07
11.387  3.789813e-07  1.704444e-08  1.061990e-05  1.640892e-07  2.124395e-08  8.512472e-07
11.375  3.912306e-07  1.759569e-08  1.091348e-05  1.688188e-07  2.191655e-08  8.765447e-07
11.363  4.037848e-07  1.815536e-08  1.121102e-05  1.736067e-07  2.259907e-08  9.023237e-07
11.351  4.166532e-07  1.872345e-08  1.151260e-05  1.784528e-07  2.329152e-08  9.285956e-07
11.339  4.298449e-07  1.929997e-08  1.181830e-05  1.833774e-07  2.399389e-08  9.553720e-07
11.327  4.433692e-07  1.988492e-08  1.212818e-05  1.884619e-07  2.470618e-08  9.826645e-07
11.315  4.572354e-07  2.047828e-08  1.244247e-05  1.937150e-07  2.542840e-08  1.010485e-06
11.303  4.714526e-07  2.108007e-08  1.276155e-05  1.991367e-07  2.616054e-08  1.038844e-06
11.291  4.860301e-07  2.169028e-08  1.308553e-05  2.047269e-07  2.690261e-08  1.067754e-06
11.279  5.009772e-07  2.230892e-08  1.341455e-05  2.104858e-07  2.765460e-08  1.097226e-06
11.267  5.163030e-07  2.293598e-08  1.374872e-05  2.164132e-07  2.841651e-08  1.127272e-06
11.255  5.320168e-07  2.357146e-08  1.408817e-05  2.225092e-07  2.918835e-08  1.157904e-06
11.243  5.481278e-07  2.421537e-08  1.443303e-05  2.287738e-07  2.997011e-08  1.189132e-06
11.231  5.646453e-07  2.486770e-08  1.478340e-05  2.352070e-07  3.076179e-08  1.220969e-06
11.219  5.815784e-07  2.552845e-08  1.513943e-05  2.418088e-07  3.156340e-08  1.253426e-06
11.207  5.989365e-07  2.619763e-08  1.550123e-05  2.485792e-07  3.237493e-08  1.286515e-06
11.195  6.167287e-07  2.687523e-08  1.586892e-05  2.555181e-07  3.319639e-08  1.320247e-06
11.183  6.349643e-07  2.756434e-08  1.624262e-05  2.626256e-07  3.403107e-08  1.354634e-06
11.171  6.536525e-07  2.829453e-08  1.662247e-05  2.699017e-07  3.491065e-08  1.389686e-06
11.159  6.728025e-07  2.907321e-08  1.700858e-05  2.773464e-07  3.584307e-08  1.425417e-06
11.147  6.924236e-07  2.990039e-08  1.740108e-05  2.849597e-07  3.682832e-08  1.461837e-06
11.135  7.125250e-07  3.077606e-08  1.780008e-05  2.927415e-07  3.786640e-08  1.498958e-06
11.123  7.331160e-07  3.170022e-08  1.820572e-05  3.006920e-07  3.895733e-08  1.536792e-06
11.111  7.542057e-07  3.267288e-08  1.861812e-05  3.088110e-07  4.010108e-08  1.575350e-06
11.099  7.758034e-07  3.369402e-08  1.903743e-05  3.170986e-07  4.129767e-08  1.614643e-06
11.087  7.979183e-07  3.476366e-08  1.946376e-05  3.255548e-07  4.254709e-08  1.654683e-06
11.075  8.205597e-07  3.588180e-08  1.989725e-05  3.341796e-07  4.384935e-08  1.695512e-06
11.063  8.437367e-07  3.704842e-08  2.033801e-05  3.429729e-07  4.520444e-08  1.737197e-06
11.051  8.674587e-07  3.826354e-08  2.078619e-05  3.519349e-07  4.661237e-08  1.779755e-06
11.039  8.917348e-07  3.952714e-08  2.124189e-05  3.610654e-07  4.807313e-08  1.823205e-06
11.027  9.165743e-07  4.083925e-08  2.170525e-05  3.703645e-07  4.958672e-08  1.867564e-06
11.015  9.419923e-07  4.219984e-08  2.217639e-05  3.798322e-07  5.115315e-08  1.912849e-06
11.003  9.680822e-07  4.360892e-08  2.265543e-05  3.894685e-07  5.277241e-08  1.959077e-06
10.991  9.948871e-07  4.506650e-08  2.314252e-05  3.992733e-07  5.444451e-08  2.006265e-06
10.979  1.022423e-06  4.657257e-08  2.363776e-05  4.092468e-07  5.616944e-08  2.054432e-06
10.967  1.050708e-06  4.812714e-08  2.414128e-05  4.193888e-07  5.794721e-08  2.103593e-06
10.955  1.079757e-06  4.973019e-08  2.465322e-05  4.297686e-07  5.977781e-08  2.153767e-06
10.943  1.109587e-06  5.138174e-08  2.517369e-05  4.404953e-07  6.166125e-08  2.204971e-06
10.931  1.140215e-06  5.308178e-08  2.570282e-05  4.515702e-07  6.359751e-08  2.257222e-06
10.919  1.171657e-06  5.483031e-08  2.624074e-05  4.629933e-07  6.558662e-08  2.310537e-06
10.907  1.203931e-06  5.662734e-08  2.678777e-05  4.747646e-07  6.762855e-08  2.364933e-06
10.895  1.237052e-06  5.847285e-08  2.734424e-05  4.868841e-07  6.972333e-08  2.420429e-06
10.883  1.271038e-06  6.036686e-08  2.791032e-05  4.993518e-07  7.187093e-08  2.477040e-06
10.871  1.305905e-06  6.230936e-08  2.848619e-05  5.121677e-07  7.407137e-08  2.534785e-06
10.859  1.341669e-06  6.430036e-08  2.907201e-05  5.253317e-07  7.632465e-08  2.593681e-06
10.847  1.378347e-06  6.633984e-08  2.966794e-05  5.388440e-07  7.863076e-08  2.653745e-06
10.835  1.415956e-06  6.842782e-08  3.027416e-05  5.527044e-07  8.098970e-08  2.714994e-06
10.823  1.454512e-06  7.056429e-08  3.089084e-05  5.669131e-07  8.340148e-08  2.777446e-06
10.811  1.494032e-06  7.274926e-08  3.151814e-05  5.814699e-07  8.586609e-08  2.841118e-06
10.799  1.534533e-06  7.498271e-08  3.215623e-05  5.963750e-07  8.838353e-08  2.906027e-06
10.787  1.576031e-06  7.726466e-08  3.280529e-05  6.116282e-07  9.095381e-08  2.972191e-06
10.775  1.618543e-06  7.959510e-08  3.346547e-05  6.272296e-07  9.357693e-08  3.039626e-06
10.763  1.662085e-06  8.197403e-08  3.413695e-05  6.431793e-07  9.625288e-08  3.108350e-06
10.751  1.706674e-06  8.440146e-08  3.481990e-05  6.594771e-07  9.898166e-08  3.178381e-06
10.739  1.752327e-06  8.687738e-08  3.551449e-05  6.761231e-07  1.017633e-07  3.249749e-06
10.727  1.799060e-06  8.940179e-08  3.622087e-05  6.931173e-07  1.045977e-07  3.322630e-06
10.715  1.846889e-06  9.197469e-08  3.693923e-05  7.104597e-07  1.074850e-07  3.397097e-06
10.703  1.895832e-06  9.459608e-08  3.767005e-05  7.281503e-07  1.104251e-07  3.473182e-06
10.691  1.945906e-06  9.726597e-08  3.841373e-05  7.461891e-07  1.134181e-07  3.550917e-06
10.679  1.997125e-06  9.998435e-08  3.917051e-05  7.645760e-07  1.164639e-07  3.630334e-06
10.667  2.049509e-06  1.027512e-07  3.994062e-05  7.833112e-07  1.195625e-07  3.711464e-06
10.655  2.103071e-06  1.055666e-07  4.072427e-05  8.024754e-07  1.227140e-07  3.794340e-06
10.643  2.157848e-06  1.084304e-07  4.152170e-05  8.222590e-07  1.259183e-07  3.878994e-06
10.631  2.214018e-06  1.113428e-07  4.233313e-05  8.426700e-07  1.291754e-07  3.965457e-06
10.619  2.271653e-06  1.143048e-07  4.315879e-05  8.637085e-07  1.324856e-07  4.053761e-06
10.607  2.330788e-06  1.173877e-07  4.399891e-05  8.853744e-07  1.359079e-07  4.143939e-06
10.595  2.391457e-06  1.206334e-07  4.485371e-05  9.076677e-07  1.394865e-07  4.236021e-06
10.583  2.453695e-06  1.240418e-07  4.572342e-05  9.305885e-07  1.432215e-07  4.330041e-06
10.571  2.517537e-06  1.276130e-07  4.660828e-05  9.541367e-07  1.471127e-07  4.426030e-06
10.559  2.583017e-06  1.313469e-07  4.750849e-05  9.783123e-07  1.511603e-07  4.524019e-06
10.547  2.650169e-06  1.352437e-07  4.842431e-05  1.003115e-06  1.553641e-07  4.624041e-06
10.535  2.719029e-06  1.393032e-07  4.935593e-05  1.028546e-06  1.597243e-07  4.726128e-06
10.523  2.789632e-06  1.435254e-07  5.030361e-05  1.054604e-06  1.642408e-07  4.830311e-06
10.511  2.862011e-06  1.479105e-07  5.126757e-05  1.081289e-06  1.689136e-07  4.936623e-06
10.498  2.936202e-06  1.524583e-07  5.224844e-05  1.108602e-06  1.737427e-07  5.045095e-06
10.486  3.012238e-06  1.571689e-07  5.324670e-05  1.136542e-06  1.787281e-07  5.155759e-06
10.474  3.090156e-06  1.620422e-07  5.426266e-05  1.165110e-06  1.838698e-07  5.268647e-06
10.462  3.169989e-06  1.670784e-07  5.529662e-05  1.194305e-06  1.891679e-07  5.383792e-06
10.450  3.251772e-06  1.722773e-07  5.634889e-05  1.224128e-06  1.946222e-07  5.501224e-06
10.438  3.335540e-06  1.776389e-07  5.741978e-05  1.254578e-06  2.002329e-07  5.620976e-06
10.426  3.421327e-06  1.831634e-07  5.850960e-05  1.285655e-06  2.059998e-07  5.743079e-06
10.414  3.509168e-06  1.888506e-07  5.961866e-05  1.317360e-06  2.119231e-07  5.867566e-06
10.402  3.599097e-06  1.947005e-07  6.074726e-05  1.349692e-06  2.180027e-07  5.994469e-06
10.390  3.691150e-06  2.007133e-07  6.189572e-05  1.382652e-06  2.242386e-07  6.123930e-06
10.378  3.785361e-06  2.068888e-07  6.306433e-05  1.416239e-06  2.306309e-07  6.256173e-06
10.366  3.881766e-06  2.132271e-07  6.425341e-05  1.450454e-06  2.371794e-07  6.391257e-06
10.354  3.980584e-06  2.197281e-07  6.546327e-05  1.485386e-06  2.438842e-07  6.529241e-06
10.342  4.081991e-06  2.263920e-07  6.669423e-05  1.521356e-06  2.507454e-07  6.670184e-06
10.330  4.186052e-06  2.332186e-07  6.794704e-05  1.558391e-06  2.577629e-07  6.814145e-06
10.318  4.292831e-06  2.402079e-07  6.922220e-05  1.596492e-06  2.649366e-07  6.961182e-06
10.306  4.402394e-06  2.473601e-07  7.052011e-05  1.635657e-06  2.722667e-07  7.111355e-06
10.294  4.514806e-06  2.546750e-07  7.184116e-05  1.675888e-06  2.797531e-07  7.264722e-06
10.282  4.630132e-06  2.621526e-07  7.318572e-05  1.717184e-06  2.873958e-07  7.421341e-06
10.270  4.748437e-06  2.697931e-07  7.455420e-05  1.759545e-06  2.951949e-07  7.581272e-06
10.258  4.869786e-06  2.775963e-07  7.594698e-05  1.802971e-06  3.031502e-07  7.744572e-06
10.246  4.994244e-06  2.855623e-07  7.736444e-05  1.847462e-06  3.112619e-07  7.911302e-06
10.234  5.121877e-06  2.937751e-07  7.880698e-05  1.893019e-06  3.195328e-07  8.081520e-06
10.222  5.252749e-06  3.023395e-07  8.027498e-05  1.939640e-06  3.280874e-07  8.255283e-06
10.210  5.386926e-06  3.112556e-07  8.176883e-05  1.987327e-06  3.369915e-07  8.432652e-06
10.198  5.524472e-06  3.205235e-07  8.328892e-05  2.036079e-06  3.462451e-07  8.613685e-06
10.186  5.665452e-06  3.301431e-07  8.483563e-05  2.085897e-06  3.558481e-07  8.798440e-06
10.174  5.809932e-06  3.401145e-07  8.640936e-05  2.136779e-06  3.658007e-07  8.986977e-06
10.162  5.957977e-06  3.504377e-07  8.801052e-05  2.188727e-06  3.761027e-07  9.179353e-06
10.150  6.109652e-06  3.611126e-07  8.963953e-05  2.241820e-06  3.867543e-07  9.375629e-06
10.138  6.265022e-06  3.721394e-07  9.129676e-05  2.296401e-06  3.977553e-07  9.576063e-06
10.126  6.424216e-06  3.835178e-07  9.298262e-05  2.352508e-06  4.091058e-07  9.780925e-06
10.114  6.587413e-06  3.952481e-07  9.469750e-05  2.410142e-06  4.208058e-07  9.990309e-06
10.102  6.754697e-06  4.073301e-07  9.644180e-05  2.469301e-06  4.328552e-07  1.020431e-05
10.090  6.926150e-06  4.197638e-07  9.821590e-05  2.529986e-06  4.452542e-07  1.042302e-05
10.078  7.101854e-06  4.325494e-07  1.000202e-04  2.592197e-06  4.580026e-07  1.064654e-05
10.066  7.281892e-06  4.456867e-07  1.018551e-04  2.655935e-06  4.711005e-07  1.087496e-05
10.054  7.466346e-06  4.591758e-07  1.037210e-04  2.721198e-06  4.845480e-07  1.110837e-05
10.042  7.655297e-06  4.730166e-07  1.056182e-04  2.787987e-06  4.983448e-07  1.134688e-05
10.030  7.848828e-06  4.872092e-07  1.075473e-04  2.856302e-06  5.124912e-07  1.159057e-05
10.018  8.047022e-06  5.017536e-07  1.095085e-04  2.926144e-06  5.269871e-07  1.183954e-05
10.006  8.249960e-06  5.166497e-07  1.115024e-04  2.997511e-06  5.418324e-07  1.209388e-05
 9.994  8.457725e-06  5.318976e-07  1.135300e-04  3.070404e-06  5.570273e-07  1.235369e-05
 9.982  8.670399e-06  5.474973e-07  1.155920e-04  3.144824e-06  5.725716e-07  1.261906e-05
 9.970  8.888063e-06  5.634487e-07  1.176889e-04  3.220769e-06  5.884654e-07  1.289010e-05
 9.958  9.110801e-06  5.797519e-07  1.198213e-04  3.298241e-06  6.047087e-07  1.316688e-05
 9.946  9.338694e-06  5.965577e-07  1.219897e-04  3.377351e-06  6.213015e-07  1.344951e-05
 9.934  9.571825e-06  6.140563e-07  1.241946e-04  3.458678e-06  6.383292e-07  1.373809e-05
 9.922  9.810276e-06  6.322483e-07  1.264367e-04  3.542304e-06  6.559789e-07  1.403270e-05
 9.910  1.005413e-05  6.511337e-07  1.287163e-04  3.628229e-06  6.742570e-07  1.433344e-05
 9.898  1.030358e-05  6.707125e-07  1.310342e-04  3.716452e-06  6.931636e-07  1.464041e-05
 9.886  1.055917e-05  6.909847e-07  1.333907e-04  3.806973e-06  7.126987e-07  1.495399e-05
 9.874  1.082109e-05  7.119504e-07  1.357865e-04  3.899793e-06  7.328622e-07  1.527447e-05
 9.862  1.108950e-05  7.336094e-07  1.382226e-04  3.994912e-06  7.536542e-07  1.560199e-05
 9.850  1.136456e-05  7.559618e-07  1.407002e-04  4.092329e-06  7.750748e-07  1.593670e-05
 9.838  1.164642e-05  7.790076e-07  1.432200e-04  4.192045e-06  7.971237e-07  1.627875e-05
 9.826  1.193524e-05  8.027469e-07  1.457827e-04  4.294059e-06  8.198012e-07  1.662827e-05
 9.814  1.223118e-05  8.271795e-07  1.483889e-04  4.398372e-06  8.431071e-07  1.698543e-05
 9.802  1.253439e-05  8.523055e-07  1.510394e-04  4.504984e-06  8.670416e-07  1.735036e-05
 9.790  1.284503e-05  8.781250e-07  1.537350e-04  4.614338e-06  8.916044e-07  1.772321e-05
 9.778  1.316326e-05  9.046378e-07  1.564762e-04  4.726816e-06  9.167958e-07  1.810412e-05
 9.766  1.348922e-05  9.318441e-07  1.592638e-04  4.842418e-06  9.426157e-07  1.849324e-05
 9.754  1.382309e-05  9.597437e-07  1.620985e-04  4.961144e-06  9.690640e-07  1.889073e-05
 9.742  1.416501e-05  9.883368e-07  1.649811e-04  5.082994e-06  9.961408e-07  1.929671e-05
 9.730  1.451514e-05  1.017707e-06  1.679125e-04  5.207967e-06  1.023846e-06  1.971135e-05
 9.718  1.487368e-05  1.048207e-06  1.708944e-04  5.336064e-06  1.052180e-06  2.013478e-05
 9.706  1.524109e-05  1.079876e-06  1.739278e-04  5.467285e-06  1.081142e-06  2.056715e-05
 9.694  1.561764e-05  1.112715e-06  1.770135e-04  5.601629e-06  1.110856e-06  2.100873e-05
 9.682  1.600354e-05  1.146722e-06  1.801526e-04  5.739098e-06  1.141598e-06  2.145998e-05
 9.670  1.639899e-05  1.181899e-06  1.833458e-04  5.879690e-06  1.173380e-06  2.192114e-05
 9.658  1.680420e-05  1.218245e-06  1.865942e-04  6.023406e-06  1.206200e-06  2.239240e-05
 9.646  1.721938e-05  1.255760e-06  1.898985e-04  6.170401e-06  1.240059e-06  2.287396e-05
 9.634  1.764474e-05  1.294445e-06  1.932598e-04  6.321482e-06  1.274958e-06  2.336601e-05
 9.622  1.808049e-05  1.334298e-06  1.966790e-04  6.476767e-06  1.310895e-06  2.386876e-05
 9.610  1.852682e-05  1.375321e-06  2.001569e-04  6.636254e-06  1.347872e-06  2.438241e-05
 9.598  1.898395e-05  1.417513e-06  2.036947e-04  6.799943e-06  1.385887e-06  2.490714e-05
 9.586  1.945209e-05  1.460875e-06  2.072956e-04  6.967836e-06  1.424942e-06  2.544317e-05
 9.574  1.993145e-05  1.505405e-06  2.109619e-04  7.139930e-06  1.465036e-06  2.599069e-05
 9.562  2.042222e-05  1.551105e-06  2.146954e-04  7.316228e-06  1.506168e-06  2.654990e-05
 9.550  2.092462e-05  1.597974e-06  2.184978e-04  7.496727e-06  1.548340e-06  2.712099e-05
 9.538  2.143886e-05  1.646012e-06  2.223709e-04  7.681430e-06  1.591551e-06  2.770417e-05
 9.526  2.196525e-05  1.695219e-06  2.263164e-04  7.870380e-06  1.635801e-06  2.829963e-05
 9.514  2.250403e-05  1.745615e-06  2.303370e-04  8.064378e-06  1.681089e-06  2.890757e-05
 9.502  2.305545e-05  1.797631e-06  2.344383e-04  8.263714e-06  1.727431e-06  2.952822e-05
 9.489  2.361972e-05  1.851445e-06  2.386241e-04  8.468389e-06  1.775189e-06  3.016225e-05
 9.477  2.419706e-05  1.907058e-06  2.428975e-04  8.678403e-06  1.824525e-06  3.081010e-05
 9.465  2.478771e-05  1.964470e-06  2.472619e-04  8.893756e-06  1.875437e-06  3.147206e-05
 9.453  2.539189e-05  2.023680e-06  2.517205e-04  9.114448e-06  1.927926e-06  3.214840e-05
 9.441  2.600981e-05  2.084689e-06  2.562737e-04  9.340478e-06  1.981991e-06  3.283941e-05
 9.429  2.664172e-05  2.147497e-06  2.609217e-04  9.571847e-06  2.037634e-06  3.354536e-05
 9.417  2.728783e-05  2.212103e-06  2.656663e-04  9.808555e-06  2.094853e-06  3.426652e-05
 9.405  2.794836e-05  2.278509e-06  2.705092e-04  1.002586e-05  2.153649e-06  3.500318e-05
 9.393  2.862354e-05  2.346712e-06  2.754522e-04  1.028057e-05  2.214022e-06  3.575562e-05
 9.381  2.931360e-05  2.416715e-06  2.804971e-04  1.054077e-05  2.275972e-06  3.652411e-05
 9.369  3.001876e-05  2.488516e-06  2.856468e-04  1.080659e-05  2.339499e-06  3.730892e-05
 9.357  3.073925e-05  2.562116e-06  2.909036e-04  1.107816e-05  2.404603e-06  3.811034e-05
 9.345  3.147599e-05  2.637606e-06  2.962695e-04  1.135564e-05  2.471283e-06  3.892865e-05
 9.333  3.222996e-05  2.715547e-06  3.017467e-04  1.163915e-05  2.539540e-06  3.976412e-05
 9.321  3.300163e-05  2.796037e-06  3.073373e-04  1.192884e-05  2.609374e-06  4.061703e-05
 9.309  3.379146e-05  2.879075e-06  3.130438e-04  1.222485e-05  2.680785e-06  4.148765e-05
 9.297  3.459990e-05  2.964661e-06  3.188686e-04  1.252731e-05  2.753978e-06  4.238852e-05
 9.285  3.542741e-05  3.052795e-06  3.248139e-04  1.283636e-05  2.829587e-06  4.329354e-05
 9.273  3.627445e-05  3.143477e-06  3.308821e-04  1.315234e-05  2.907656e-06  4.421842e-05
 9.261  3.714148e-05  3.236707e-06  3.370754e-04  1.347583e-05  2.988185e-06  4.516346e-05
 9.249  3.802895e-05  3.332485e-06  3.433951e-04  1.380709e-05  3.071175e-06  4.612893e-05
 9.237  3.893733e-05  3.430811e-06  3.498349e-04  1.414635e-05  3.156625e-06  4.711515e-05
 9.225  3.986723e-05  3.531685e-06  3.563871e-04  1.449382e-05  3.244535e-06  4.812241e-05
 9.213  4.081979e-05  3.635108e-06  3.630531e-04  1.484974e-05  3.334906e-06  4.915103e-05
 9.201  4.179569e-05  3.741078e-06  3.698350e-04  1.521433e-05  3.427737e-06  5.020131e-05
 9.189  4.279555e-05  3.849597e-06  3.767359e-04  1.558783e-05  3.523028e-06  5.127358e-05
 9.177  4.381999e-05  3.960994e-06  3.837565e-04  1.597045e-05  3.620780e-06  5.236815e-05
 9.165  4.486962e-05  4.076105e-06  3.909001e-04  1.636243e-05  3.720992e-06  5.348536e-05
 9.153  4.594505e-05  4.194971e-06  3.981652e-04  1.676398e-05  3.823964e-06  5.462553e-05
 9.141  4.704690e-05  4.317591e-06  4.055626e-04  1.717535e-05  3.930238e-06  5.578900e-05
 9.129  4.817578e-05  4.443967e-06  4.130871e-04  1.759675e-05  4.039826e-06  5.697612e-05
 9.117  4.933232e-05  4.574097e-06  4.207428e-04  1.802842e-05  4.152727e-06  5.818723e-05
 9.105  5.051713e-05  4.707981e-06  4.285334e-04  1.847065e-05  4.268941e-06  5.942271e-05
 9.093  5.173211e-05  4.845621e-06  4.364625e-04  1.892372e-05  4.388469e-06  6.068330e-05
 9.081  5.297898e-05  4.987015e-06  4.445333e-04  1.938786e-05  4.511310e-06  6.196954e-05
 9.069  5.425878e-05  5.132164e-06  4.527487e-04  1.986333e-05  4.637464e-06  6.328189e-05
 9.057  5.557260e-05  5.281488e-06  4.611104e-04  2.035035e-05  4.766932e-06  6.462080e-05
 9.045  5.692150e-05  5.435905e-06  4.696207e-04  2.084917e-05  4.899713e-06  6.598674e-05
 9.033  5.830655e-05  5.595450e-06  4.782823e-04  2.136004e-05  5.035807e-06  6.738018e-05
 9.021  5.972883e-05  5.760122e-06  4.870976e-04  2.188320e-05  5.175215e-06  6.880161e-05
 9.009  6.118939e-05  5.929921e-06  4.960695e-04  2.241888e-05  5.296513e-06  7.025153e-05
 8.997  6.268875e-05  6.104846e-06  5.052010e-04  2.296733e-05  5.449928e-06  7.173042e-05
 8.985  6.422713e-05  6.284899e-06  5.144948e-04  2.352880e-05  5.606864e-06  7.323882e-05
 8.973  6.580531e-05  6.470079e-06  5.239536e-04  2.410351e-05  5.767422e-06  7.477723e-05
 8.961  6.742408e-05  6.660386e-06  5.335804e-04  2.469173e-05  5.931708e-06  7.634619e-05
 8.949  6.908423e-05  6.855821e-06  5.433787e-04  2.529393e-05  6.099824e-06  7.794622e-05
 8.937  7.078654e-05  7.034736e-06  5.533516e-04  2.591138e-05  6.271874e-06  7.957789e-05
 8.925  7.253180e-05  7.249265e-06  5.635022e-04  2.654466e-05  6.447962e-06  8.124174e-05
 8.913  7.432081e-05  7.469240e-06  5.738337e-04  2.719422e-05  6.628191e-06  8.293834e-05
 8.901  7.615403e-05  7.694837e-06  5.843494e-04  2.786054e-05  6.812664e-06  8.466826e-05
 8.889  7.803133e-05  7.926230e-06  5.950529e-04  2.854411e-05  7.001486e-06  8.643209e-05
 8.877  7.995319e-05  8.163594e-06  6.059472e-04  2.924540e-05  7.194766e-06  8.823042e-05
 8.865  8.192014e-05  8.407105e-06  6.170357e-04  2.996488e-05  7.393002e-06  9.006431e-05
 8.853  8.393271e-05  8.656938e-06  6.283217e-04  3.070303e-05  7.596590e-06  9.193469e-05
 8.841  8.599141e-05  8.913267e-06  6.398083e-04  3.146032e-05  7.805719e-06  9.384231e-05
 8.829  8.809678e-05  9.176268e-06  6.514988e-04  3.223723e-05  8.020579e-06  9.578795e-05
 8.817  9.024934e-05  9.446430e-06  6.633976e-04  3.303413e-05  8.241361e-06  9.777242e-05
 8.805  9.244982e-05  9.724519e-06  6.755090e-04  3.385145e-05  8.468255e-06  9.979652e-05
 8.793  9.469992e-05  1.001085e-05  6.878365e-04  3.468963e-05  8.701451e-06  1.018611e-04
 8.781  9.700063e-05  1.030571e-05  7.003839e-04  3.554913e-05  8.941139e-06  1.039670e-04
 8.769  9.935280e-05  1.060942e-05  7.131549e-04  3.643039e-05  9.187509e-06  1.061150e-04
 8.757  1.017573e-04  1.092227e-05  7.261532e-04  3.733388e-05  9.440751e-06  1.083061e-04
 8.745  1.042149e-04  1.124457e-05  7.393825e-04  3.826003e-05  9.701057e-06  1.105412e-04
 8.733  1.067265e-04  1.157662e-05  7.528443e-04  3.920930e-05  9.968615e-06  1.128212e-04
 8.721  1.092930e-04  1.191872e-05  7.665410e-04  4.018215e-05  1.024362e-05  1.151471e-04
 8.709  1.119154e-04  1.227118e-05  7.804756e-04  4.117902e-05  1.052626e-05  1.175197e-04
 8.697  1.145967e-04  1.263430e-05  7.946509e-04  4.220047e-05  1.081685e-05  1.199404e-04
 8.685  1.173392e-04  1.300838e-05  8.090700e-04  4.324714e-05  1.111559e-05  1.224113e-04
 8.673  1.201445e-04  1.339373e-05  8.237357e-04  4.431952e-05  1.142270e-05  1.249337e-04
 8.661  1.230143e-04  1.379077e-05  8.386513e-04  4.541811e-05  1.173838e-05  1.275090e-04
 8.649  1.259502e-04  1.419987e-05  8.538220e-04  4.654341e-05  1.206284e-05  1.301386e-04
 8.637  1.289541e-04  1.462134e-05  8.692522e-04  4.769591e-05  1.239629e-05  1.328240e-04
 8.625  1.320292e-04  1.505552e-05  8.849457e-04  4.887612e-05  1.273893e-05  1.355668e-04
 8.613  1.351804e-04  1.550274e-05  9.009063e-04  5.008453e-05  1.309098e-05  1.383685e-04
 8.601  1.384106e-04  1.596332e-05  9.171378e-04  5.132164e-05  1.345265e-05  1.412306e-04
 8.589  1.417226e-04  1.643758e-05  9.336439e-04  5.258795e-05  1.382413e-05  1.441550e-04
 8.577  1.451193e-04  1.692586e-05  9.504288e-04  5.388429e-05  1.420564e-05  1.471432e-04
 8.565  1.486036e-04  1.742848e-05  9.674992e-04  5.521288e-05  1.459738e-05  1.501969e-04
 8.553  1.521780e-04  1.794577e-05  9.848605e-04  5.657486e-05  1.499956e-05  1.533168e-04
 8.541  1.558431e-04  1.847806e-05  1.002518e-03  5.797120e-05  1.541254e-05  1.565042e-04
 8.529  1.596007e-04  1.902566e-05  1.020476e-03  5.940287e-05  1.583685e-05  1.597607e-04
 8.517  1.634531e-04  1.958916e-05  1.038739e-03  6.087085e-05  1.627278e-05  1.630876e-04
 8.505  1.674022e-04  2.016955e-05  1.057314e-03  6.237611e-05  1.672060e-05  1.664867e-04
 8.492  1.714502e-04  2.076730e-05  1.076206e-03  6.391962e-05  1.718058e-05  1.699593e-04
 8.480  1.755991e-04  2.138289e-05  1.095421e-03  6.550224e-05  1.765298e-05  1.735072e-04
 8.468  1.798475e-04  2.201676e-05  1.114964e-03  6.712366e-05  1.813809e-05  1.771318e-04
 8.456  1.841930e-04  2.266939e-05  1.134840e-03  6.878417e-05  1.863617e-05  1.808347e-04
 8.444  1.886355e-04  2.334123e-05  1.155055e-03  7.048438e-05  1.914750e-05  1.846177e-04
 8.432  1.931749e-04  2.403274e-05  1.175613e-03  7.222486e-05  1.967235e-05  1.884822e-04
 8.420  1.978111e-04  2.474438e-05  1.196520e-03  7.400623e-05  2.021098e-05  1.924291e-04
 8.408  2.025466e-04  2.547661e-05  1.217780e-03  7.582906e-05  2.076367e-05  1.964595e-04
 8.396  2.073840e-04  2.622989e-05  1.239399e-03  7.769396e-05  2.133069e-05  2.005746e-04
 8.384  2.123247e-04  2.700469e-05  1.261381e-03  7.960153e-05  2.191232e-05  2.047757e-04
 8.372  2.173700e-04  2.780147e-05  1.283731e-03  8.155275e-05  2.250950e-05  2.090642e-04
 8.360  2.225217e-04  2.862152e-05  1.306454e-03  8.354856e-05  2.312304e-05  2.134414e-04
 8.348  2.277951e-04  2.946589e-05  1.329554e-03  8.558969e-05  2.375341e-05  2.179085e-04
 8.336  2.332084e-04  3.033526e-05  1.353037e-03  8.767687e-05  2.440107e-05  2.224669e-04
 8.324  2.387730e-04  3.123032e-05  1.376907e-03  8.981084e-05  2.506647e-05  2.271178e-04
 8.312  2.444955e-04  3.215174e-05  1.401169e-03  9.199233e-05  2.575007e-05  2.318624e-04
 8.300  2.503778e-04  3.310021e-05  1.425828e-03  9.422207e-05  2.645233e-05  2.367021e-04
 8.288  2.564182e-04  3.407643e-05  1.450895e-03  9.650080e-05  2.717370e-05  2.416382e-04
 8.276  2.626103e-04  3.508106e-05  1.476377e-03  9.883094e-05  2.791465e-05  2.466730e-04
 8.264  2.689502e-04  3.611480e-05  1.502281e-03  1.012160e-04  2.867564e-05  2.518082e-04
 8.252  2.754359e-04  3.717833e-05  1.528614e-03  1.036577e-04  2.945712e-05  2.570458e-04
 8.240  2.820721e-04  3.827221e-05  1.555381e-03  1.061579e-04  3.025980e-05  2.623880e-04
 8.228  2.888598e-04  3.939684e-05  1.582590e-03  1.087184e-04  3.108431e-05  2.678371e-04
 8.216  2.957995e-04  4.055286e-05  1.610244e-03  1.113411e-04  3.193115e-05  2.733956e-04
 8.204  3.028919e-04  4.174087e-05  1.638339e-03  1.140275e-04  3.280084e-05  2.790654e-04
 8.192  3.101383e-04  4.296150e-05  1.666874e-03  1.167784e-04  3.369392e-05  2.848487e-04
 8.180  3.175398e-04  4.421536e-05  1.695858e-03  1.195954e-04  3.461089e-05  2.907477e-04
 8.168  3.250971e-04  4.550307e-05  1.725300e-03  1.224798e-04  3.555227e-05  2.967646e-04
 8.156  3.328135e-04  4.682525e-05  1.755211e-03  1.254333e-04  3.651859e-05  3.029016e-04
 8.144  3.406944e-04  4.818252e-05  1.785606e-03  1.284573e-04  3.751037e-05  3.091609e-04
 8.132  3.487435e-04  4.957549e-05  1.816493e-03  1.315532e-04  3.852812e-05  3.155454e-04
 8.120  3.569640e-04  5.100505e-05  1.847879e-03  1.347228e-04  3.957245e-05  3.220579e-04
 8.108  3.653597e-04  5.247334e-05  1.879772e-03  1.379675e-04  4.064521e-05  3.287009e-04
 8.096  3.739346e-04  5.398162e-05  1.912180e-03  1.412889e-04  4.174762e-05  3.354770e-04
 8.084  3.826924e-04  5.553090e-05  1.945111e-03  1.446884e-04  4.288061e-05  3.423905e-04
 8.072  3.916368e-04  5.712223e-05  1.978575e-03  1.481678e-04  4.404506e-05  3.494457e-04
 8.060  4.007726e-04  5.875666e-05  2.012579e-03  1.517284e-04  4.524187e-05  3.566461e-04
 8.048  4.101041e-04  6.043522e-05  2.047134e-03  1.553723e-04  4.647195e-05  3.639955e-04
 8.036  4.196354e-04  6.215894e-05  2.082248e-03  1.591018e-04  4.773620e-05  3.715008e-04
 8.024  4.293707e-04  6.392888e-05  2.117930e-03  1.629184e-04  4.903551e-05  3.791641e-04
 8.012  4.393141e-04  6.574716e-05  2.154189e-03  1.668242e-04  5.037089e-05  3.869944e-04
 8.000  4.494695e-04  6.761583e-05  2.191036e-03  1.708207e-04  5.174349e-05  3.949961e-04
 7.988  4.598416e-04  6.953631e-05  2.228480e-03  1.749098e-04  5.315427e-05  4.031733e-04
 7.976  4.704370e-04  7.151004e-05  2.266530e-03  1.790931e-04  5.460422e-05  4.115282e-04
 7.964  4.812610e-04  7.353845e-05  2.305198e-03  1.833716e-04  5.609429e-05  4.200645e-04
 7.952  4.923185e-04  7.562298e-05  2.344493e-03  1.877468e-04  5.762547e-05  4.287861e-04
 7.940  5.036146e-04  7.776506e-05  2.384426e-03  1.922205e-04  5.919871e-05  4.376968e-04
 7.928  5.151541e-04  7.996613e-05  2.425008e-03  1.967942e-04  6.081500e-05  4.468014e-04
 7.916  5.269421e-04  8.222813e-05  2.466248e-03  2.014694e-04  6.247531e-05  4.561081e-04
 7.904  5.389889e-04  8.455428e-05  2.508159e-03  2.062478e-04  6.418121e-05  4.656240e-04
 7.892  5.513259e-04  8.694660e-05  2.550751e-03  2.111309e-04  6.593403e-05  4.753566e-04
 7.880  5.639683e-04  8.940700e-05  2.594035e-03  2.161216e-04  6.773491e-05  4.853136e-04
 7.868  5.769263e-04  9.193741e-05  2.638023e-03  2.212239e-04  6.958500e-05  4.955028e-04
 7.856  5.902039e-04  9.453976e-05  2.682726e-03  2.264405e-04  7.148545e-05  5.059249e-04
 7.844  6.038051e-04  9.721596e-05  2.728156e-03  2.317738e-04  7.343741e-05  5.165795e-04
 7.832  6.177485e-04  9.996793e-05  2.774326e-03  2.372265e-04  7.544201e-05  5.274586e-04
 7.820  6.320273e-04  1.027976e-04  2.821246e-03  2.428010e-04  7.750041e-05  5.385607e-04
 7.808  6.466419e-04  1.057078e-04  2.868930e-03  2.485000e-04  7.961410e-05  5.498889e-04
 7.796  6.615961e-04  1.087008e-04  2.917389e-03  2.543268e-04  8.178536e-05  5.614486e-04
 7.784  6.768944e-04  1.117788e-04  2.966638e-03  2.602842e-04  8.401569e-05  5.732446e-04
 7.772  6.925414e-04  1.149440e-04  3.016688e-03  2.663751e-04  8.630656e-05  5.852818e-04
 7.760  7.085409e-04  1.181986e-04  3.067551e-03  2.726022e-04  8.865941e-05  5.975654e-04
 7.748  7.248949e-04  1.215446e-04  3.119253e-03  2.789684e-04  9.107569e-05  6.101013e-04
 7.736  7.416065e-04  1.249843e-04  3.171836e-03  2.854764e-04  9.355687e-05  6.228955e-04
 7.724  7.586793e-04  1.285199e-04  3.225352e-03  2.921299e-04  9.610440e-05  6.359540e-04
 7.712  7.761166e-04  1.321540e-04  3.279843e-03  2.989327e-04  9.871974e-05  6.492823e-04
 7.700  7.939310e-04  1.358903e-04  3.335317e-03  3.058878e-04  1.014053e-04  6.628862e-04
 7.688  8.121471e-04  1.397313e-04  3.391794e-03  3.129986e-04  1.041632e-04  6.767657e-04
 7.676  8.307918e-04  1.436796e-04  3.449429e-03  3.202682e-04  1.069952e-04  6.909180e-04
 7.664  8.498888e-04  1.477376e-04  3.508372e-03  3.276998e-04  1.099031e-04  7.053440e-04
 7.652  8.694473e-04  1.519080e-04  3.568656e-03  3.352994e-04  1.128887e-04  7.200447e-04
 7.640  8.894758e-04  1.561933e-04  3.630302e-03  3.430772e-04  1.159537e-04  7.350256e-04
 7.628  9.099870e-04  1.605961e-04  3.693326e-03  3.510399e-04  1.190999e-04  7.502916e-04
 7.616  9.309942e-04  1.651193e-04  3.757797e-03  3.591937e-04  1.223290e-04  7.658464e-04
 7.604  9.525100e-04  1.697683e-04  3.823694e-03  3.675447e-04  1.256432e-04  7.816942e-04
 7.592  9.745452e-04  1.745473e-04  3.891049e-03  3.760917e-04  1.290461e-04  7.978431e-04
 7.580  9.971114e-04  1.794599e-04  3.959895e-03  3.848340e-04  1.325403e-04  8.142993e-04
 7.568  1.020220e-03  1.845098e-04  4.030261e-03  3.937729e-04  1.361278e-04  8.310687e-04
 7.556  1.043885e-03  1.897005e-04  4.102177e-03  4.029101e-04  1.398111e-04  8.481580e-04
 7.544  1.068118e-03  1.950358e-04  4.175648e-03  4.122472e-04  1.435922e-04  8.655750e-04
 7.532  1.092927e-03  2.005199e-04  4.250513e-03  4.217861e-04  1.474736e-04  8.833266e-04
 7.520  1.118301e-03  2.061572e-04  4.326732e-03  4.315282e-04  1.514574e-04  9.014199e-04
 7.508  1.144234e-03  2.119516e-04  4.404332e-03  4.414816e-04  1.555562e-04  9.198686e-04
 7.495  1.170720e-03  2.179070e-04  4.483340e-03  4.516582e-04  1.597489e-04  9.386921e-04
 7.483  1.197755e-03  2.240275e-04  4.563776e-03  4.620657e-04  1.640542e-04  9.579044e-04
 7.471  1.225341e-03  2.303169e-04  4.645684e-03  4.727112e-04  1.684748e-04  9.775186e-04
 7.459  1.253496e-03  2.367803e-04  4.729086e-03  4.836003e-04  1.730128e-04  9.975410e-04
 7.447  1.282229e-03  2.434232e-04  4.814037e-03  4.947388e-04  1.776708e-04  1.017980e-03
 7.435  1.311509e-03  2.502501e-04  4.900535e-03  5.061332e-04  1.824512e-04  1.038845e-03
 7.423  1.341301e-03  2.572657e-04  4.988624e-03  5.177884e-04  1.873565e-04  1.060148e-03
 7.411  1.371612e-03  2.644746e-04  5.078341e-03  5.297074e-04  1.923894e-04  1.081906e-03
 7.399  1.402454e-03  2.718814e-04  5.169721e-03  5.418947e-04  1.975526e-04  1.104132e-03
 7.387  1.433839e-03  2.794880e-04  5.262781e-03  5.543551e-04  2.028501e-04  1.126839e-03
 7.375  1.465771e-03  2.872910e-04  5.357391e-03  5.670935e-04  2.082849e-04  1.150040e-03
 7.363  1.498266e-03  2.952910e-04  5.453397e-03  5.801179e-04  2.138604e-04  1.173750e-03
 7.351  1.531330e-03  3.034888e-04  5.550731e-03  5.934380e-04  2.195799e-04  1.197982e-03
 7.339  1.564973e-03  3.118858e-04  5.649380e-03  6.070608e-04  2.254469e-04  1.222742e-03
 7.327  1.599209e-03  3.204891e-04  5.749377e-03  6.209937e-04  2.314647e-04  1.248022e-03
 7.315  1.634078e-03  3.293042e-04  5.850730e-03  6.352433e-04  2.376370e-04  1.273814e-03
 7.303  1.669628e-03  3.383353e-04  5.953471e-03  6.498079e-04  2.439675e-04  1.300115e-03
 7.291  1.705897e-03  3.475864e-04  6.057617e-03  6.646868e-04  2.504598e-04  1.326930e-03
 7.279  1.742957e-03  3.570633e-04  6.163312e-03  6.798817e-04  2.571185e-04  1.354271e-03
 7.267  1.780825e-03  3.667735e-04  6.270857e-03  6.953957e-04  2.639485e-04  1.382148e-03
 7.255  1.819578e-03  3.767230e-04  6.380453e-03  7.112442e-04  2.709545e-04  1.410573e-03
 7.243  1.859265e-03  3.869174e-04  6.492253e-03  7.274425e-04  2.781414e-04  1.439557e-03
 7.231  1.899907e-03  3.973626e-04  6.606046e-03  7.440002e-04  2.855139e-04  1.469109e-03
 7.219  1.941531e-03  4.080654e-04  6.721706e-03  7.609323e-04  2.930771e-04  1.499241e-03
 7.207  1.984157e-03  4.190320e-04  6.839129e-03  7.782586e-04  3.008364e-04  1.529963e-03
 7.195  2.027807e-03  4.302686e-04  6.958362e-03  7.959920e-04  3.087973e-04  1.561289e-03
 7.183  2.072509e-03  4.417815e-04  7.079483e-03  8.141428e-04  3.169706e-04  1.593233e-03
 7.171  2.118300e-03  4.535837e-04  7.202629e-03  8.327191e-04  3.253794e-04  1.625803e-03
 7.159  2.165245e-03  4.656925e-04  7.327950e-03  8.517276e-04  3.340390e-04  1.659009e-03
 7.147  2.213399e-03  4.781203e-04  7.455539e-03  8.711773e-04  3.429522e-04  1.692861e-03
 7.135  2.262801e-03  4.908797e-04  7.585445e-03  8.910676e-04  3.521203e-04  1.727371e-03
 7.123  2.313487e-03  5.039867e-04  7.717709e-03  9.113972e-04  3.615420e-04  1.762542e-03
 7.111  2.365396e-03  5.174572e-04  7.852368e-03  9.321730e-04  3.712175e-04  1.798360e-03
 7.099  2.418507e-03  5.313060e-04  7.989462e-03  9.534084e-04  3.811471e-04  1.834832e-03
 7.087  2.472854e-03  5.455470e-04  8.129032e-03  9.751055e-04  3.913327e-04  1.871968e-03
 7.075  2.528460e-03  5.601860e-04  8.271234e-03  9.972835e-04  4.017823e-04  1.909785e-03
 7.063  2.585352e-03  5.752320e-04  8.416207e-03  1.019949e-03  4.125028e-04  1.948298e-03
 7.051  2.643558e-03  5.906950e-04  8.564020e-03  1.043113e-03  4.235024e-04  1.987528e-03
 7.039  2.703123e-03  6.065859e-04  8.714719e-03  1.066799e-03  4.347892e-04  2.027494e-03
 7.027  2.764050e-03  6.229179e-04  8.868354e-03  1.091024e-03  4.463704e-04  2.068211e-03
 7.015  2.826380e-03  6.397032e-04  9.024982e-03  1.115792e-03  4.582529e-04  2.109692e-03
 7.003  2.890147e-03  6.569534e-04  9.184658e-03  1.141161e-03  4.704443e-04  2.151953e-03
 6.991  2.955377e-03  6.746805e-04  9.347424e-03  1.167107e-03  4.829520e-04  2.195010e-03
 6.979  3.022104e-03  6.928972e-04  9.513336e-03  1.193658e-03  4.957843e-04  2.238878e-03
 6.967  3.090359e-03  7.116155e-04  9.682449e-03  1.220844e-03  5.089496e-04  2.283573e-03
 6.955  3.160175e-03  7.308475e-04  9.854822e-03  1.248690e-03  5.224557e-04  2.329111e-03
 6.943  3.231585e-03  7.506058e-04  1.003052e-02  1.277204e-03  5.363113e-04  2.375517e-03
 6.931  3.304626e-03  7.709070e-04  1.020959e-02  1.306403e-03  5.505291e-04  2.422819e-03
 6.919  3.379334e-03  7.917661e-04  1.039211e-02  1.336295e-03  5.651201e-04  2.471039e-03
 6.907  3.455747e-03  8.131971e-04  1.057813e-02  1.366872e-03  5.800947e-04  2.520205e-03
 6.895  3.533900e-03  8.352144e-04  1.076770e-02  1.398131e-03  5.954688e-04  2.570345e-03
 6.883  3.613833e-03  8.578335e-04  1.096090e-02  1.430072e-03  6.112486e-04  2.621487e-03
 6.871  3.695586e-03  8.810707e-04  1.115778e-02  1.462693e-03  6.274576e-04  2.673663e-03
 6.859  3.779198e-03  9.049412e-04  1.135841e-02  1.496030e-03  6.441084e-04  2.726916e-03
 6.847  3.864711e-03  9.294605e-04  1.156284e-02  1.530179e-03  6.612103e-04  2.781280e-03
 6.835  3.952167e-03  9.546444e-04  1.177116e-02  1.565162e-03  6.787638e-04  2.836792e-03
 6.823  4.041610e-03  9.805126e-04  1.198342e-02  1.601002e-03  6.967719e-04  2.893485e-03
 6.811  4.133121e-03  1.007083e-03  1.219970e-02  1.637729e-03  7.152367e-04  2.951395e-03
 6.799  4.226810e-03  1.034372e-03  1.242005e-02  1.675391e-03  7.341714e-04  3.010556e-03
 6.787  4.322850e-03  1.062398e-03  1.264455e-02  1.714036e-03  7.535931e-04  3.070982e-03
 6.775  4.421123e-03  1.091182e-03  1.287324e-02  1.753707e-03  7.735167e-04  3.132654e-03
 6.763  4.521529e-03  1.120745e-03  1.310619e-02  1.794393e-03  7.939579e-04  3.195553e-03
 6.751  4.624063e-03  1.151107e-03  1.334346e-02  1.836078e-03  8.149268e-04  3.259702e-03
 6.739  4.728774e-03  1.182288e-03  1.358500e-02  1.878749e-03  8.364364e-04  3.325131e-03
 6.727  4.835788e-03  1.214310e-03  1.383077e-02  1.922426e-03  8.585001e-04  3.391859e-03
 6.715  4.945176e-03  1.247194e-03  1.408085e-02  1.967162e-03  8.811324e-04  3.459910e-03
 6.703  5.056980e-03  1.280962e-03  1.433531e-02  2.012985e-03  9.043486e-04  3.529316e-03
 6.691  5.171254e-03  1.315635e-03  1.459431e-02  2.059918e-03  9.281640e-04  3.600102e-03
 6.679  5.288063e-03  1.351235e-03  1.485796e-02  2.107971e-03  9.525944e-04  3.672305e-03
 6.667  5.407479e-03  1.387789e-03  1.512645e-02  2.157149e-03  9.776550e-04  3.745965e-03
 6.655  5.529689e-03  1.425321e-03  1.539961e-02  2.207453e-03  1.003361e-03  3.821117e-03
 6.643  5.654923e-03  1.463856e-03  1.567728e-02  2.258866e-03  1.029730e-03  3.897795e-03
 6.631  5.783321e-03  1.503418e-03  1.595993e-02  2.311406e-03  1.056776e-03  3.976027e-03
 6.619  5.914980e-03  1.544033e-03  1.624784e-02  2.365091e-03  1.084513e-03  4.055846e-03
 6.607  6.049958e-03  1.585733e-03  1.654123e-02  2.419938e-03  1.112951e-03  4.137271e-03
 6.595  6.188319e-03  1.628545e-03  1.684029e-02  2.475977e-03  1.142088e-03  4.220320e-03
 6.583  6.330152e-03  1.672497e-03  1.714528e-02  2.533237e-03  1.171922e-03  4.305014e-03
 6.571  6.475461e-03  1.717617e-03  1.745635e-02  2.591765e-03  1.202462e-03  4.391390e-03
 6.559  6.624304e-03  1.763936e-03  1.777359e-02  2.651613e-03  1.233730e-03  4.479485e-03
 6.547  6.776715e-03  1.811484e-03  1.809710e-02  2.712828e-03  1.265765e-03  4.569334e-03
 6.535  6.932383e-03  1.860290e-03  1.842723e-02  2.775405e-03  1.298602e-03  4.660997e-03
 6.523  7.091084e-03  1.910385e-03  1.876434e-02  2.839355e-03  1.332280e-03  4.754539e-03
 6.511  7.252857e-03  1.961802e-03  1.910867e-02  2.904739e-03  1.366824e-03  4.850031e-03
 6.498  7.417703e-03  2.014577e-03  1.946022e-02  2.971590e-03  1.402253e-03  4.947545e-03
 6.486  7.585596e-03  2.068744e-03  1.981886e-02  3.039896e-03  1.438587e-03  5.047094e-03
 6.474  7.756749e-03  2.124337e-03  2.018411e-02  3.109643e-03  1.475849e-03  5.148659e-03
 6.462  7.931348e-03  2.181388e-03  2.055541e-02  3.180821e-03  1.514063e-03  5.252270e-03
 6.450  8.109380e-03  2.239940e-03  2.093244e-02  3.253439e-03  1.553251e-03  5.357964e-03
 6.438  8.290731e-03  2.300031e-03  2.131537e-02  3.327569e-03  1.593435e-03  5.465783e-03
 6.426  8.475008e-03  2.361697e-03  2.170486e-02  3.403306e-03  1.634641e-03  5.575771e-03
 6.414  8.662216e-03  2.424979e-03  2.210119e-02  3.480792e-03  1.676896e-03  5.687972e-03
 6.402  8.852404e-03  2.489922e-03  2.250457e-02  3.560112e-03  1.720223e-03  5.802431e-03
 6.390  9.045619e-03  2.556566e-03  2.291489e-02  3.641208e-03  1.764651e-03  5.919193e-03
 6.378  9.241937e-03  2.624953e-03  2.333214e-02  3.724068e-03  1.810207e-03  6.038303e-03
 6.366  9.441429e-03  2.695127e-03  2.375646e-02  3.808726e-03  1.856920e-03  6.159805e-03
 6.354  9.644296e-03  2.767134e-03  2.418797e-02  3.895287e-03  1.904804e-03  6.283745e-03
 6.342  9.850895e-03  2.841018e-03  2.462673e-02  3.983903e-03  1.953871e-03  6.410169e-03
 6.330  1.006147e-02  2.916827e-03  2.507250e-02  4.074636e-03  2.004129e-03  6.539127e-03
 6.318  1.027627e-02  2.994603e-03  2.552484e-02  4.167495e-03  2.055562e-03  6.670667e-03
 6.306  1.049569e-02  3.074402e-03  2.598267e-02  4.262450e-03  2.108163e-03  6.804838e-03
 6.294  1.071995e-02  3.156270e-03  2.644621e-02  4.359479e-03  2.161962e-03  6.941691e-03
 6.282  1.094911e-02  3.240249e-03  2.691600e-02  4.458573e-03  2.216993e-03  7.081277e-03
 6.270  1.118329e-02  3.326378e-03  2.739340e-02  4.559762e-03  2.273285e-03  7.223643e-03
 6.258  1.142246e-02  3.414699e-03  2.787880e-02  4.663100e-03  2.330864e-03  7.368825e-03
 6.246  1.166645e-02  3.505232e-03  2.837218e-02  4.768634e-03  2.389765e-03  7.516869e-03
 6.234  1.191521e-02  3.597865e-03  2.887419e-02  4.876409e-03  2.450016e-03  7.667805e-03
 6.222  1.216874e-02  3.692513e-03  2.938554e-02  4.986472e-03  2.511647e-03  7.821546e-03
 6.210  1.242708e-02  3.789228e-03  2.990513e-02  5.098876e-03  2.574692e-03  7.978089e-03
 6.198  1.269030e-02  3.888155e-03  3.043249e-02  5.213699e-03  2.639185e-03  8.137512e-03
 6.186  1.295854e-02  3.989589e-03  3.096741e-02  5.331024e-03  2.705165e-03  8.299981e-03
 6.174  1.323189e-02  4.093641e-03  3.150993e-02  5.450951e-03  2.772658e-03  8.465615e-03
 6.162  1.351045e-02  4.200399e-03  3.206023e-02  5.573572e-03  2.841694e-03  8.634538e-03
 6.150  1.379435e-02  4.309930e-03  3.261847e-02  5.698977e-03  2.912301e-03  8.806769e-03
 6.138  1.408385e-02  4.422306e-03  3.318551e-02  5.827224e-03  2.984480e-03  8.982302e-03
 6.126  1.437951e-02  4.537573e-03  3.376338e-02  5.958347e-03  3.058238e-03  9.161099e-03
 6.114  1.468147e-02  4.655824e-03  3.435149e-02  6.092411e-03  3.133609e-03  9.343175e-03
 6.102  1.498980e-02  4.777130e-03  3.494899e-02  6.229483e-03  3.210633e-03  9.528605e-03
 6.090  1.530458e-02  4.901564e-03  3.555569e-02  6.369601e-03  3.289361e-03  9.717486e-03
 6.078  1.562592e-02  5.029204e-03  3.617159e-02  6.512796e-03  3.369891e-03  9.909955e-03
 6.066  1.595395e-02  5.160128e-03  3.679686e-02  6.659062e-03  3.452356e-03  1.010635e-02
 6.054  1.628881e-02  5.294415e-03  3.743165e-02  6.808422e-03  3.536894e-03  1.030676e-02
 6.042  1.663066e-02  5.432146e-03  3.807608e-02  6.960952e-03  3.623533e-03  1.051126e-02
 6.030  1.697977e-02  5.573403e-03  3.873035e-02  7.116718e-03  3.712321e-03  1.071996e-02
 6.018  1.733653e-02  5.718268e-03  3.939504e-02  7.275831e-03  3.803318e-03  1.093295e-02
 6.006  1.770136e-02  5.866827e-03  4.007170e-02  7.438297e-03  3.896574e-03  1.115037e-02
 5.994  1.807462e-02  6.019167e-03  4.076100e-02  7.604217e-03  3.992140e-03  1.137239e-02
 5.982  1.845647e-02  6.175377e-03  4.146352e-02  7.773727e-03  4.090067e-03  1.159917e-02
 5.970  1.884704e-02  6.335550e-03  4.217986e-02  7.946982e-03  4.190405e-03  1.183045e-02
 5.958  1.924654e-02  6.499779e-03  4.291072e-02  8.124168e-03  4.293211e-03  1.206612e-02
 5.946  1.965516e-02  6.668159e-03  4.365755e-02  8.305410e-03  4.398557e-03  1.230600e-02
 5.934  2.007309e-02  6.840788e-03  4.442090e-02  8.490769e-03  4.506507e-03  1.255012e-02
 5.922  2.050051e-02  7.017772e-03  4.520131e-02  8.680293e-03  4.617120e-03  1.279855e-02
 5.910  2.093761e-02  7.199217e-03  4.600025e-02  8.873939e-03  4.730450e-03  1.305135e-02
 5.898  2.138460e-02  7.385229e-03  4.681785e-02  9.071730e-03  4.846555e-03  1.330860e-02
 5.886  2.184168e-02  7.575921e-03  4.765311e-02  9.273895e-03  4.965510e-03  1.357044e-02
 5.874  2.230906e-02  7.771404e-03  4.850387e-02  9.480376e-03  5.087384e-03  1.383706e-02
 5.862  2.278695e-02  7.971791e-03  4.936807e-02  9.691114e-03  5.212244e-03  1.410872e-02
 5.850  2.327545e-02  8.177199e-03  5.024533e-02  9.906293e-03  5.340152e-03  1.438581e-02
 5.838  2.377452e-02  8.387746e-03  5.113715e-02  1.012603e-02  5.471173e-03  1.466861e-02
 5.826  2.428409e-02  8.603548e-03  5.204885e-02  1.035041e-02  5.605404e-03  1.495727e-02
 5.814  2.480452e-02  8.824659e-03  5.298111e-02  1.057935e-02  5.742962e-03  1.525191e-02
 5.802  2.533629e-02  9.051110e-03  5.393438e-02  1.081281e-02  5.884036e-03  1.555256e-02
 5.790  2.588018e-02  9.283024e-03  5.490899e-02  1.105087e-02  6.028799e-03  1.585915e-02
 5.778  2.643590e-02  9.520526e-03  5.590372e-02  1.129363e-02  6.177361e-03  1.617154e-02
 5.766  2.700150e-02  9.763737e-03  5.691385e-02  1.154119e-02  6.329825e-03  1.648961e-02
 5.754  2.757735e-02  1.001280e-02  5.793836e-02  1.179364e-02  6.486290e-03  1.681341e-02
 5.742  2.816408e-02  1.026783e-02  5.897660e-02  1.205110e-02  6.646846e-03  1.714309e-02
 5.730  2.876243e-02  1.052893e-02  6.002875e-02  1.231369e-02  6.811578e-03  1.747873e-02
 5.718  2.937306e-02  1.079617e-02  6.109629e-02  1.258150e-02  6.980581e-03  1.782042e-02
 5.706  2.999707e-02  1.106962e-02  6.218350e-02  1.285452e-02  7.153981e-03  1.816833e-02
 5.694  3.063468e-02  1.134923e-02  6.328996e-02  1.313289e-02  7.331894e-03  1.852255e-02
 5.682  3.128600e-02  1.163499e-02  6.441490e-02  1.341676e-02  7.514418e-03  1.888339e-02
 5.670  3.195138e-02  1.192698e-02  6.555887e-02  1.370627e-02  7.701647e-03  1.925136e-02
 5.658  3.263067e-02  1.222535e-02  6.672224e-02  1.400154e-02  7.893679e-03  1.962726e-02
 5.646  3.332297e-02  1.253024e-02  6.790537e-02  1.430280e-02  8.090578e-03  2.001268e-02
 5.634  3.402769e-02  1.284176e-02  6.910810e-02  1.461013e-02  8.292351e-03  2.040706e-02
 5.622  3.474448e-02  1.315997e-02  7.033005e-02  1.492357e-02  8.498946e-03  2.080959e-02
 5.610  3.547502e-02  1.348505e-02  7.157057e-02  1.524362e-02  8.710364e-03  2.121993e-02
 5.598  3.621997e-02  1.381712e-02  7.282923e-02  1.557031e-02  8.926632e-03  2.163825e-02
 5.586  3.697967e-02  1.415637e-02  7.410644e-02  1.590344e-02  9.147815e-03  2.206549e-02
 5.574  3.775490e-02  1.450319e-02  7.540235e-02  1.624335e-02  9.374025e-03  2.250151e-02
 5.562  3.854660e-02  1.485807e-02  7.671727e-02  1.659050e-02  9.605346e-03  2.294612e-02
 5.550  3.935612e-02  1.522187e-02  7.805200e-02  1.694508e-02  9.841922e-03  2.340007e-02
 5.538  4.018365e-02  1.559498e-02  7.940712e-02  1.730724e-02  1.008385e-02  2.386355e-02
 5.526  4.102829e-02  1.597764e-02  8.078296e-02  1.767730e-02  1.033128e-02  2.433638e-02
 5.514  4.188986e-02  1.637006e-02  8.217994e-02  1.805565e-02  1.058446e-02  2.481839e-02
 5.502  4.276803e-02  1.677243e-02  8.359863e-02  1.844272e-02  1.084369e-02  2.530960e-02
 5.489  4.366060e-02  1.718481e-02  8.503941e-02  1.883916e-02  1.110925e-02  2.581025e-02
 5.477  4.456640e-02  1.760723e-02  8.650305e-02  1.924520e-02  1.138130e-02  2.632102e-02
 5.465  4.548428e-02  1.803965e-02  8.799112e-02  1.966077e-02  1.166002e-02  2.684328e-02
 5.453  4.641608e-02  1.848250e-02  8.950497e-02  2.008644e-02  1.194555e-02  2.737727e-02
 5.441  4.736404e-02  1.893626e-02  9.104588e-02  2.052273e-02  1.223805e-02  2.792297e-02
 5.429  4.833006e-02  1.940143e-02  9.261512e-02  2.096910e-02  1.253785e-02  2.847952e-02
 5.417  4.931563e-02  1.987824e-02  9.421349e-02  2.142526e-02  1.284521e-02  2.904661e-02
 5.405  5.032337e-02  2.036674e-02  9.584230e-02  2.189082e-02  1.316056e-02  2.962449e-02
 5.393  5.135450e-02  2.086685e-02  9.749895e-02  2.236602e-02  1.348407e-02  3.021336e-02
 5.381  5.240983e-02  2.137850e-02  9.918035e-02  2.285117e-02  1.381593e-02  3.081340e-02
 5.369  5.348711e-02  2.190191e-02  1.008815e-01  2.334697e-02  1.415622e-02  3.142485e-02
 5.357  5.458482e-02  2.243736e-02  1.026038e-01  2.385380e-02  1.450499e-02  3.204789e-02
 5.345  5.570078e-02  2.298512e-02  1.043563e-01  2.437186e-02  1.486229e-02  3.268277e-02
 5.333  5.683608e-02  2.354543e-02  1.061391e-01  2.490140e-02  1.522825e-02  3.332969e-02
 5.321  5.799245e-02  2.411865e-02  1.079509e-01  2.544256e-02  1.560306e-02  3.398888e-02
 5.309  5.917320e-02  2.470499e-02  1.097922e-01  2.599519e-02  1.598696e-02  3.466053e-02
 5.297  6.037960e-02  2.530477e-02  1.116634e-01  2.655931e-02  1.638009e-02  3.534496e-02
 5.285  6.161225e-02  2.591825e-02  1.135649e-01  2.713516e-02  1.678267e-02  3.604226e-02
 5.273  6.287160e-02  2.654575e-02  1.154974e-01  2.772288e-02  1.719479e-02  3.675277e-02
 5.261  6.415814e-02  2.718759e-02  1.174615e-01  2.832268e-02  1.761657e-02  3.747678e-02
 5.249  6.547252e-02  2.784406e-02  1.194630e-01  2.893514e-02  1.804826e-02  3.821451e-02
 5.237  6.681515e-02  2.851552e-02  1.215041e-01  2.956062e-02  1.849031e-02  3.896629e-02
 5.225  6.818666e-02  2.920222e-02  1.235862e-01  3.019931e-02  1.894366e-02  3.973252e-02
 5.213  6.958604e-02  2.990457e-02  1.257048e-01  3.085097e-02  1.940774e-02  4.051315e-02
 5.201  7.101228e-02  3.062287e-02  1.278554e-01  3.151534e-02  1.988198e-02  4.130818e-02
 5.189  7.246629e-02  3.135822e-02  1.300380e-01  3.219303e-02  2.036704e-02  4.211812e-02
 5.177  7.394822e-02  3.211111e-02  1.322548e-01  3.288428e-02  2.086332e-02  4.294332e-02
 5.165  7.545759e-02  3.288216e-02  1.345119e-01  3.358917e-02  2.137108e-02  4.378406e-02
 5.153  7.699480e-02  3.367174e-02  1.368077e-01  3.430760e-02  2.189054e-02  4.464046e-02
 5.141  7.855989e-02  3.448024e-02  1.391394e-01  3.503954e-02  2.242196e-02  4.551250e-02
 5.129  8.014887e-02  3.530802e-02  1.415008e-01  3.578522e-02  2.296560e-02  4.639970e-02
 5.117  8.176075e-02  3.615511e-02  1.438911e-01  3.654489e-02  2.352160e-02  4.730190e-02
 5.105  8.339642e-02  3.702121e-02  1.463137e-01  3.731897e-02  2.409000e-02  4.821917e-02
 5.093  8.505688e-02  3.790653e-02  1.487712e-01  3.810799e-02  2.467128e-02  4.915224e-02
 5.081  8.674303e-02  3.881113e-02  1.512662e-01  3.891260e-02  2.526595e-02  5.010200e-02
 5.069  8.845296e-02  3.973331e-02  1.538011e-01  3.973325e-02  2.587433e-02  5.107050e-02
 5.057  9.018700e-02  4.067309e-02  1.563774e-01  4.057011e-02  2.649627e-02  5.205828e-02
 5.045  9.194794e-02  4.163257e-02  1.589965e-01  4.142331e-02  2.713094e-02  5.306513e-02
 5.033  9.373794e-02  4.261285e-02  1.616591e-01  4.229313e-02  2.777826e-02  5.409185e-02
 5.021  9.555904e-02  4.361500e-02  1.643653e-01  4.318008e-02  2.843822e-02  5.513922e-02
 5.009  9.741278e-02  4.463952e-02  1.671113e-01  4.408556e-02  2.911088e-02  5.620716e-02
 4.997  9.929994e-02  4.568683e-02  1.698981e-01  4.501103e-02  2.979660e-02  5.729590e-02
 4.985  1.012215e-01  4.675744e-02  1.727327e-01  4.595905e-02  3.049646e-02  5.840609e-02
 4.973  1.031807e-01  4.785183e-02  1.756161e-01  4.692733e-02  3.121143e-02  5.953783e-02
 4.961  1.051808e-01  4.897047e-02  1.785489e-01  4.791326e-02  3.194224e-02  6.069112e-02
 4.949  1.072229e-01  5.011393e-02  1.815301e-01  4.891634e-02  3.268908e-02  6.186604e-02
 4.937  1.093076e-01  5.128263e-02  1.845592e-01  4.993687e-02  3.345204e-02  6.306300e-02
 4.925  1.114357e-01  5.247715e-02  1.876359e-01  5.097624e-02  3.423124e-02  6.428304e-02
 4.913  1.136080e-01  5.369801e-02  1.907576e-01  5.203406e-02  3.502691e-02  6.552732e-02
 4.901  1.158251e-01  5.494572e-02  1.939221e-01  5.311003e-02  3.583938e-02  6.679696e-02
 4.889  1.180879e-01  5.622093e-02  1.971321e-01  5.420645e-02  3.666910e-02  6.809221e-02
 4.877  1.203969e-01  5.752409e-02  2.003898e-01  5.532434e-02  3.751642e-02  6.941338e-02
 4.865  1.227532e-01  5.885584e-02  2.036989e-01  5.646456e-02  3.838161e-02  7.076111e-02
 4.853  1.251573e-01  6.021673e-02  2.070630e-01  5.762739e-02  3.926492e-02  7.213562e-02
 4.841  1.276098e-01  6.160734e-02  2.104855e-01  5.881315e-02  4.016651e-02  7.353712e-02
 4.829  1.301077e-01  6.302837e-02  2.139683e-01  6.002275e-02  4.108651e-02  7.496543e-02
 4.817  1.326504e-01  6.448041e-02  2.175104e-01  6.125623e-02  4.202536e-02  7.642062e-02
 4.805  1.352385e-01  6.596456e-02  2.211068e-01  6.251297e-02  4.298425e-02  7.790317e-02
 4.793  1.378753e-01  6.748265e-02  2.247567e-01  6.379378e-02  4.396385e-02  7.941357e-02
 4.781  1.405637e-01  6.903620e-02  2.284603e-01  6.509963e-02  4.496483e-02  8.095271e-02
 4.769  1.432972e-01  7.062288e-02  2.322236e-01  6.643091e-02  4.598797e-02  8.252305e-02
 4.757  1.460736e-01  7.224207e-02  2.360500e-01  6.778783e-02  4.703372e-02  8.412601e-02
 4.745  1.488924e-01  7.389443e-02  2.399439e-01  6.917050e-02  4.810254e-02  8.576279e-02
 4.733  1.517578e-01  7.558339e-02  2.439051e-01  7.058029e-02  4.919379e-02  8.743295e-02
 4.721  1.546739e-01  7.731302e-02  2.479332e-01  7.201864e-02  5.030688e-02  8.913602e-02
 4.709  1.576373e-01  7.908339e-02  2.520280e-01  7.348710e-02  5.144314e-02  9.087234e-02
 4.697  1.606487e-01  8.089445e-02  2.561898e-01  7.498670e-02  5.260320e-02  9.264176e-02
 4.685  1.637139e-01  8.274541e-02  2.604191e-01  7.651915e-02  5.378759e-02  9.444345e-02
 4.673  1.668333e-01  8.463571e-02  2.647160e-01  7.808271e-02  5.499677e-02  9.627715e-02
 4.661  1.700066e-01  8.656624e-02  2.690805e-01  7.967543e-02  5.623148e-02  9.814291e-02
 4.649  1.732338e-01  8.853766e-02  2.735103e-01  8.129687e-02  5.749228e-02  1.000437e-01
 4.637  1.765161e-01  9.055080e-02  2.780048e-01  8.294703e-02  5.877984e-02  1.019822e-01
 4.625  1.798579e-01  9.260641e-02  2.825644e-01  8.462655e-02  6.009464e-02  1.039627e-01
 4.613  1.832614e-01  9.470573e-02  2.871891e-01  8.633669e-02  6.143673e-02  1.059860e-01
 4.601  1.867282e-01  9.685037e-02  2.918792e-01  8.807881e-02  6.280600e-02  1.080516e-01
 4.589  1.902570e-01  9.904212e-02  2.966382e-01  8.985357e-02  6.420255e-02  1.101537e-01
 4.577  1.938482e-01  1.012828e-01  3.014679e-01  9.166139e-02  6.562692e-02  1.122912e-01
 4.565  1.975049e-01  1.035742e-01  3.063699e-01  9.350291e-02  6.708068e-02  1.144655e-01
 4.553  2.012291e-01  1.059184e-01  3.113450e-01  9.537875e-02  6.856459e-02  1.166765e-01
 4.541  2.050227e-01  1.083164e-01  3.163941e-01  9.728960e-02  7.007942e-02  1.189237e-01
 4.529  2.088859e-01  1.107667e-01  3.215183e-01  9.923689e-02  7.162582e-02  1.212080e-01
 4.517  2.128206e-01  1.132691e-01  3.267183e-01  1.012216e-01  7.320475e-02  1.235310e-01
 4.505  2.168323e-01  1.158244e-01  3.319952e-01  1.032450e-01  7.481808e-02  1.258960e-01
 4.492  2.209185e-01  1.184334e-01  3.373548e-01  1.053082e-01  7.646543e-02  1.283044e-01
 4.480  2.250765e-01  1.210970e-01  3.428031e-01  1.074121e-01  7.814629e-02  1.307572e-01
 4.468  2.293088e-01  1.238165e-01  3.483422e-01  1.095576e-01  7.986259e-02  1.332558e-01
 4.456  2.336163e-01  1.265927e-01  3.539733e-01  1.117460e-01  8.161529e-02  1.358014e-01
 4.444  2.379994e-01  1.294269e-01  3.596974e-01  1.139803e-01  8.340561e-02  1.383957e-01
 4.432  2.424577e-01  1.323212e-01  3.655125e-01  1.162575e-01  8.523243e-02  1.410396e-01
 4.420  2.469902e-01  1.352770e-01  3.714164e-01  1.185752e-01  8.709497e-02  1.437340e-01
 4.408  2.515861e-01  1.382908e-01  3.774067e-01  1.209402e-01  8.899864e-02  1.464797e-01
 4.396  2.562469e-01  1.413607e-01  3.834808e-01  1.233544e-01  9.094518e-02  1.492766e-01
 4.384  2.609873e-01  1.444842e-01  3.896333e-01  1.258167e-01  9.293463e-02  1.521227e-01
 4.372  2.658087e-01  1.476654e-01  3.958731e-01  1.283273e-01  9.496638e-02  1.550184e-01
 4.360  2.707114e-01  1.509087e-01  4.022094e-01  1.308867e-01  9.703985e-02  1.579647e-01
 4.348  2.756967e-01  1.542141e-01  4.086436e-01  1.334938e-01  9.915598e-02  1.609681e-01
 4.336  2.807656e-01  1.575820e-01  4.151766e-01  1.361480e-01  1.013154e-01  1.640293e-01
 4.324  2.859194e-01  1.610138e-01  4.218096e-01  1.388484e-01  1.035191e-01  1.671448e-01
 4.312  2.911501e-01  1.645104e-01  4.285437e-01  1.415955e-01  1.057678e-01  1.703172e-01
 4.300  2.964497e-01  1.680728e-01  4.353804e-01  1.443900e-01  1.080624e-01  1.735485e-01
 4.288  3.018186e-01  1.717022e-01  4.423215e-01  1.472320e-01  1.104038e-01  1.768326e-01
 4.276  3.072590e-01  1.753992e-01  4.493687e-01  1.501223e-01  1.127933e-01  1.801706e-01
 4.264  3.127769e-01  1.791639e-01  4.565230e-01  1.530641e-01  1.152334e-01  1.835716e-01
 4.252  3.183845e-01  1.829961e-01  4.637922e-01  1.560570e-01  1.177231e-01  1.870398e-01
 4.240  3.240934e-01  1.868953e-01  4.711821e-01  1.591005e-01  1.202612e-01  1.905781e-01
 4.228  3.299017e-01  1.908628e-01  4.786713e-01  1.621992e-01  1.228500e-01  1.941833e-01
 4.216  3.358034e-01  1.949019e-01  4.862603e-01  1.653553e-01  1.254916e-01  1.978545e-01
 4.204  3.417805e-01  1.990217e-01  4.939708e-01  1.685706e-01  1.281891e-01  2.015923e-01
 4.192  3.478377e-01  2.032218e-01  5.018128e-01  1.718466e-01  1.309446e-01  2.053990e-01
 4.180  3.539823e-01  2.075009e-01  5.097938e-01  1.751851e-01  1.337598e-01  2.092772e-01
 4.168  3.602286e-01  2.118512e-01  5.179104e-01  1.785908e-01  1.366356e-01  2.132281e-01
 4.156  3.665820e-01  2.162724e-01  5.261614e-01  1.820655e-01  1.395717e-01  2.172526e-01
 4.144  3.730443e-01  2.207703e-01  5.345462e-01  1.856091e-01  1.425662e-01  2.213520e-01
 4.132  3.796169e-01  2.253494e-01  5.430700e-01  1.892203e-01  1.456190e-01  2.255279e-01
 4.120  3.863014e-01  2.300134e-01  5.517380e-01  1.928978e-01  1.487296e-01  2.297815e-01
 4.108  3.930979e-01  2.347621e-01  5.605525e-01  1.966427e-01  1.518992e-01  2.341109e-01
 4.096  4.000100e-01  2.395960e-01  5.695123e-01  2.004555e-01  1.551290e-01  2.385149e-01
 4.084  4.070482e-01  2.445176e-01  5.786113e-01  2.043359e-01  1.584230e-01  2.429909e-01
 4.072  4.142085e-01  2.495298e-01  5.878414e-01  2.082870e-01  1.617870e-01  2.475414e-01
 4.060  4.214856e-01  2.546352e-01  5.971957e-01  2.123119e-01  1.652268e-01  2.521695e-01
 4.048  4.288702e-01  2.598319e-01  6.066865e-01  2.164067e-01  1.687417e-01  2.568831e-01
 4.036  4.363555e-01  2.651177e-01  6.163212e-01  2.205706e-01  1.723301e-01  2.616830e-01
 4.024  4.439291e-01  2.704864e-01  6.261103e-01  2.248044e-01  1.759882e-01  2.665639e-01
 4.012  4.516023e-01  2.759343e-01  6.360403e-01  2.291128e-01  1.797167e-01  2.715301e-01
 4.000  4.593884e-01  2.814593e-01  6.460967e-01  2.335009e-01  1.835169e-01  2.765872e-01
 3.988  4.672960e-01  2.870746e-01  6.562794e-01  2.379708e-01  1.873903e-01  2.817453e-01
 3.976  4.753300e-01  2.927881e-01  6.665916e-01  2.425221e-01  1.913378e-01  2.870042e-01
 3.964  4.834965e-01  2.986130e-01  6.770428e-01  2.471521e-01  1.953602e-01  2.923533e-01
 3.952  4.917953e-01  3.045515e-01  6.876392e-01  2.518613e-01  1.994579e-01  2.977928e-01
 3.940  5.002243e-01  3.106053e-01  6.983856e-01  2.566512e-01  2.036315e-01  3.033239e-01
 3.928  5.087675e-01  3.167763e-01  7.092729e-01  2.615228e-01  2.078863e-01  3.089481e-01
 3.916  5.174233e-01  3.230660e-01  7.202983e-01  2.664774e-01  2.122242e-01  3.146665e-01
 3.904  5.262020e-01  3.294763e-01  7.314617e-01  2.715169e-01  2.166458e-01  3.204805e-01
 3.892  5.351141e-01  3.360082e-01  7.427859e-01  2.766435e-01  2.211518e-01  3.263912e-01
 3.880  5.441686e-01  3.426629e-01  7.542930e-01  2.818594e-01  2.257433e-01  3.324002e-01
 3.868  5.533587e-01  3.494417e-01  7.659711e-01  2.871692e-01  2.304212e-01  3.385102e-01
 3.856  5.626901e-01  3.563451e-01  7.778153e-01  2.925739e-01  2.351864e-01  3.447232e-01
 3.844  5.721889e-01  3.633715e-01  7.898216e-01  2.980729e-01  2.400395e-01  3.510417e-01
 3.832  5.818428e-01  3.705164e-01  8.019908e-01  3.036677e-01  2.449765e-01  3.574601e-01
 3.820  5.916389e-01  3.777768e-01  8.143242e-01  3.093607e-01  2.499935e-01  3.639728e-01
 3.808  6.015981e-01  3.851711e-01  8.268229e-01  3.151566e-01  2.550992e-01  3.705884e-01
 3.796  6.117247e-01  3.927039e-01  8.394882e-01  3.210563e-01  2.602973e-01  3.773145e-01
 3.784  6.220100e-01  4.003711e-01  8.523213e-01  3.270581e-01  2.655914e-01  3.841658e-01
 3.772  6.324514e-01  4.081691e-01  8.653248e-01  3.331649e-01  2.709802e-01  3.911368e-01
 3.760  6.430468e-01  4.160946e-01  8.785015e-01  3.393795e-01  2.764623e-01  3.982210e-01
 3.748  6.537976e-01  4.241465e-01  8.918570e-01  3.456940e-01  2.820433e-01  4.054192e-01
 3.736  6.647090e-01  4.323279e-01  9.053933e-01  3.521102e-01  2.877265e-01  4.127346e-01
 3.724  6.757944e-01  4.406498e-01  9.191094e-01  3.586404e-01  2.935153e-01  4.201752e-01
 3.712  6.870662e-01  4.491158e-01  9.330041e-01  3.652945e-01  2.994093e-01  4.277430e-01
 3.700  6.985332e-01  4.577291e-01  9.470773e-01  3.720810e-01  3.054076e-01  4.354400e-01
 3.688  7.101620e-01  4.664908e-01  9.613373e-01  3.789972e-01  3.115116e-01  4.432683e-01
 3.676  7.219427e-01  4.754042e-01  9.757879e-01  3.860415e-01  3.177241e-01  4.512299e-01
 3.664  7.338755e-01  4.844766e-01  9.904318e-01  3.932104e-01  3.240522e-01  4.593288e-01
 3.652  7.459715e-01  4.936933e-01  1.000000e+00  4.005046e-01  3.304962e-01  4.675667e-01
 3.640  7.582432e-01  5.030357e-01  1.000000e+00  4.079261e-01  3.370563e-01  4.759452e-01
 3.628  7.707056e-01  5.124636e-01  1.000000e+00  4.154874e-01  3.437355e-01  4.844671e-01
 3.616  7.833590e-01  5.219641e-01  1.000000e+00  4.231897e-01  3.505350e-01  4.931341e-01
 3.604  7.961877e-01  5.315343e-01  1.000000e+00  4.310246e-01  3.574554e-01  5.019486e-01
 3.592  8.091945e-01  5.412245e-01  1.000000e+00  4.389905e-01  3.644950e-01  5.109150e-01
 3.580  8.223845e-01  5.510833e-01  1.000000e+00  4.470868e-01  3.716519e-01  5.200380e-01
 3.568  8.357712e-01  5.610926e-01  1.000000e+00  4.553181e-01  3.789257e-01  5.293272e-01
 3.556  8.493478e-01  5.712420e-01  1.000000e+00  4.636857e-01  3.863176e-01  5.387812e-01
 3.544  8.630774e-01  5.815158e-01  1.000000e+00  4.721880e-01  3.938317e-01  5.483853e-01
 3.532  8.769554e-01  5.919410e-01  1.000000e+00  4.808250e-01  4.014704e-01  5.581339e-01
 3.520  8.909816e-01  6.025466e-01  1.000000e+00  4.895971e-01  4.092358e-01  5.680233e-01
 3.508  9.051774e-01  6.133410e-01  1.000000e+00  4.985148e-01  4.171290e-01  5.780682e-01
 3.495  9.195529e-01  6.243382e-01  1.000000e+00  5.075850e-01  4.251568e-01  5.882701e-01
 3.483  9.341167e-01  6.355740e-01  1.000000e+00  5.168182e-01  4.333386e-01  5.986195e-01
 3.471  9.488703e-01  6.470260e-01  1.000000e+00  5.262093e-01  4.416610e-01  6.091253e-01
 3.459  9.638140e-01  6.586690e-01  1.000000e+00  5.357519e-01  4.501104e-01  6.197972e-01
 3.447  9.789408e-01  6.704981e-01  1.000000e+00  5.454425e-01  4.587020e-01  6.306335e-01
 3.435  9.942543e-01  6.825118e-01  1.000000e+00  5.552845e-01  4.674380e-01  6.416393e-01
 3.423  1.000000e+00  6.947088e-01  1.000000e+00  5.652912e-01  4.763095e-01  6.528321e-01
 3.411  1.000000e+00  7.071147e-01  1.000000e+00  5.754542e-01  4.853203e-01  6.642153e-01
 3.399  1.000000e+00  7.197556e-01  1.000000e+00  5.857640e-01  4.944749e-01  6.757915e-01
 3.387  1.000000e+00  7.326343e-01  1.000000e+00  5.962264e-01  5.037745e-01  6.875626e-01
 3.375  1.000000e+00  7.457528e-01  1.000000e+00  6.068459e-01  5.132203e-01  6.995303e-01
 3.363  1.000000e+00  7.591139e-01  1.000000e+00  6.176307e-01  5.228149e-01  7.116968e-01
 3.351  1.000000e+00  7.727190e-01  1.000000e+00  6.285877e-01  5.325613e-01  7.240636e-01
 3.339  1.000000e+00  7.865689e-01  1.000000e+00  6.397235e-01  5.424636e-01  7.366324e-01
 3.327  1.000000e+00  8.006612e-01  1.000000e+00  6.510446e-01  5.525294e-01  7.494017e-01
 3.315  1.000000e+00  8.149866e-01  1.000000e+00  6.625536e-01  5.627653e-01  7.623730e-01
 3.303  1.000000e+00  8.295172e-01  1.000000e+00  6.742518e-01  5.731844e-01  7.755511e-01
 3.291  1.000000e+00  8.442406e-01  1.000000e+00  6.861448e-01  5.837868e-01  7.889418e-01
 3.279  1.000000e+00  8.591467e-01  1.000000e+00  6.982382e-01  5.945718e-01  8.025496e-01
 3.267  1.000000e+00  8.742371e-01  1.000000e+00  7.105313e-01  6.055435e-01  8.163609e-01
 3.255  1.000000e+00  8.895132e-01  1.000000e+00  7.230192e-01  6.167013e-01  8.303722e-01
 3.243  1.000000e+00  9.049749e-01  1.000000e+00  7.356857e-01  6.280371e-01  8.445851e-01
 3.231  1.000000e+00  9.206507e-01  1.000000e+00  7.485201e-01  6.395505e-01  8.590034e-01
 3.219  1.000000e+00  9.365694e-01  1.000000e+00  7.615142e-01  6.512427e-01  8.736304e-01
 3.207  1.000000e+00  9.527347e-01  1.000000e+00  7.746807e-01  6.631293e-01  8.884671e-01
 3.195  1.000000e+00  9.691464e-01  1.000000e+00  7.880258e-01  6.752127e-01  9.035060e-01
 3.183  1.000000e+00  9.857973e-01  1.000000e+00  8.015548e-01  6.874837e-01  9.187212e-01
 3.171  1.000000e+00  1.000000e+00  1.000000e+00  8.152729e-01  6.999433e-01  9.341158e-01
 3.159  1.000000e+00  1.000000e+00  1.000000e+00  8.291856e-01  7.125936e-01  9.496964e-01
 3.147  1.000000e+00  1.000000e+00  1.000000e+00  8.433040e-01  7.254393e-01  9.654708e-01
 3.135  1.000000e+00  1.000000e+00  1.000000e+00  8.576326e-01  7.384812e-01  9.814427e-01
 3.123  1.000000e+00  1.000000e+00  1.000000e+00  8.721736e-01  7.517157e-01  9.976139e-01
 3.111  1.000000e+00  1.000000e+00  1.000000e+00  8.869274e-01  7.651441e-01  1.000000e+00
 3.099  1.000000e+00  1.000000e+00  1.000000e+00  9.018939e-01  7.787683e-01  1.000000e+00
 3.087  1.000000e+00  1.000000e+00  1.000000e+00  9.170676e-01  7.925902e-01  1.000000e+00
 3.075  1.000000e+00  1.000000e+00  1.000000e+00  9.324480e-01  8.066104e-01  1.000000e+00
 3.063  1.000000e+00  1.000000e+00  1.000000e+00  9.480369e-01  8.208268e-01  1.000000e+00
 3.051  1.000000e+00  1.000000e+00  1.000000e+00  9.638426e-01  8.352351e-01  1.000000e+00
 3.039  1.000000e+00  1.000000e+00  1.000000e+00  9.798735e-01  8.498309e-01  1.000000e+00
 3.027  1.000000e+00  1.000000e+00  1.000000e+00  9.961293e-01  8.646177e-01  1.000000e+00
 3.015  1.000000e+00  1.000000e+00  1.000000e+00  1.000000e+00  8.796050e-01  1.000000e+00
 3.003  1.000000e+00  1.000000e+00  1.000000e+00  1.000000e+00  8.948178e-01  1.000000e+00
 2.991  1.000000e+00  1.000000e+00  1.000000e+00  1.000000e+00  9.102592e-01  1.000000e+00
 2.979  1.000000e+00  1.000000e+00  1.000000e+00  1.000000e+00  9.259301e-01  1.000000e+00
 2.967  1.000000e+00  1.000000e+00  1.000000e+00  1.000000e+00  9.418243e-01  1.000000e+00
 2.955  1.000000e+00  1.000000e+00  1.000000e+00  1.000000e+00  9.579387e-01  1.000000e+00
 2.943  1.000000e+00  1.000000e+00  1.000000e+00  1.000000e+00  9.742668e-01  1.000000e+00
 2.931  1.000000e+00  1.000000e+00  1.000000e+00  1.000000e+00  9.908263e-01  1.000000e+00
 2.919  1.000000e+00  1.000000e+00  1.000000e+00  1.000000e+00  1.000000e+00  1.000000e+00
 2.907  1.000000e+00  1.000000e+00  1.000000e+00  1.000000e+00  1.000000e+00  1.000000e+00
 2.895  1.000000e+00  1.000000e+00  1.000000e+00  1.000000e+00  1.000000e+00  1.000000e+00
 2.883  1.000000e+00  1.000000e+00  1.000000e+00  1.000000e+00  1.000000e+00  1.000000e+00
 2.871  1.000000e+00  1.000000e+00  1.000000e+00  1.000000e+00  1.000000e+00  1.000000e+00
 2.859  1.000000e+00  1.000000e+00  1.000000e+00  1.000000e+00  1.000000e+00  1.000000e+00
 2.847  1.000000e+00  1.000000e+00  1.000000e+00  1.000000e+00  1.000000e+00  1.000000e+00
 2.835  1.000000e+00  1.000000e+00  1.000000e+00  1.000000e+00  1.000000e+00  1.000000e+00
 2.823  1.000000e+00  1.000000e+00  1.000000e+00  1.000000e+00  1.000000e+00  1.000000e+00
 2.811  1.000000e+00  1.000000e+00  1.000000e+00  1.000000e+00  1.000000e+00  1.000000e+00
 2.799  1.000000e+00  1.000000e+00  1.000000e+00  1.000000e+00  1.000000e+00  1.000000e+00
 2.787  1.000000e+00  1.000000e+00  1.000000e+00  1.000000e+00  1.000000e+00  1.000000e+00
 2.775  1.000000e+00  1.000000e+00  1.000000e+00  1.000000e+00  1.000000e+00  1.000000e+00
 2.763  1.000000e+00  1.000000e+00  1.000000e+00  1.000000e+00  1.000000e+00  1.000000e+00
 2.751  1.000000e+00  1.000000e+00  1.000000e+00  1.000000e+00  1.000000e+00  1.000000e+00
 2.739  1.000000e+00  1.000000e+00  1.000000e+00  1.000000e+00  1.000000e+00  1.000000e+00
 2.727  1.000000e+00  1.000000e+00  1.000000e+00  1.000000e+00  1.000000e+00  1.000000e+00
 2.715  1.000000e+00  1.000000e+00  1.000000e+00  1.000000e+00  1.000000e+00  1.000000e+00
 2.703  1.000000e+00  1.000000e+00  1.000000e+00  1.000000e+00  1.000000e+00  1.000000e+00
 2.691  1.000000e+00  1.000000e+00  1.000000e+00  1.000000e+00  1.000000e+00  1.000000e+00
 2.679  1.000000e+00  1.000000e+00  1.000000e+00  1.000000e+00  1.000000e+00  1.000000e+00
 2.667  1.000000e+00  1.000000e+00  1.000000e+00  1.000000e+00  1.000000e+00  1.000000e+00
 2.655  1.000000e+00  1.000000e+00  1.000000e+00  1.000000e+00  1.000000e+00  1.000000e+00
 2.643  1.000000e+00  1.000000e+00  1.000000e+00  1.000000e+00  1.000000e+00  1.000000e+00
 2.631  1.000000e+00  1.000000e+00  1.000000e+00  1.000000e+00  1.000000e+00  1.000000e+00
 2.619  1.000000e+00  1.000000e+00  1.000000e+00  1.000000e+00  1.000000e+00  1.000000e+00
 2.607  1.000000e+00  1.000000e+00  1.000000e+00  1.000000e+00  1.000000e+00  1.000000e+00
 2.595  1.000000e+00  1.000000e+00  1.000000e+00  1.000000e+00  1.000000e+00  1.000000e+00
 2.583  1.000000e+00  1.000000e+00  1.000000e+00  1.000000e+00  1.000000e+00  1.000000e+00
 2.571  1.000000e+00  1.000000e+00  1.000000e+00  1.000000e+00  1.000000e+00  1.000000e+00
 2.559  1.000000e+00  1.000000e+00  1.000000e+00  1.000000e+00  1.000000e+00  1.000000e+00
 2.547  1.000000e+00  1.000000e+00  1.000000e+00  1.000000e+00  1.000000e+00  1.000000e+00
 2.535  1.000000e+00  1.000000e+00  1.000000e+00  1.000000e+00  1.000000e+00  1.000000e+00
 2.523  1.000000e+00  1.000000e+00  1.000000e+00  1.000000e+00  1.000000e+00  1.000000e+00
 2.511  1.000000e+00  1.000000e+00  1.000000e+00  1.000000e+00  1.000000e+00  1.000000e+00
 2.498  1.000000e+00  1.000000e+00  1.000000e+00  1.000000e+00  1.000000e+00  1.000000e+00
 2.486  1.000000e+00  1.000000e+00  1.000000e+00  1.000000e+00  1.000000e+00  1.000000e+00
 2.474  1.000000e+00  1.000000e+00  1.000000e+00  1.000000e+00  1.000000e+00  1.000000e+00
 2.462  1.000000e+00  1.000000e+00  1.000000e+00  1.000000e+00  1.000000e+00  1.000000e+00
 2.450  1.000000e+00  1.000000e+00  1.000000e+00  1.000000e+00  1.000000e+00  1.000000e+00
 2.438  1.000000e+00  1.000000e+00  1.000000e+00  1.000000e+00  1.000000e+00  1.000000e+00
 2.426  1.000000e+00  1.000000e+00  1.000000e+00  1.000000e+00  1.000000e+00  1.000000e+00
 2.414  1.000000e+00  1.000000e+00  1.000000e+00  1.000000e+00  1.000000e+00  1.000000e+00
 2.402  1.000000e+00  1.000000e+00  1.000000e+00  1.000000e+00  1.000000e+00  1.000000e+00
 2.390  1.000000e+00  1.000000e+00  1.000000e+00  1.000000e+00  1.000000e+00  1.000000e+00
 2.378  1.000000e+00  1.000000e+00  1.000000e+00  1.000000e+00  1.000000e+00  1.000000e+00
 2.366  1.000000e+00  1.000000e+00  1.000000e+00  1.000000e+00  1.000000e+00  1.000000e+00
 2.354  1.000000e+00  1.000000e+00  1.000000e+00  1.000000e+00  1.000000e+00  1.000000e+00
 2.342  1.000000e+00  1.000000e+00  1.000000e+00  1.000000e+00  1.000000e+00  1.000000e+00
 2.330  1.000000e+00  1.000000e+00  1.000000e+00  1.000000e+00  1.000000e+00  1.000000e+00
 2.318  1.000000e+00  1.000000e+00  1.000000e+00  1.000000e+00  1.000000e+00  1.000000e+00
 2.306  1.000000e+00  1.000000e+00  1.000000e+00  1.000000e+00  1.000000e+00  1.000000e+00
 2.294  1.000000e+00  1.000000e+00  1.000000e+00  1.000000e+00  1.000000e+00  1.000000e+00
 2.282  1.000000e+00  1.000000e+00  1.000000e+00  1.000000e+00  1.000000e+00  1.000000e+00
 2.270  1.000000e+00  1.000000e+00  1.000000e+00  1.000000e+00  1.000000e+00  1.000000e+00
 2.258  1.000000e+00  1.000000e+00  1.000000e+00  1.000000e+00  1.000000e+00  1.000000e+00
 2.246  1.000000e+00  1.000000e+00  1.000000e+00  1.000000e+00  1.000000e+00  1.000000e+00
 2.234  1.000000e+00  1.000000e+00  1.000000e+00  1.000000e+00  1.000000e+00  1.000000e+00
 2.222  1.000000e+00  1.000000e+00  1.000000e+00  1.000000e+00  1.000000e+00  1.000000e+00
 2.210  1.000000e+00  1.000000e+00  1.000000e+00  1.000000e+00  1.000000e+00  1.000000e+00
 2.198  1.000000e+00  1.000000e+00  1.000000e+00  1.000000e+00  1.000000e+00  1.000000e+00
 2.186  1.000000e+00  1.000000e+00  1.000000e+00  1.000000e+00  1.000000e+00  1.000000e+00
 2.174  1.000000e+00  1.000000e+00  1.000000e+00  1.000000e+00  1.000000e+00  1.000000e+00
 2.162  1.000000e+00  1.000000e+00  1.000000e+00  1.000000e+00  1.000000e+00  1.000000e+00
 2.150  1.000000e+00  1.000000e+00  1.000000e+00  1.000000e+00  1.000000e+00  1.000000e+00
 2.138  1.000000e+00  1.000000e+00  1.000000e+00  1.000000e+00  1.000000e+00  1.000000e+00
 2.126  1.000000e+00  1.000000e+00  1.000000e+00  1.000000e+00  1.000000e+00  1.000000e+00
 2.114  1.000000e+00  1.000000e+00  1.000000e+00  1.000000e+00  1.000000e+00  1.000000e+00
 2.102  1.000000e+00  1.000000e+00  1.000000e+00  1.000000e+00  1.000000e+00  1.000000e+00
 2.090  1.000000e+00  1.000000e+00  1.000000e+00  1.000000e+00  1.000000e+00  1.000000e+00
 2.078  1.000000e+00  1.000000e+00  1.000000e+00  1.000000e+00  1.000000e+00  1.000000e+00
 2.066  1.000000e+00  1.000000e+00  1.000000e+00  1.000000e+00  1.000000e+00  1.000000e+00
 2.054  1.000000e+00  1.000000e+00  1.000000e+00  1.000000e+00  1.000000e+00  1.000000e+00
 2.042  1.000000e+00  1.000000e+00  1.000000e+00  1.000000e+00  1.000000e+00  1.000000e+00
 2.030  1.000000e+00  1.000000e+00  1.000000e+00  1.000000e+00  1.000000e+00  1.000000e+00
 2.018  1.000000e+00  1.000000e+00  1.000000e+00  1.000000e+00  1.000000e+00  1.000000e+00
 2.006  1.000000e+00  1.000000e+00  1.000000e+00  1.000000e+00  1.000000e+00  1.000000e+00
